1.0 -0.16624534258844248 0.500006785023 -0.899703034225 0.00022784238557997137 0.00011491286548952224
1.0 0.16629844069827432 -0.49997637681 0.899800287425 0.00015211858386091198 9.99078884186341e-05
1.0 -0.16623315841492037 0.499980906682 -0.89964786202 0.00046307213710767073 0.00010838412452100571
1.0 0.1662759332030974 -0.499971005341 0.899740802191 0.0003199290459989554 0.00012143615974481711
1.0 -0.3326116163163769 5.55961806257e-05 -0.79973884392 0.0003118888692312909 0.0001381676894428871
1.0 0.33260114286540116 -0.000101040812844 0.799759107702 0.00047480074585945275 0.0002554061256253447
1.0 -0.16630100886645133 0.400002613238 -0.799832698385 0.0002413283922096606 9.531864143233132e-05
1.0 -0.5257898410795575 -0.470684177846 -0.793448844324 0.0003666331594415476 0.00032150031078168333
1.0 0.49908125000623893 0.400011354106 0.799907395909 0.0004248994662122868 0.0004050663115103252
1.0 0.16633619217220352 -0.400001421475 0.799916096272 0.0001978259777405672 7.635390167670638e-05
1.0 0.499100803492354 0.400041208769 0.799924552819 0.0007595943924886513 0.0006002765355553738
1.0 -0.1663291881914425 0.399960578741 -0.79985841418 0.00039310042137781514 8.551279437089424e-05
1.0 -0.49905811329377875 -0.40000233413 -0.799860789321 0.0002650672578159342 0.00033778319318010573
1.0 0.16634701635663718 -0.39995737464 0.79989807354 0.0004672951236246446 0.00012961135404400764
1.0 -0.49903331942370793 -0.399974420371 -0.799829092286 0.00027464560899806623 0.0002792850280190491
1.0 0.35861197157887614 0.135561751554 0.726632988625 0.0004507434221897459 0.00022746636664202884
1.0 0.11509995699830972 -0.419839603751 0.696569287598 0.0005647588298398342 0.00014176312957518708
1.0 0.6342562750734778 0.731186669536 0.793727353513 0.002218779386048755 0.001833972459768865
1.0 -0.2496496491817965 -0.200198064124 -0.400023432845 0.00038491709247187415 0.00011867347142645871
1.0 -0.16642944588985784 -7.69375917008e-05 -0.400061942952 0.0006909162044880828 0.00015606951454281845
1.0 0.16634842646948278 -2.82725436903e-05 0.399972361715 0.0005202116286995127 0.00013010478068514291
1.0 -4.446578246020815e-05 0.799781535736 -0.79988844283 0.000519771903714217 0.000136890793507168
1.0 1.481822238952766e-06 0.499495909662 -0.499492346983 0.0006356779567335893 0.00015396349011475246
1.0 -0.08325637136818584 0.199908553657 -0.400078127372 0.0005460187083714406 0.00011533823497609049
1.0 0.08305296731200885 -0.200240438521 0.399920976952 0.0007761730308088853 0.0002203557399291692
1.0 0.830195307197469 0.998000728154 0.998000755108 0.004474234629591798 0.0040350935308419425
1.0 -1.3612308451324576e-05 -0.500000743441 0.499968015976 0.0004766940988197939 9.723803809587245e-05
1.0 -0.7483136660002743 -0.899568306491 -0.899568805382 0.00035494830115877246 9.56111320883179e-05
1.0 1.816741327420896e-06 -0.499501865182 0.499506233092 8.997434164066254e-05 0.00014558073174136997
1.0 0.49910764753835407 0.599991103591 0.599991112831 0.00043469137039384257 0.0003895347707837655
1.0 -4.4133571960011504e-05 -5.32285340701e-05 -5.28798410678e-05 0.0007649544209923578 0.0002049353072341803
1.0 0.6653145398489646 0.799792895488 0.799793125851 0.0024523988464175478 0.002060798612651446
1.0 -0.6652742318574514 -0.799744603788 -0.799744506848 0.0004298444062382698 0.00025611324356504235
1.0 -0.6653725656342832 -0.799862764462 -0.79986276568 0.00034967102376701024 0.0001966689272999109
1.0 0.49913199802872565 0.600020363324 0.600020397894 0.0009829066040949997 0.0007200177034761095
1.0 1.0111739241739823e-07 1.20921763909e-07 1.22190264669e-07 0.000809360324244703 0.00021395771756783127
1.0 1.0113333485815931e-07 1.20945405263e-07 1.22204953013e-07 0.0007221671118312378 0.0001801163404240356
1.0 1.0127082416196459e-07 1.21129378948e-07 1.22351538718e-07 0.0008391289018190187 0.0002885730772241009
1.0 1.0111602797370795e-07 1.20916716917e-07 1.2219203119e-07 0.0009797239682024362 0.0003316986387340628
1.0 1.0117359430075222e-07 1.2097214812e-07 1.22275004135e-07 0.0007821027127690668 0.00019872395863671253
1.0 1.011021470456991e-07 1.2089943421e-07 1.22175940602e-07 0.0007509879739495713 0.00018450819187320282
1.0 1.0111844568157522e-07 1.20918013158e-07 1.22196547736e-07 0.0008498263104418664 0.00022777677026776432
1.0 1.0096036897692036e-07 1.20706276316e-07 1.2202822782e-07 0.0010106461844474222 0.0003160088552896446
1.0 7.975388746390531e-08 9.65992042856e-08 9.51495038723e-08 0.001046171698286291 0.0004944559254390563
1.0 -0.8062727167425752 -0.969242733008 -0.969242734905 0.000512009684785749 0.0002020786462212862
1.0 -0.3639400621356372 -0.437502219052 -0.437502611189 0.00015549052583845466 0.00020623203604608396
1.0 7.818971975499027e-08 9.48400673307e-08 9.3147982293e-08 0.00021134997754796263 0.0003872065012393835
1.0 0.16640077547654866 0.20003497356 0.20003497599 0.00029444488192585574 6.351545472285405e-05
1.0 -0.3639946194686106 -0.437567999996 -0.437568000003 0.00045641202467651496 0.00032229304265491847
1.0 0.36314778760853983 0.436549999997 0.436549999998 0.0004938700808737312 0.00022491801250405273
1.0 -9.450103085907964e-08 -1.13493976198e-07 -1.1371062991e-07 0.0003761669986803724 9.993610006387429e-05
1.0 -2.4239486690136282e-09 -3.67050658542e-09 -2.1572848954e-09 0.0005419819469551211 0.00011094845791457567
1.0 0.7069346285953717 0.849825672617 0.849825668474 0.0016552615349484854 0.0013972013732906196
1.0 0.7484540410304601 0.899737307658 0.899737301628 0.002138399102979493 0.0018296616509096046
1.0 -0.3640094444644071 -0.437585851205 -0.437585791869 0.0001725000208067227 0.00019503112367941168
1.0 2.2033742465401772e-05 2.65408380851e-05 2.64339044381e-05 0.0006418131397639105 0.00014426235971429387
1.0 0.36400226679036285 0.437577200796 0.437577185317 0.00019046162502004584 0.0001246150004670971
1.0 2.177040248530177e-05 2.62106336146e-05 2.61309723607e-05 0.0006482551501871988 0.0001467638275326816
1.0 0.41596869657379654 0.500047452012 0.500047499325 0.0002000506606004619 0.00020102745634747757
1.0 0.8064900530973451 0.969503999999 0.969504000001 0.0035984253442205836 0.0031906354654523588
1.0 -0.16635518460767257 -0.199980174996 -0.199980162465 0.0002819597336991882 7.023940690347363e-05
1.0 -0.499091594706239 -0.599971830692 -0.599971790623 0.0002636213297387682 0.0002687877322764614
1.0 0.665358818452053 0.799846238327 0.799846240079 0.002646643942331443 0.0022284290511495088
1.0 0.7899213607468585 0.949586305767 0.949586327518 0.002890472883321367 0.002527115568369344
1.0 2.1740082317797346e-05 2.59902617848e-05 2.62784467665e-05 0.000605799279056169 0.00013015663537691
1.0 0.8270724445334248 0.994246477574 0.994246846517 0.004302868490382399 0.0038705496487602595
1.0 -0.665287005578177 -0.799759895663 -0.799759926259 0.0003296660520619347 0.00018434807812789823
1.0 0.7982139956077257 0.959555089678 0.959555155081 0.003348916520251999 0.0029527354929059224
1.0 0.665381569443416 0.799873613923 0.799873563675 0.0011355038749678212 0.0009714814145091502
1.0 0.08314511753605291 0.199950180789 -4.80896916813e-05 0.0007725882486293997 0.0005369079398047343
1.0 -0.6653896258802036 -0.799883141338 -0.799883405991 0.0003595703298348552 0.00018226058269717787
1.0 -0.36399681522750443 -0.437570604757 -0.437570674407 0.000672067152187202 0.0003010457313951309
1.0 -0.4990792091119292 -0.599956872698 -0.599956970486 0.0002569844213526097 0.0003336413239278098
1.0 0.6653833988576903 0.799875676879 0.799875899098 0.0012897987378049024 0.0010887392699602816
1.0 0.665415301043531 0.799914264418 0.799914012559 0.002505760491034824 0.0021077511507055077
1.0 0.08314379127753302 0.199950923174 -5.20207407823e-05 0.0008670533085404069 0.00026301775129498005
1.0 -0.36397089395637167 -0.43753905849 -0.43753989932 0.00016652580912402572 0.00019940931439340882
1.0 -0.665643013058407 -0.800507256936 -0.799868497864 0.00041817615538189775 0.00026149200173731976
1.0 -0.14381164178328318 -0.244009450608 -0.101750454105 0.0005508618109653677 0.00012294808542409548
1.0 -0.12480358844242964 -0.300027884029 -3.18073325862e-05 0.0005533135743389702 0.00010805727979311825
1.0 -0.08322856813270824 -0.200049571205 -5.31564332134e-05 0.0014507256328524622 0.001491474818114996
1.0 0.1247388738043095 0.299950734213 -4.6633364341e-05 0.0007684936350822833 0.00022032635244469183
1.0 0.05795733723626549 0.458944178229 -0.319599941895 0.0006589187326879816 0.00017325928067949708
1.0 5.6853221415799924e-06 -0.599969375919 0.599983044885 0.0002984854207602756 7.914657522863139e-05
1.0 0.561538567358938 0.68240516816 0.66767691932 0.0013393227606655015 0.0010667295087106487
1.0 -0.00031035663685844534 -0.800529034589 0.799782857994 0.000518758188271946 0.00013579243451975506
1.0 4.708206407967879e-05 -0.899630844556 0.899744041859 0.0005519063330788243 0.00021106494038227754
1.0 2.2356389345152158e-05 -0.79984246617 0.799896216638 0.0002534169635362412 0.0001110319570299702
1.0 3.359079352212142e-05 -0.59991105657 0.599991817414 0.0005604739753718136 0.00013078488947798045
1.0 6.69951946106156e-05 -0.799757681307 0.79991875486 0.0003700597222930183 0.00011842133279567311
1.0 0.00010280458736280107 -0.799706344643 0.799953513119 0.0005323906338853448 0.00014312365369807296
1.0 4.2549753424785575e-05 -0.899685955589 0.89978825606 0.00022278407104021848 0.000143558556063033
1.0 0.3305336920669911 0.506666394986 0.288020992324 0.000616028734295285 0.00028340256161563744
1.0 0.08310736667132745 0.599871701123 -0.400060372743 0.000674474688236401 0.00019032068328951975
1.0 0.4158233589483717 0.599857590977 0.399887931601 0.0005235013230217505 0.00032533172132263394
1.0 -0.41610026788216814 -0.600419715134 -0.399991567221 0.0003912601659180933 0.00021416723311215433
1.0 -0.08339342384400882 -0.60044573861 0.399946655751 0.0004916091604487391 0.00010931478763346088
1.0 -0.24953738559035588 -0.5999577114 6.12476786775e-06 0.00020257880450440835 9.7681551499839e-05
1.0 -0.24954849465819878 -0.599968038285 -1.02573825843e-05 0.0003193335198457164 9.000902960088969e-05
1.0 0.24955047191655008 0.599980017325 3.03217649277e-06 0.0001883831853049865 5.9557819396845364e-05
1.0 -0.3639297817000266 -0.62496553542 -0.250014578029 0.0002692990095530025 0.00013049223309183995
1.0 0.24954566267533784 0.599964597756 6.88910172714e-06 0.0004423977609272336 0.00012025194775234313
1.0 -0.3639108907849734 -0.624943094889 -0.249991599977 0.00018239155013053757 0.00017705041194710714
1.0 -0.24971408282163376 -0.600395197698 1.8785807689e-05 0.0004043559436303997 0.00012626180079022958
1.0 0.374319217125646 0.649960086792 0.249998882042 0.0001811460378492019 0.00014351071076452898
1.0 0.37432535363697345 0.649960888856 0.250012833718 0.00043855275329807 0.0002270190331292589
1.0 0.5460378242855309 0.779143104361 0.533671239134 0.0011243886950078749 0.0008939094869035646
1.0 0.34965742515398934 0.75268508647 0.0879806378364 0.00041423239653328467 0.0002052505175115767
1.0 -0.12475939955232407 -0.299953615163 1.65175497463e-07 0.0008867122778414613 0.0003773517020131596
1.0 -0.17122897792973452 -0.754550131217 0.342871950237 0.0006090202775694256 0.00014589770842669443
1.0 -0.4027416022087699 -0.768582826408 -0.199710812945 0.00029445250489020154 0.000254879363532353
1.0 0.582233905691646 0.899797939478 0.50004102527 0.001253915697034532 0.0010322215463581452
1.0 -0.5821589828589646 -0.89969091504 -0.499967916089 0.0003732792078177922 0.0002615062278057621
1.0 -0.374189795569026 -0.899655944881 8.13851291628e-06 0.00024366573907037904 0.00018612582287250943
1.0 -0.5821896833891503 -0.899729295006 -0.500003348036 0.0003457679710706813 0.0002817207922893272
1.0 0.3742297456478172 0.89973612622 7.73033751787e-06 0.00035754476506883744 0.00024430100835682656
1.0 -0.37421405134696634 -0.899697323271 -8.80018021692e-06 0.00019111541986891064 0.00023366390883883826
1.0 0.5822267441169734 0.899805253084 0.50001649341 0.0006895973908957069 0.0006384308758813589
1.0 0.3742511797759476 0.89979327394 2.11573408668e-06 0.00015066684679186922 0.0002153478412562344
1.0 -0.20775741056535774 -0.499501999999 1.40554629323e-07 0.0006550749555660406 0.0001408967709906498
1.0 0.20776000758106142 0.499507999998 1.03335190226e-07 0.0011794455210079587 0.0005051507393179321
1.01 0.311298286639676 0.249968490735 0.499963472467 0.00048496222796936796 0.00017178414714014292
1.032 -0.22521157899617922 0.223241389806 -0.783742792673 0.00043211933468544956 0.0001593222667219285
1.035 -0.09782130355942854 -0.228140654772 -0.0023649462548 0.0007503822679746218 0.00019813753363569784
1.08 0.2723686785383548 -0.000137820591851 0.686524741271 0.001161287405663026 0.0005277484995237948
1.109 0.1091992323017599 -0.136747559106 0.434629127864 0.001217598017803966 0.00044443234053092386
1.129 0.2838079064837199 -0.00557946036246 0.74181966415 0.0014216499464999642 0.0006861277528442032
1.147 -0.05090503254000242 -0.10523681485 -0.00913355549311 0.0006724158570737199 0.00014786963008940702
1.151 0.06451805306880526 0.710161815672 -0.671696221914 0.0002866230359149464 0.000792552063059717
1.158 0.37308010796466823 0.799736754383 0.0284620366004 0.0004266052851035595 0.0007966989731791336
1.175 -0.10180600157837262 -0.827690099067 0.734106450265 0.002239706729033385 0.001087876804259422
1.186 0.33491284964360657 0.419942417905 0.380019411669 0.0006517227899805011 0.0002860289365656871
1.198 -0.2701926685501418 -0.207346713189 -0.469549068806 0.00026535836567823497 0.00013033711926217637
1.202 8.358804520629356e-06 -5.04190424195e-05 8.54380825816e-05 0.0005232749157239933 0.00010652539617042115
1.203 0.00270187704030483 0.390150308681 -0.479875258678 0.0001388186345894205 0.00034760794626324793
1.217 -0.014180146448693799 0.380153489028 -0.519877052065 0.00016721598831087763 0.00026604658631849493
1.218 -0.006932050359539877 0.330838968281 -0.438154943537 0.00016264824764413493 0.0002591587488960341
1.22 -0.007637828221865348 0.330010802199 -0.439871970754 0.00022852010089364922 0.0001842114866373397
1.221 0.00010355041930173664 0.000145609380623 9.70591619125e-05 0.0010411756425573735 0.0003528749679351259
1.221 -0.007526416986964275 0.329976580046 -0.43994832522 0.00019601465360813666 0.00021046992119057035
1.228 -0.023059417651384605 0.310072260694 -0.459918925798 0.00019624492642692315 0.00016826098380509608
1.228 -0.06227819897289881 0.319971950994 -0.579849149789 0.0002254712100843077 0.00026369437438328785
1.246 0.46929602189059694 0.411928577093 0.759272586604 0.001853076131813714 0.0012250151944737412
1.25 -0.005501037916706544 0.600073302049 -0.799778727755 0.0005235241038688264 0.0012739511762912567
1.25 0.2891983110558109 0.000151919629602 0.799992469376 0.0032124103546346725 0.001996168799483513
1.25 -0.572698860189509 -0.600343576112 -0.799705774072 0.0003692638102439337 0.00025129611837158627
1.25 0.19461054741611464 -0.200029263751 0.799999064759 0.003801156547001744 0.002341211972521532
1.25 0.1000258978450243 -0.400165224501 0.799955150829 0.0037863313230093844 0.0022357316122877074
1.25 0.4782062413489113 0.400139285381 0.80000583972 0.002339956683148135 0.0016193678335576823
1.25 0.005437592324696244 -0.600308998951 0.799911337065 0.004318810374651349 0.002565116921354152
1.25 -0.19464754118317207 0.19983738201 -0.799850550678 0.00016226483797230165 0.0003533076025799324
1.25 -0.3837274474045108 -0.200311794727 -0.799851515689 0.0002577023228209332 0.00036091303397790115
1.25 -0.2891421317908825 -0.000149024791456 -0.799840810175 0.0001581248540510105 0.00034444692090201446
1.25 0.013387711937591274 0.380123742053 -0.459944817719 0.00016698502029192634 0.0006239506288166821
1.25 0.14461019596112606 0.00010506770919 0.399988726055 0.002012565669585638 0.00097715236798054
1.25 -0.144611324930712 -2.50830978559e-05 -0.400096424635 0.0002899543302916866 9.717066808448105e-05
1.25 -7.370490859990373e-05 -0.00013651341692 -2.54535974111e-05 0.0012870970179314184 0.0004979296207611929
1.25 -0.5227307991851342 -0.800380232098 -0.399912485223 0.0004012370619462578 0.0001939959412945392
1.25 -0.00017341069539842687 -0.000192360521025 -0.000228315852947 0.0013810527378457635 0.0006368838255557071
1.25 -0.23364301232426193 -0.800402621097 0.400002069057 0.0017842036437251323 0.0007547965654964238
1.25 0.233358340037164 0.799762677154 -0.399953050886 0.0013427032519904391 0.002369711698053834
1.25 0.5224682576287891 0.799747589575 0.400013191404 0.0007451499636235297 0.0010002987858037532
1.255 -0.1942330678881368 -0.799743761785 0.511790929031 0.0020211584680353443 0.0008920241591074102
1.272 -0.04743630741902903 0.320013016037 -0.560017849765 0.0001684729612393212 0.000324484740578639
1.279 0.11372035930763161 0.292827487717 -0.0740730406375 0.000362679637865535 0.00010028479352380637
1.282 0.062419374250814584 0.723734029888 -0.799746224993 0.0013280099138499697 0.0024759502009767302
1.283 0.28874544420021264 0.00967397539295 0.799765563861 0.003781646291541932 0.002438702961138543
1.31 0.15075006349053413 0.961208802868 -0.899107859547 0.005282621846531569 0.007386585858856716
1.326 0.14638230770448662 -0.0949460823579 0.55447978185 0.003183957485833181 0.0018170576846795526
1.33 -0.6559348840259709 -0.775210026528 -0.799590852351 0.0004157264492104216 0.00015139187265782546
1.386 -0.020313674577926252 -0.58129509439 0.799911831499 0.00644938874937259 0.004212733140763715
1.399 -0.282606522812519 -0.710930082225 0.22042719202 0.0018648080599352804 0.0007821913958008074
1.41 0.38503374700865267 0.500003562202 0.399998684378 3.9146294770628724e-05 0.0002017036581414936
1.45 0.6137908669136177 0.697763404354 0.787668362791 0.0025283795878777385 0.0020104886530405847
1.466 -0.018468220303775727 0.0277508017529 -0.100836195709 0.0010275758485501127 0.00032160661216682884
1.5 0.796377092655029 0.949893478455 0.949303274786 0.004034632519629911 0.003593003493747195
1.5 -0.35924303942674973 -0.200141045564 -0.79961715359 0.00017070215996634977 0.0003417066806645875
1.5 -0.2553267999637499 -2.40141393725e-05 -0.799626364917 0.00020797760419208152 0.0006674983891392065
1.5 -0.047658391303090616 0.399892804657 -0.799642682775 0.0009631039789557588 0.0020577661662771513
1.5 0.2552580080113869 -0.000163735472698 0.799716266708 0.007562321820905612 0.005481215256954662
1.5 0.05619160724573058 0.599866435099 -0.799626130622 0.003080036465131996 0.004863002367381854
1.5 0.15132307189702018 -0.200319096228 0.799729259729 0.00859589071033693 0.00617796601631933
1.5 -0.09992000318616 -0.499517 0.499464999999 0.005232114569391556 0.0032252389565687067
1.5 0.0999250346889076 0.499522999998 -0.499459000001 0.0017648654863150458 0.0031280584781795137
1.5 0.5668091867437841 0.599684099132 0.799888446923 0.0034811545397030134 0.0027184915895852612
1.5 0.415439274545979 0.80007627199 -0.000106364098602 0.004156879013412307 0.00552679355245243
1.5 1.521134936561416e-07 1.47347113534e-07 2.36765414661e-07 0.001227760197732461 0.00042936102227629253
1.5 9.449549150606011e-08 8.64427645114e-08 1.55363889098e-07 0.0012023575322120937 0.00039663809152164713
1.5 4.7801079302782506e-05 3.19013830056e-05 9.78256321077e-05 0.0011086563944757144 0.00036169798952378747
1.5 -0.5433529692123791 -0.800477735367 -0.399857317341 0.00046292674697740875 0.00015500661402540185
1.5 0.4192865836905806 0.499985954748 0.500005768637 4.833548028357916e-05 0.0002213276881549822
1.5 0.12772190393907806 -7.89224863575e-05 0.400144299241 0.0034331061861724416 0.0019687230494742727
1.5 0.28756357225448037 0.799731332477 -0.400042985726 0.006650830740517885 0.0087243321524267
1.501 -0.2594840614588968 -0.499523999999 1.33703095489e-07 0.0011648047167688853 0.0003697276970552454
1.501 -0.259481957053231 -0.499520000002 2.1691434624e-07 0.0013288813795197427 0.0004875470042998515
1.501 0.25948417914219246 0.499524000001 2.35041657142e-07 0.00013545376146648048 0.0003925873457895065
1.501 -0.25947933413000446 -0.499515 2.97155851127e-07 0.0007855156703790664 0.00018790873923571014
1.501 0.25947847241292443 0.499512906015 4.11085265413e-07 0.00012992651506735345 0.00043322152974282585
1.518 -1.045630635367115e-05 3.19251523287e-05 -8.56914900576e-05 0.000895590105360766 0.0002514549406638183
1.519 -0.6305182516712078 -0.728628690705 -0.789301138518 0.0005253923934605831 0.00012643846887597682
1.524 0.23795117372596122 0.0101729142906 0.736746439061 0.007860772926702524 0.005703336539732701
1.548 -0.5184848326136636 -0.799842483725 -0.309608332274 0.0006384900888225705 0.00018875290731361466
1.55 -0.5433750850026878 -0.556963537106 -0.799605839673 0.0002867326409478483 0.00023797060729332796
1.593 0.053473090161781235 -0.327588339957 0.747191606962 0.6636406284297725 0.6667213941513289
1.63 0.12592387162264584 0.400006079655 -0.299983545203 3.192944767724673e-05 0.00033097679765225417
1.66 -0.09822807985424456 0.199296208987 -0.696451973086 0.00035740414738516296 0.001094984810030004
1.708 -0.21175339341249338 -0.787563932112 0.767468791042 0.0074527096316144015 0.0049887995700736345
1.75 0.5638163627534117 0.60019045799 0.799745803546 0.004677085195481367 0.0037103894579411244
1.75 -0.22846362145645138 0.000140338338325 -0.799604621306 0.0001954884120309487 0.0007124777426817896
1.75 0.10666401377469398 0.600135129331 -0.799594401832 0.007781530475332164 0.010470750792024242
1.75 -0.1167633512360188 0.200120098955 -0.799596340115 0.0007075082453718348 0.001716398305570013
1.75 0.4520782640610552 0.400069974645 0.799880170968 0.0074466834091057345 0.005839386787718338
1.75 -0.10673056127546172 -0.60033405856 0.799750317529 0.01094978411403145 0.007873212081458388
1.75 -0.45210711032550327 -0.400215110803 -0.799697471412 0.00019248578628821837 0.00024503665877598745
1.75 0.34032134833333916 0.19995045192 0.799946825601 0.010237633696758232 0.007978330751992392
1.75 -0.5638831292235241 -0.600338007814 -0.799691059416 0.00032369598706124305 0.00014998762629154524
1.75 0.11439545226602184 0.000201870033387 0.399843228605 0.00559141148102607 0.003623650159298753
1.75 0.11677856650892088 -0.200272386321 0.799947173544 0.013860527439328299 0.010603132239689032
1.75 0.2285458154716538 -0.000170754961429 0.799951635257 0.012384259167282145 0.009564614193799226
1.75 -0.3327622339136893 -0.800442597331 0.399980064359 0.003531393078983968 0.0019467639254496074
1.75 -0.11436806104061967 -7.61016936479e-05 -0.399993170413 0.00035732615504461456 8.089898568344175e-05
1.75 -0.5615037026095012 -0.800622655698 -0.399970548673 0.0006981817154729256 0.00021517286249277402
1.75 0.3324760625824941 0.799926319134 -0.399972388827 0.015496307968739059 0.018439694972242966
1.75 0.5609866144095086 0.799632484984 0.400096389713 0.0024486217110460703 0.0031748279249838945
1.776 0.10032535768806311 0.0332284492026 0.288764149284 0.0038722371320177385 0.0022814166055270344
1.78 -0.3380120712965579 -0.399972321385 -0.399963393192 9.134082534696695e-05 4.245575200250906e-05
1.787 -0.2219568815079683 0.00090596634782 -0.790457297091 0.00017301100660337097 0.0006584912546640403
1.83 -0.17427419270594569 -0.499967317873 0.40000742801 0.0001476059551504432 5.864842206471561e-05
1.832 -5.059493083627985e-05 -0.000150020652343 0.000126418627088 0.0018112873660032917 0.0007402239838478375
1.851 0.6414876272606606 0.79988131933 0.669003141585 0.0010472584443464554 0.0010176095371538976
1.897 0.18924761568940845 0.698848833364 -0.79966622506 0.018193531707327425 0.021928336417325483
1.929 -0.19869277396914467 0.0154184087181 -0.781343997741 0.0002686610602267313 0.0009533947797583981
1.949 0.148423941096555 0.00852399236697 0.543855385016 0.00966192306436867 0.00703003581380271
1.973 0.5037407441297147 0.799807974071 0.12627468861 0.009823252351068856 0.011609568011950169
1.981 0.16541928557636942 0.245785322589 0.0787364543979 0.0011336759508866732 0.0003960711036534601
1.994 -0.047256500034354096 -0.0210236458802 -0.134366672087 0.0015015262651294455 0.0005520958221485172
1.999 5.954429954604934e-05 -0.371315271613 0.849659288808 0.015850366391858703 0.012102622402190271
1.999 8.203204465968839e-05 0.37145859092 -0.849439893697 0.00431638327792849 0.006541970519572763
2.0 -0.00010145255686527105 -0.37139537059 0.849721809296 0.01663192860880437 0.012788962870394943
2.0 0.29589471482850155 0.128673834147 0.849670254084 0.015050254067946545 0.012076631639694217
2.0 0.0001793098471936927 0.37147155462 -0.849595124588 0.0035397458400833796 0.005563024217048649
2.0 0.29585824055215837 0.128627664472 0.849634892127 0.016680952159983945 0.013535537841125482
2.0 0.20689388501703215 0.000215974893051 0.799547772535 0.017896517068574692 0.014348339372405884
2.0 -0.29588544285571783 -0.128687213665 -0.849603774745 0.00014259209147780754 0.0006500685021311449
2.0 -0.2958863652288318 -0.128717085261 -0.8495389662 0.0001586557763489607 0.0007011578964381312
2.0 0.29604983249131267 0.871258476436 -0.849486399889 0.05300730976616249 0.0584449319831956
2.0 0.22184204517083977 0.199988949495 0.400076092558 0.004882761596446337 0.0031739732212810916
2.0 0.680451512995349 0.800085834633 0.799876487708 0.0026283279934125998 0.0022017422138746255
2.0 -7.163452187589381e-06 3.40155474133e-05 -0.000105561180295 0.0020367751410289505 0.0008796694375099507
2.0 0.3551826250449902 0.600070882447 -8.34279936843e-05 0.0025734034837480526 0.0038071799117415225
2.0 -0.2960089346456312 -0.871278761122 0.849690979699 0.007622306764931847 0.005073131278815874
2.0 -0.20685110819037902 -0.000123623232039 -0.799593748456 0.0001934120294062469 0.0006823912566466064
2.0 0.10339682350216041 -8.5587540528e-05 0.400023168065 0.007867294799034565 0.005435583711061178
2.0 -0.1034603305751458 -6.90351522463e-05 -0.399914817617 0.0003998429086998315 7.191212924185993e-05
2.0 -0.34045464266501774 -0.400434275003 -0.399927521059 0.000837113690605337 0.00021367103220121765
2.0 -0.29597925415316223 -0.871221610864 0.849674936374 0.008721975613184494 0.005972791524964851
2.0 -0.01509861757114159 -0.200242586132 0.399964801451 0.008550695308819007 0.005863164075876007
2.0 -0.7227946639963816 -0.849880769496 -0.849634791056 0.0013635373833446463 0.0006592987912620835
2.0 -0.6807062472156116 -0.800616864829 -0.799646010613 0.0010051366094002167 0.0004007993637747192
2.0 -0.26703899410799803 -0.800515276369 0.799739693408 0.01007863086637602 0.007076824912619654
2.0 0.2000818197721121 0.60007319103 -0.599851141794 0.010534764039237336 0.013437215444712032
2.0 0.1551978613444774 0.000145817738971 0.599803964671 0.011211035951635346 0.008354904769463023
2.0 0.3402245430532528 0.400042605275 0.399934265816 0.002080693916715178 0.001190191285787181
2.0 0.2960112267759666 0.87126253279 -0.849644969994 0.04580228414952167 0.05088875368795493
2.0 0.7228389424987217 0.849873592271 0.849822440966 0.0027472887888572053 0.0023533566091323305
2.0 -0.07756520281409846 1.92859436652e-07 -0.299938887313 0.0008406331098546872 0.00018420360315011096
2.0 -0.51030133353847 -0.600002665895 -0.599904377718 0.00040993542128479844 7.305720537670204e-05
2.0 -0.0775737383594137 1.06466685453e-05 -0.299995822076 0.0005232897913908656 8.804555510419404e-05
2.0 0.11832620819612269 0.199855451192 9.41905622539e-05 0.0010876858744601902 0.0003609027829755991
2.0 -0.11831191412571791 -0.199811656237 -0.0001391620197 0.002917784600126405 0.001746441201260649
2.0 -0.15511342421200752 6.86286135106e-05 -0.599968315015 7.023520644337183e-05 0.00028527769389856834
2.0 0.4252860943973796 0.500050226443 0.499945709823 0.0017965970827820785 0.0010801065171179352
2.0 -0.2551935748302301 -0.30005110733 -0.300004178668 0.0011403928329998417 0.0003337917159146765
2.0 -0.17759152558003932 -0.300023644158 1.38869513916e-05 0.0027996043034859003 0.0013566001642862538
2.0 0.10002220570391149 0.300059917345 -0.300051281524 0.00018233116528035918 0.0006795397665872278
2.0 -0.10002228570651424 -0.30005038766 0.300029158965 0.006307517778856735 0.003989536795328435
2.0 0.17757338533923694 0.299997007533 -2.30632884488e-05 0.0003839617924344144 9.199654341119288e-05
2.0 0.42485489862426545 0.499537454078 0.499452032494 0.001027303784607825 0.000516217785384707
2.0 0.1551368553888128 -2.34575632498e-05 0.599955526173 0.010179232783273512 0.0074572164675134125
2.0 -0.42485634910204917 -0.499537354331 -0.499457869694 0.0007100192594442818 0.00016332088508867192
2.0 0.5102758974698447 0.600006121693 0.599798108242 0.0017033264656729722 0.0011462670636665315
2.0 0.13338620670143067 0.400118024197 -0.400065697153 0.0014451278382217891 0.0027013331208428845
2.0 0.2000384135526962 0.600021501444 -0.599900674092 0.012049336862331346 0.015139633587073287
2.0 -0.15516440257851005 -5.83816592072e-05 -0.599874721154 7.441125307762391e-05 0.0004668511359991244
2.0 -0.20003838841555163 -0.600025546151 0.599910029522 0.0077379171002015055 0.005147193773337352
2.0 0.25512576425279937 0.299963708058 0.299942015187 0.0021426686506722096 0.001112903537369503
2.0 0.07758451713992401 3.19079256889e-05 0.299940096426 0.0053302297685762804 0.003355820992157
2.0 0.09999436469970896 0.299963567495 -0.299938398222 0.00011127947366746716 0.0005553453391007183
2.0 -0.09999238754077092 -0.299962121951 0.299942734926 0.006373040920313942 0.004072284114360077
2.0 -0.25512432528734513 -0.299962175531 -0.299939958736 0.0011101323947875805 0.00031692774330881884
2.0 -0.19999607622358015 -0.599956961112 0.599916658061 0.00787840522918367 0.005273496035381619
2.0 0.014993815825051134 0.200115318349 -0.400078748867 0.00012070702250112364 0.000333488461484292
2.0 -1.3062420068983087e-06 1.85749017003e-06 -9.30287910028e-06 0.0017848711765561349 0.0007209177567090755
2.0 0.3551720045971039 0.600024488477 -1.83018551306e-05 0.0033119154974600978 0.004724970794789498
2.0 -0.42527462349182793 -0.500013627149 -0.499985127557 0.0003798753268129871 6.207390061832795e-05
2.0 -0.3551436654037227 -0.599961725541 -1.57754368972e-05 0.001763626812353532 0.0006990131445615624
2.0 0.3551460013737028 0.600006882204 -7.85539534308e-05 0.0025595929171659377 0.0037888885301139257
2.0 -0.3554150355418568 -0.600463016195 8.2298871945e-05 0.0024344262729887878 0.0011426127614257609
2.0 2.3671165739160688e-05 4.1408427413e-05 -3.24828040266e-06 0.0022386531523017924 0.0010040438731375371
2.0 0.2516903358566883 0.600015470105 -0.400153009266 0.0074007479602175835 0.009735280752397315
2.0 -0.4589144463287109 -0.600491829168 -0.400075706301 0.0007586766513359225 0.00021656170194699287
2.0 0.25508608664254084 0.29985095146 0.300046681888 0.002133022452060876 0.0011163826423394069
2.0 -0.22189876904710817 -0.200133850429 -0.399963764877 0.0006813387130833393 0.0001329116737943529
2.0 -3.65853357691e-05 -6.6674636096e-05 1.11438952571e-05 0.002082397955041111 0.0009003390544390401
2.0 -0.35512753196964514 -0.59993249696 -2.02921795026e-05 0.001994089780452126 0.0008617371063877134
2.0 -0.1775586341710643 -0.299962133468 2.79071344433e-07 0.002851284973670917 0.0013988007633404986
2.0 0.17755964255845924 0.299963578864 3.11809220679e-07 0.0003552684518061861 6.299645000200946e-05
2.0 -4.0112338134526114e-05 -7.01521110662e-05 5.46510638418e-06 0.001995100952594691 0.000848248478974771
2.0 -4.175874521034002e-05 -7.90813341498e-05 1.95373356626e-05 0.002071174257595283 0.0008958623502114248
2.038 0.38661484522008754 0.430162915007 0.50994327352 0.002535718987829163 0.0015623667451845806
2.038 0.1266055412551977 0.430140353244 -0.510018097152 0.002943263976027311 0.00468171247592972
2.208 -0.3853237574104173 -0.474095398048 -0.38911090609 0.0010556416011647013 0.00031769030924945734
2.23 -0.15777899597393824 -0.56238403105 0.799554209014 0.0139758544253104 0.010287474630968471
2.259 0.662518791197663 0.763095723272 0.799568016005 0.0030253371637356252 0.002481451541521592
2.267 0.5080432741059961 0.514755640904 0.799510049216 0.010089641200094621 0.008328721478536609
2.316 2.9486622278744967e-05 6.22617712351e-05 -4.15578818604e-05 0.0024199820024445257 0.0011062122619139795
2.325 -0.1625338347679908 -0.125615840471 -0.363345074365 0.0009586358929013163 0.000291585234940907
2.352 0.3263569503478905 0.800164113854 -0.784292410454 0.058472654804538685 0.06398104790018101
2.366 -0.5323304910896185 -0.799785891291 -0.11600264217 0.001691925639723858 0.0008097855916966798
2.396 0.15201530255629603 0.239308345705 -0.000472719594595 0.0010197816667875336 0.0003480433712339404
2.454 -0.6745840940056179 -0.799831582259 -0.733597821054 0.001693241955865532 0.0008356846620621557
2.5 1.142980050424705e-07 9.3726223667e-08 2.47751085117e-07 0.00283679148739981 0.001374512413985524
2.507 -1.7011349114714446e-05 -4.65916814044e-05 6.04868629585e-05 0.00275346973684632 0.0013209818462576752
2.631 -0.41954788032507384 -0.79991670978 0.510738937044 0.005023411521014392 0.0030609302288487268
2.883 -0.4587774864342229 -0.44868306762 -0.799533418989 0.00039854449222409067 0.00014145556454789746
2.901 -0.3236089409177519 -0.560337195822 0.297379597643 0.006078543278204653 0.003707527206747495
2.983 0.25463575259211596 0.469939519226 -0.359902056062 0.0057695650080815675 0.008006135671064249
2.995 0.6419201112362349 0.744987082743 0.696692219616 0.001538367650876394 0.001246865684789539
2.999 0.00012008783663269157 0.231380430006 -0.849251403379 0.002681013191775851 0.004593588465606697
2.999 0.3434162239312174 0.268689637723 0.849525445855 0.025027906436820003 0.02113476200587081
2.999 -0.3434404033186426 -0.731289774044 0.849542066773 0.00761984772523827 0.004934850218784484
2.999 6.225602656503848e-05 -0.231199993194 0.849563739591 0.026468080367920727 0.021143899965768174
2.999 0.7426858653331663 0.849987828485 0.84947784932 0.0009192362146544366 0.0008905265210014446
2.999 -0.3435141918534375 -0.731394180144 0.849530971991 0.008976098514395483 0.006015758944952175
2.999 -0.7426963443664183 -0.850025099674 -0.849396984822 0.00434117976716218 0.0032712828418151358
2.999 7.600560001046197e-05 0.23135178926 -0.849381937063 0.0038805985956968663 0.006165626780636841
2.999 -0.34341753538609576 -0.268707748195 -0.849465936656 0.00019406431862793437 0.00022824769601132892
2.999 -1.6013851443709426e-05 -0.231337470049 0.849650153905 0.023891275109968413 0.018827048426977345
2.999 0.34353293474791363 0.731358901349 -0.849301157937 0.08160188543762208 0.0879746527319189
2.999 -0.34340120315376416 -0.268723451925 -0.849320915947 9.324033582478726e-05 0.0003448287328069142
2.999 -3.1842212591578745e-05 -1.4436674344e-05 -0.000117252225354 0.0044362133903029215 0.00246314110502886
2.999 0.34344160705533205 0.268691413956 0.84965466092 0.029015830480089044 0.024809309878559165
3.0 0.16272845403923228 0.400118332157 -0.599804507799 0.0057728447164691 0.00821705958495631
3.0 -0.30002857999166926 -0.600007504898 0.599874699581 0.009192128904378432 0.006118374744656799
3.0 -0.3000406316950199 -0.60001710568 0.599845512278 0.007553722103958327 0.004811947516875404
3.0 -0.3869438880040442 -0.400039351712 -0.599839274216 0.0003690954023821634 5.3193374259015364e-05
3.0 -0.1627269808223573 -0.400131353646 0.599860236395 0.013710486105371553 0.009825185065951807
3.0 -0.5243292703766261 -0.600035049386 -0.599833696756 0.0006738205978060723 0.00015200316557969785
3.0 -0.2621468929654303 -0.299988451426 -0.299928774587 0.002046917112147168 0.0007879317714815281
3.0 0.593115645091031 0.70014907643 0.599905128398 0.0011144624789328089 0.0008847168500697929
3.0 0.056071335721545414 1.93328795586e-07 0.299931168255 0.008748417527916285 0.005916912079192005
3.0 0.5931140087150587 0.700145628486 0.599909044903 0.001118555362919768 0.0008874117500867853
3.0 -0.4365068915937943 -0.499535000001 -0.499355000001 0.000717654299515176 0.00013779515407753222
3.0 0.5930326438927953 0.700034892443 0.599880721136 0.0011738007886059622 0.0009378001965215429
3.0 0.38690415030446246 0.399970909169 0.599878208765 0.009038124928810906 0.006924945715029815
3.0 0.5242877969964481 0.599962449488 0.599878623389 0.0020545805952433605 0.0013584953827280057
3.0 -0.43692525678416705 -0.499970588727 -0.49999228718 0.0009596949170196353 0.0002641043216838209
3.0 0.2498043418137854 0.499544 -0.499371000002 0.012695941806591199 0.015888679165703003
3.0 0.43652024336301876 0.499546 0.499386000001 0.002471264818425343 0.0015438483475495336
3.0 0.11218358288383064 6.19732756504e-05 0.599854872916 0.017973761571276375 0.01390207915110034
3.0 0.4365228041244812 0.499546909933 0.499396354202 0.002418693864668717 0.0015019068271991379
3.0 -0.4365213197482489 -0.499543717859 -0.499400143562 0.0007049666766594086 0.00017664327410415936
3.0 0.3868911529039911 0.399942401104 0.599913438696 0.011112269177725693 0.008765290516674481
3.0 0.16267018120209625 0.400035094305 -0.59981035359 0.006978733638692626 0.009651062257024896
3.0 -0.5242878251227422 -0.599952482296 -0.599915398847 0.0009993010574976884 0.0003271885025546037
3.0 -0.5928737439895619 -0.699849597985 -0.599711622591 0.0014941759291180405 0.0006924722135611094
3.0 -0.11215104316899088 -2.97878523957e-05 -0.59979908147 7.136638460676182e-05 0.0003866578421552468
3.0 -0.162631245189146 -0.400019796971 0.599962415787 0.01215512054283608 0.008513726814880303
3.0 0.300042714583917 0.600009437459 -0.599806193362 0.029886849804251412 0.03428015431540592
3.0 0.1499533236565431 0.29994743038 -0.300056506985 0.00028821049255252514 0.0009595313832906087
3.0 0.30009065505123894 0.600059311023 -0.599733017627 0.02661573426805999 0.030779378357457195
3.0 -0.5928803193116583 -0.699858447602 -0.599714276313 0.001489339204183886 0.0006882982869356643
3.0 -0.5928914892352898 -0.699871915334 -0.599724537552 0.001483282893136828 0.000686117849984804
3.0 -0.5928840760523661 -0.699860591587 -0.599726493348 0.0015044033608114652 0.00070339004393642
3.0 0.2621320827021228 0.299966368345 0.299930698346 0.0036878654792076495 0.0022148245360455623
3.0 0.14999047780208183 0.299966146612 -0.29992653913 0.000504058796808028 0.0013829921614531763
3.0 -0.14998863266978982 -0.29996490158 0.29993183401 0.0076759968031353985 0.004873491568034653
3.0 -0.2621304661859911 -0.299964616889 -0.299928487243 0.0015008794709397077 0.00045746398940200793
3.0 -0.38689555647798896 -0.39996579895 -0.599851017208 0.0008555609191317569 0.0002046746873652252
3.0 0.11219518261366282 4.33454057668e-05 0.59998537033 0.0206188961268067 0.01622666265641865
3.0 -0.11220892728696487 -7.34941479086e-05 -0.599948108885 0.00017926431754044177 0.0001776842076561774
3.0 -4.267687074790596e-06 -1.10599045721e-05 1.78119030986e-05 0.003597747972719788 0.0019090168147108731
3.0 -0.4121456262540191 -0.599953930645 -4.88473555518e-05 0.0021593774407200977 0.0009155542034456453
3.0 -3.827177736927211e-06 -1.05530324988e-05 1.83057071454e-05 0.0036050788248804646 0.0019082912741042299
3.0 -0.33738517463699447 -0.599972302918 0.399920723315 0.005166352381737387 0.00298664585605682
3.0 0.48696355873314606 0.600038321843 0.399948279469 0.000304004959954954 0.000491665127758534
3.0 1.634670246310293e-06 2.42207546884e-06 -1.56017535415e-07 0.0034213679461111476 0.0017400206098128978
3.0 -0.33746873205649675 -0.600097982423 0.39993558169 0.006455503162804385 0.00398951338013429
3.0 4.740938442444005e-07 5.13207801879e-07 6.50170356391e-07 0.0033291609553796277 0.0016730020639634528
3.0 -0.4869253461410199 -0.599958958593 -0.400035500741 0.0009106051849778248 0.00024467372576085
3.0 -0.056124370354704585 -5.39594128582e-05 -0.300017289972 0.00117792308778768 0.00034240535379955714
3.0 0.33735145887349555 0.599935835445 -0.399967070945 0.021259921225990887 0.02485611568542114
3.0 0.41210767506965923 0.599913446783 -5.39756965129e-06 0.006821989473846891 0.008728273056285232
3.0 0.20604812895647479 0.299954647847 -2.56079073006e-05 0.0007844145314102629 0.00027209488197165024
3.0 -0.4122173756697601 -0.600053487394 -6.68161762669e-05 0.0029806210003951337 0.0014874083276215878
3.0 0.056088045805697644 -4.0481352936e-06 0.300036137872 0.011077984980236818 0.007849085436448378
3.0 0.524275261044469 0.599908166244 0.600011034004 0.003109576928463206 0.002227237256317531
3.0 -0.20617084850017675 -0.300108249055 -6.64164556496e-05 0.004270769943706737 0.002287283141356582
3.0 0.33744454373293464 0.60004388238 -0.399866174103 0.01975139723797102 0.023232596764854826
3.0 0.48699778151787393 0.600049507071 0.400090240243 0.0005131312140683734 0.0005018988875155908
3.0 -0.14991950433786946 -0.299890927331 0.300029786693 0.009053958848730736 0.005985433907487624
3.0 2.548365031585243e-06 2.23669198562e-06 5.41264062416e-06 0.0006418930401982742 0.0001462093774852178
3.0 -0.48692191862067813 -0.599968944129 -0.399980474136 0.0013285966033548058 0.0004794671227232954
3.0 0.4369346911925973 0.499969403661 0.500047107483 0.004298505352677376 0.003043312547982155
3.0 0.26219276888975335 0.300023009161 0.300047185724 0.004895505254944261 0.0031481340927553758
3.0 0.412135760169929 0.599951134148 6.34844797509e-06 0.0056588422886390205 0.007369379844590858
3.0 -0.20605982564134118 -0.299964800386 3.47100198462e-07 0.004502614569381756 0.0024389115338308482
3.0 0.20606095565337668 0.29996624544 3.87529068264e-07 0.0003389748844221549 7.727765043589813e-05
3.001 0.3431960176414629 0.499542999999 2.0572578985e-07 0.003725872754594025 0.005360534607038753
3.001 -0.3431993756866734 -0.499548000001 2.06568101878e-07 0.002460038146860726 0.0010815798875392908
3.001 0.3431906721731964 0.499535 1.01200879812e-06 0.001720458373231496 0.002863721254146137
3.001 0.34319881260422164 0.499547 4.56575262029e-07 0.0023289284505003138 0.0036444454465774994
3.001 -0.3431819811884576 -0.499522999999 1.37834671804e-06 0.11729182775778013 0.11093954439562928
3.001 -0.34319381407389554 -0.499540000001 5.5678425188e-07 0.002614702252284251 0.0011623107632192876
3.093 0.1715912456287956 0.352668790712 -0.400683131515 0.0019200806791354933 0.0034397323921546577
3.154 -0.4189122267412461 -0.799835090459 0.776581052306 0.006956130521886466 0.004498350536544088
3.16 0.6596980331907335 0.739856710376 0.799659753586 0.004574524150593186 0.003776692289241594
3.166 0.35700314276724554 0.560657701892 -0.194085035526 0.009061756811814545 0.011445927253305878
3.245 0.5234580453923645 0.54485194579 0.799661578366 0.015180948617522276 0.012956542435016536
3.272 -3.739318939533046e-05 -5.02970994357e-05 -1.09455792359e-05 0.0036668075820449333 0.001885676757898019
3.327 0.29380747710471045 0.522629038036 -0.448249975218 0.014167219430397709 0.01741287645493889
3.465 0.18672259547257158 0.299817896511 -0.171724324637 0.00016341045098180454 0.00033563879355959865
3.498 -4.617680681478082e-05 -5.86243045187e-05 -2.43295931047e-05 0.003929950804526932 0.0020549636278177816
3.5 2.2441757753366095e-07 2.31274300383e-07 3.53322417139e-07 0.004458269662150387 0.0024362269030412543
3.641 0.5145857865430633 0.800138385597 -0.426549528334 0.10332850020697072 0.10875432136487397
3.723 0.3075596259340777 0.427207286842 -0.0335325197842 0.0003726479940818663 0.0009481111639189823
3.803 0.07551996583174042 -0.0632926200764 0.799435478662 0.03370861391881363 0.02761826237575124
3.998 -0.4799912934846364 -0.800053029362 0.799454530606 0.003915238881955687 0.0023914446393939366
3.999 0.11692111938087174 2.82471022101e-05 0.799444299467 0.03300900759256303 0.02720614970495128
3.999 -0.4153715462800275 -0.400044698189 -0.7993041596 0.000618993960679557 0.0003055804193692437
3.999 -0.1816310175678015 -0.400122375595 0.799573508649 0.015098660390594787 0.010879896201446394
3.999 -0.7139119707707311 -0.800149097273 -0.799330716402 0.005551010966914157 0.004575574953484429
3.999 0.18160153214929653 0.400044108074 -0.799375777034 0.015246045085573996 0.01919152100795545
3.999 -0.116979175811254 -0.000116624219964 -0.799390370462 0.000332119444706972 0.0008682654465056477
3.999 0.41532046005437295 0.399937402063 0.799502293249 0.02780024280010881 0.02393484104732647
4.0 3.0537826224625415e-05 5.76650456278e-05 -8.54444481812e-05 0.005436839292716661 0.003125570459517755
4.0 -0.53855632561701 -0.800104103114 0.399994744543 0.0028451715775148797 0.0017224003268730022
4.0 0.2985171932156363 0.400065580042 -6.57915117762e-05 0.0002234181801346794 0.00036952122034701574
4.0 -0.0585161553946886 -4.20197536287e-05 -0.400047364042 0.0006002853735758707 0.00016808717015723843
4.0 0.058529736738566526 8.81524586098e-05 0.399904796377 0.015777503971282077 0.011679130892626862
4.0 -0.29859415612121876 -0.400157996595 1.10551569418e-05 0.003826550363370334 0.0019401325517601825
4.0 0.655531390990324 0.800139680142 0.399955771933 0.01495826440534331 0.01656957380565873
4.0 6.7186754333303e-06 1.19525990708e-05 -1.50504134191e-05 0.004232548223345582 0.002237542668513615
4.0 -0.5970104060192488 -0.800084059375 5.52061940001e-05 0.003167563259387065 0.0020295373828347566
4.0 -0.6554211482238517 -0.799993364421 -0.399948502501 0.003367765550436234 0.0023676098752892804
4.001 -3.715014226643087e-05 -5.6267346621e-05 3.31066344035e-05 0.004505934954483683 0.0024360349552941646
4.056 0.11925277618032198 0.313424005219 -0.799411218475 0.0078790555501858 0.010923292133661323
4.067 -0.327622607709249 -0.283524531349 -0.799219201717 0.0005369031905115378 0.0003031752207871926
4.186 -0.6523928700098002 -0.800181962085 -0.344443428799 0.002669243881174505 0.0018573807852939285
4.367 0.7160838662352476 0.797744291588 0.795397073627 0.0022346321521949015 0.0019223345133487636
4.499 -2.229964893297484e-05 -3.10587804758e-05 1.18124463214e-05 0.004203348006924311 0.0022041919918122693
4.5 1.9956287198823652e-07 2.095393547e-07 2.92914154429e-07 0.004399945083628378 0.0023389371154852877
4.671 -0.28318688202232756 -0.497006150578 0.799291167681 0.0080483696963265 0.005195259480885202
4.978 0.5107967818385452 0.613095385341 0.240620025871 0.0026825054503422144 0.003619297128008315
5.0 2.781054874654828e-07 2.96792814661e-07 3.72123188718e-07 0.0041047320890075616 0.002124289618329659
5.0 2.7798809719940214e-07 2.96839923684e-07 3.70835704136e-07 0.004116675429176178 0.0021412157603699785
5.0 2.149697512984877e-07 2.32159011654e-07 2.69647768421e-07 0.004127745768089624 0.0021514678725417743
5.0 -0.7078635765809608 -0.89987087073 -4.59671177912e-06 0.010241721056279634 0.00980511665543719
5.0 -0.7079330690712566 -0.899959478954 -2.85313334399e-06 0.0038819136104986836 0.003556266080302184
5.002 0.3929937134472659 0.49955 5.35882219171e-07 0.0033735465343310267 0.005005926967371417
5.002 -0.39299279546503385 -0.499549 5.58927267666e-07 0.001224599628087073 0.0003929190035429637
5.039 5.4977101564814365e-06 8.79811179842e-06 -1.20437265333e-05 0.004057200682942583 0.002103407420158734
5.5 2.354834093650952e-07 2.51334069115e-07 3.07247729589e-07 0.0041207358763840594 0.002157479468028732
5.516 -0.7191809417304398 -0.800165542008 -0.699340907901 0.00527881500135666 0.0055466262554603445
5.522 -3.140664006295637e-05 -3.70291220576e-05 -1.52420333188e-05 0.003959691963395354 0.002051343608108394
5.638 0.6536387793869538 0.769754469818 0.306333989297 0.022763918182675206 0.024791509038041767
5.681 0.25061886418642 0.407924431624 -0.7371860791 0.021093360173925976 0.025593724773935247
5.839 0.6164221221034905 0.657564262372 0.792533257678 0.01468560563567482 0.012768309961561532
5.868 0.1851673163734664 0.125766491394 0.799609983831 0.03910469767719803 0.03297056479125429
5.937 -0.1292199029344509 -0.0630909225336 -0.758200668638 0.0004075415325854501 0.0009725224165912048
6.0 -4.488614386769216e-06 -4.34440583246e-06 -9.28140729749e-06 0.004056843916166065 0.0021076389136360425
6.0 4.1691565376195326e-07 4.5272937406e-07 4.67194783085e-07 0.004743254532159054 0.002622159220825799
6.038 0.6683961817804863 0.799932777019 0.147520489834 0.06102983671887204 0.06424604870553183
6.118 -0.587950720957602 -0.800020655995 0.672689436685 0.0017157170570157635 0.0015094415093438156
6.278 -0.07012689625062879 0.00949044599538 -0.798977072587 0.0007468496645814039 0.0018118819675843113
6.464 -0.6188758264222459 -0.656582314499 -0.799069295387 0.0014859836924513972 0.001575306565442164
6.482 0.5658288656873458 0.720401043827 -0.31923254095 0.10120207842518693 0.10645618154410827
6.5 5.760654226619009e-07 6.32855013315e-07 5.52357995811e-07 0.003646019890028844 0.001892396596891256
6.535 -0.07364445916360556 -0.0522860392989 -0.322541600486 0.0007843394749211861 0.00032284709297182975
6.58 1.6083275139692213e-05 2.50980216757e-05 -5.07105242186e-05 0.0036210147293318667 0.0018664858365099184
6.586 -0.6054305835295289 -0.709621960444 -0.178523588803 0.0009656766934319826 0.0009628724784844889
6.589 -0.6486326541561367 -0.789279466255 0.067288608463 0.0017487997368850242 0.0019463683816805515
6.945 -0.35635429456918816 -0.481394701355 0.524815031624 0.0011337090601293094 0.0007175894389174402
7.0 0.5029373364719503 0.600008862767 -1.70983203915e-05 0.006767297169063753 0.0077969152491690905
7.0 -0.5029291544922085 -0.599996997005 -2.89881401595e-06 0.0022668763337788935 0.0019997765610185016
7.0 6.300848033020822e-07 6.90401266281e-07 5.82383732422e-07 0.0031365513489500746 0.0016297638820749088
7.0 3.1526299366625795e-06 3.78251440966e-06 -2.03421080588e-07 0.006246236519752122 0.004736776155992274
7.001 -0.3351790975515781 -0.39986107182 -1.32088465666e-06 0.00043893905297959766 0.00012155242115386024
7.001 0.33518388943032534 0.399866999659 -6.8648400485e-07 0.0001959744899701944 0.0006337235082261755
7.001 -0.3351836506260363 -0.399866580565 -5.88880036338e-07 0.0005187693379601464 0.00015839045201749234
7.001 0.3351753569514303 0.399856443433 2.89776520801e-06 0.00019054284004525962 0.0006693586004927319
7.187 -7.983155471635293e-07 1.55253061236e-06 -2.44547691377e-05 0.0033146526169244087 0.0017223547482771802
7.411 -0.5773111275481999 -0.61019369966 -0.73102349434 0.0007181389352561486 0.000718699090422414
7.5 6.536554008913199e-07 7.13139416956e-07 5.95962643468e-07 0.0030099722764045165 0.001555887065713803
7.748 -0.23308358113005062 -0.20028311741 -0.778847969759 0.0006248776764816299 0.0009583129438656112
7.761 8.025812491367462e-06 1.31920507257e-05 -4.00789427319e-05 0.0034394503084205757 0.0018787905312128506
7.809 -0.45475806914567246 -0.608065856225 0.79948651348 0.0012095982650453003 0.0011234458802744005
7.953 -0.7200130975181174 -0.800141087454 -0.458841196123 0.0024094227128606933 0.004155846075256219
7.997 0.472298697800284 0.483879364475 0.747863287147 0.03006625621860629 0.026168149271020357
7.997 -0.6222779514594935 -0.800081791609 0.799422203386 0.001550201366956813 0.001534750665295202
7.997 -0.7467190106856408 -0.799956583473 -0.798879820756 0.00369183049198742 0.007291448050792089
7.997 -0.5751201266559347 -0.603631990822 -0.752452418043 0.0008008351321830903 0.0006193267108367853
7.998 -0.7704302849293805 -0.900407294693 -2.13658499777e-05 0.0037864089948641 0.007487420057268063
7.998 0.1848260747609127 0.284438831601 -0.751480097734 0.008640740299335358 0.011758955107466246
7.999 0.4723755794962977 0.595577791993 -0.477961834173 0.06055362233433764 0.06569588581021883
7.999 -0.6146511147645796 -0.737223078647 0.207443309863 0.0014844391859249828 0.001025034888763421
7.999 0.006183305770624061 0.0778726348925 -0.775914197893 0.0006500766053385749 0.0013853526673165946
8.0 -0.34022104962768795 -0.397739663849 0.00147795234662 0.00191598831397978 0.0013810473174084101
8.0 0.11428263993221917 0.123660418868 0.108724548002 0.00643903726140707 0.004319297760524533
8.003 -0.4274838096565178 -0.499559 4.96475638347e-07 0.000382243219876643 0.00038067840803211956
8.267 8.679557645908517e-07 1.01733497846e-06 -8.82377218943e-08 0.0033167772004786228 0.0018628810124013521
8.5 8.058963634290838e-07 8.72017732937e-07 7.24117931329e-07 0.2117523950885477 0.21065666995707774
8.729 -3.341220381284822e-06 -1.11252347674e-06 -3.31258564929e-05 0.0031378953114361064 0.0018464671245690286
9.0 8.236759837182383e-07 8.87386321041e-07 7.44042960438e-07 0.2102550990816584 0.21165934490697505
9.167 9.845322010005425e-06 1.18264398763e-05 -6.78784793694e-06 0.0035289327997407673 0.002133443136285063
9.2 -2.065428207291246e-06 -2.2533840531e-06 -1.46366981843e-06 0.004041905229348903 0.002506412328346171
9.5 8.437327921999538e-07 9.05591356723e-07 7.64086206008e-07 0.19877967943793942 0.20098223661779915
9.663 -3.1221983036552446e-07 1.67300203258e-06 -2.73073909536e-05 0.005902440374002142 0.004052177102345763
9.99 1.0383393521387238e-05 1.2811356145e-05 -1.43388986515e-05 0.0035099626181921153 0.002311204434271909
10.0 3.2258536837409007e-06 3.65619772075e-06 5.78387980902e-08 0.004112512900807373 0.0027086952764006824
10.0 8.200978298121467e-07 8.74404515105e-07 7.84036176137e-07 0.19931676715658378 0.20578610417613025
