1.0 -0.16624534258844248 0.500006785023 -0.899703034225 0.00022784238557997137 0.000559907450584882
1.0 0.16629844069827432 -0.49997637681 0.899800287425 0.00015211858386091198 0.0008046868674625862
1.0 -0.16623315841492037 0.499980906682 -0.89964786202 0.00046307213710767073 0.00032071941621083784
1.0 0.1662759332030974 -0.499971005341 0.899740802191 0.0003199290459989554 0.000562312013082119
1.0 -0.3326116163163769 5.55961806257e-05 -0.79973884392 0.0003118888692312909 0.00030480216805754527
1.0 0.33260114286540116 -0.000101040812844 0.799759107702 0.00047480074585945275 0.00047382380139107026
1.0 -0.16630100886645133 0.400002613238 -0.799832698385 0.0002413283922096606 0.0004943404036991165
1.0 -0.5257898410795575 -0.470684177846 -0.793448844324 0.0003666331594415476 0.00031383148143402734
1.0 0.49908125000623893 0.400011354106 0.799907395909 0.0004248994662122868 0.0007032077680592621
1.0 0.16633619217220352 -0.400001421475 0.799916096272 0.0001978259777405672 0.0006647277037950571
1.0 0.499100803492354 0.400041208769 0.799924552819 0.0007595943924886513 0.0006056385631440425
1.0 -0.1663291881914425 0.399960578741 -0.79985841418 0.00039310042137781514 0.00033276221698612477
1.0 -0.49905811329377875 -0.40000233413 -0.799860789321 0.0002650672578159342 0.00038674408932217884
1.0 0.16634701635663718 -0.39995737464 0.79989807354 0.0004672951236246446 0.00039042032028696274
1.0 -0.49903331942370793 -0.399974420371 -0.799829092286 0.00027464560899806623 0.00032089394398029377
1.0 0.35861197157887614 0.135561751554 0.726632988625 0.0004507434221897459 0.00041032552828584667
1.0 0.11509995699830972 -0.419839603751 0.696569287598 0.0005647588298398342 0.0003033252856223417
1.0 0.6342562750734778 0.731186669536 0.793727353513 0.002218779386048755 0.0011487331394765283
1.0 -0.2496496491817965 -0.200198064124 -0.400023432845 0.00038491709247187415 0.00026547735789717855
1.0 -0.16642944588985784 -7.69375917008e-05 -0.400061942952 0.0006909162044880828 0.00016854988880164775
1.0 0.16634842646948278 -2.82725436903e-05 0.399972361715 0.0005202116286995127 0.0002883405119921989
1.0 -4.446578246020815e-05 0.799781535736 -0.79988844283 0.000519771903714217 0.0003857312935245256
1.0 1.481822238952766e-06 0.499495909662 -0.499492346983 0.0006356779567335893 0.000251832608243279
1.0 -0.08325637136818584 0.199908553657 -0.400078127372 0.0005460187083714406 0.00025838270048184357
1.0 0.08305296731200885 -0.200240438521 0.399920976952 0.0007761730308088853 0.00019680170336189632
1.0 0.830195307197469 0.998000728154 0.998000755108 0.004474234629591798 0.0031155305730990604
1.0 -1.3612308451324576e-05 -0.500000743441 0.499968015976 0.0004766940988197939 0.00032118738014798813
1.0 -0.7483136660002743 -0.899568306491 -0.899568805382 0.00035494830115877246 8.27144179169547e-05
1.0 1.816741327420896e-06 -0.499501865182 0.499506233092 8.997434164066254e-05 0.00011348832064581096
1.0 0.49910764753835407 0.599991103591 0.599991112831 0.00043469137039384257 0.00064248527719906
1.0 -4.4133571960011504e-05 -5.32285340701e-05 -5.28798410678e-05 0.0007649544209923578 0.00018737583750877288
1.0 0.6653145398489646 0.799792895488 0.799793125851 0.0024523988464175478 0.0013039210157738189
1.0 -0.6652742318574514 -0.799744603788 -0.799744506848 0.0004298444062382698 0.0001507147234448747
1.0 -0.6653725656342832 -0.799862764462 -0.79986276568 0.00034967102376701024 9.746078034252856e-05
1.0 0.49913199802872565 0.600020363324 0.600020397894 0.0009829066040949997 0.0005487175612870724
1.0 1.0111739241739823e-07 1.20921763909e-07 1.22190264669e-07 0.000809360324244703 0.00012215187410100797
1.0 1.0113333485815931e-07 1.20945405263e-07 1.22204953013e-07 0.0007221671118312378 0.00015922860577839034
1.0 1.0127082416196459e-07 1.21129378948e-07 1.22351538718e-07 0.0008391289018190187 0.0002586150518893826
1.0 1.0111602797370795e-07 1.20916716917e-07 1.2219203119e-07 0.0009797239682024362 0.00015517943863491555
1.0 1.0117359430075222e-07 1.2097214812e-07 1.22275004135e-07 0.0007821027127690668 0.00011778595786108038
1.0 1.011021470456991e-07 1.2089943421e-07 1.22175940602e-07 0.0007509879739495713 0.00013033925634521116
1.0 1.0111844568157522e-07 1.20918013158e-07 1.22196547736e-07 0.0008498263104418664 9.537958403928691e-05
1.0 1.0096036897692036e-07 1.20706276316e-07 1.2202822782e-07 0.0010106461844474222 8.303964206533176e-05
1.0 7.975388746390531e-08 9.65992042856e-08 9.51495038723e-08 0.001046171698286291 0.0004284813852945206
1.0 -0.8062727167425752 -0.969242733008 -0.969242734905 0.000512009684785749 0.0003484735112738501
1.0 -0.3639400621356372 -0.437502219052 -0.437502611189 0.00015549052583845466 0.00045395440824683994
1.0 7.818971975499027e-08 9.48400673307e-08 9.3147982293e-08 0.00021134997754796263 0.00031866868189152093
1.0 0.16640077547654866 0.20003497356 0.20003497599 0.00029444488192585574 0.000487798044431019
1.0 -0.3639946194686106 -0.437567999996 -0.437568000003 0.00045641202467651496 0.00044992741470186175
1.0 0.36314778760853983 0.436549999997 0.436549999998 0.0004938700808737312 0.0003348527586326718
1.0 -9.450103085907964e-08 -1.13493976198e-07 -1.1371062991e-07 0.0003761669986803724 0.00045163035812058935
1.0 -2.4239486690136282e-09 -3.67050658542e-09 -2.1572848954e-09 0.0005419819469551211 0.0002595512339069179
1.0 0.7069346285953717 0.849825672617 0.849825668474 0.0016552615349484854 0.0008982909206592018
1.0 0.7484540410304601 0.899737307658 0.899737301628 0.002138399102979493 0.0011985773673430814
1.0 -0.3640094444644071 -0.437585851205 -0.437585791869 0.0001725000208067227 0.0004205470348650522
1.0 2.2033742465401772e-05 2.65408380851e-05 2.64339044381e-05 0.0006418131397639105 0.00020664061058760078
1.0 0.36400226679036285 0.437577200796 0.437577185317 0.00019046162502004584 0.0005781553792968187
1.0 2.177040248530177e-05 2.62106336146e-05 2.61309723607e-05 0.0006482551501871988 0.0002044009652902751
1.0 0.41596869657379654 0.500047452012 0.500047499325 0.0002000506606004619 0.0007019996724616141
1.0 0.8064900530973451 0.969503999999 0.969504000001 0.0035984253442205836 0.002342303446623073
1.0 -0.16635518460767257 -0.199980174996 -0.199980162465 0.0002819597336991882 0.0003874738535383761
1.0 -0.499091594706239 -0.599971830692 -0.599971790623 0.0002636213297387682 0.00030979158720217736
1.0 0.665358818452053 0.799846238327 0.799846240079 0.002646643942331443 0.0014198729908008177
1.0 0.7899213607468585 0.949586305767 0.949586327518 0.002890472883321367 0.00177039734234834
1.0 2.1740082317797346e-05 2.59902617848e-05 2.62784467665e-05 0.000605799279056169 0.00022476029800475478
1.0 0.8270724445334248 0.994246477574 0.994246846517 0.004302868490382399 0.0029642807592350933
1.0 -0.665287005578177 -0.799759895663 -0.799759926259 0.0003296660520619347 9.034385983136133e-05
1.0 0.7982139956077257 0.959555089678 0.959555155081 0.003348916520251999 0.0021279921097556243
1.0 0.665381569443416 0.799873613923 0.799873563675 0.0011355038749678212 0.0007080648663632449
1.0 0.08314511753605291 0.199950180789 -4.80896916813e-05 0.0007725882486293997 0.0005436548569850534
1.0 -0.6653896258802036 -0.799883141338 -0.799883405991 0.0003595703298348552 9.070096399289732e-05
1.0 -0.36399681522750443 -0.437570604757 -0.437570674407 0.000672067152187202 0.00033546759993219934
1.0 -0.4990792091119292 -0.599956872698 -0.599956970486 0.0002569844213526097 0.00038226638664305885
1.0 0.6653833988576903 0.799875676879 0.799875899098 0.0012897987378049024 0.0007461540363983938
1.0 0.665415301043531 0.799914264418 0.799914012559 0.002505760491034824 0.0013366251572589755
1.0 0.08314379127753302 0.199950923174 -5.20207407823e-05 0.0008670533085404069 0.00016971815545453774
1.0 -0.36397089395637167 -0.43753905849 -0.43753989932 0.00016652580912402572 0.00043160240997381554
1.0 -0.665643013058407 -0.800507256936 -0.799868497864 0.00041817615538189775 0.0001529330460884246
1.0 -0.14381164178328318 -0.244009450608 -0.101750454105 0.0005508618109653677 0.0002235572490156021
1.0 -0.12480358844242964 -0.300027884029 -3.18073325862e-05 0.0005533135743389702 0.00018715299887810873
1.0 -0.08322856813270824 -0.200049571205 -5.31564332134e-05 0.0014507256328524622 0.0016140735242266612
1.0 0.1247388738043095 0.299950734213 -4.6633364341e-05 0.0007684936350822833 0.00018877548743163902
1.0 0.05795733723626549 0.458944178229 -0.319599941895 0.0006589187326879816 0.00024635468182059516
1.0 5.6853221415799924e-06 -0.599969375919 0.599983044885 0.0002984854207602756 0.0005103876380340024
1.0 0.561538567358938 0.68240516816 0.66767691932 0.0013393227606655015 0.0007330993683796469
1.0 -0.00031035663685844534 -0.800529034589 0.799782857994 0.000518758188271946 0.0003940701073258336
1.0 4.708206407967879e-05 -0.899630844556 0.899744041859 0.0005519063330788243 0.0004992502737407544
1.0 2.2356389345152158e-05 -0.79984246617 0.799896216638 0.0002534169635362412 0.0006506808342090606
1.0 3.359079352212142e-05 -0.59991105657 0.599991817414 0.0005604739753718136 0.0002931589606032414
1.0 6.69951946106156e-05 -0.799757681307 0.79991875486 0.0003700597222930183 0.0005021081991504029
1.0 0.00010280458736280107 -0.799706344643 0.799953513119 0.0005323906338853448 0.00037743207665892945
1.0 4.2549753424785575e-05 -0.899685955589 0.89978825606 0.00022278407104021848 0.0007703825361404573
1.0 0.3305336920669911 0.506666394986 0.288020992324 0.000616028734295285 0.00032631454401254207
1.0 0.08310736667132745 0.599871701123 -0.400060372743 0.000674474688236401 0.0002657884630572682
1.0 0.4158233589483717 0.599857590977 0.399887931601 0.0005235013230217505 0.00043769280650511714
1.0 -0.41610026788216814 -0.600419715134 -0.399991567221 0.0003912601659180933 0.0002768462211615769
1.0 -0.08339342384400882 -0.60044573861 0.399946655751 0.0004916091604487391 0.0003057516198552246
1.0 -0.24953738559035588 -0.5999577114 6.12476786775e-06 0.00020257880450440835 0.00041793546938886965
1.0 -0.24954849465819878 -0.599968038285 -1.02573825843e-05 0.0003193335198457164 0.00027226402755048434
1.0 0.24955047191655008 0.599980017325 3.03217649277e-06 0.0001883831853049865 0.0005786794951022431
1.0 -0.3639297817000266 -0.62496553542 -0.250014578029 0.0002692990095530025 0.0002671396042287334
1.0 0.24954566267533784 0.599964597756 6.88910172714e-06 0.0004423977609272336 0.00031999866844400386
1.0 -0.3639108907849734 -0.624943094889 -0.249991599977 0.00018239155013053757 0.00038903331901754567
1.0 -0.24971408282163376 -0.600395197698 1.8785807689e-05 0.0004043559436303997 0.0002704619439226761
1.0 0.374319217125646 0.649960086792 0.249998882042 0.0001811460378492019 0.0006394308273513921
1.0 0.37432535363697345 0.649960888856 0.250012833718 0.00043855275329807 0.00040136553748502517
1.0 0.5460378242855309 0.779143104361 0.533671239134 0.0011243886950078749 0.000671941214310346
1.0 0.34965742515398934 0.75268508647 0.0879806378364 0.00041423239653328467 0.0004288925372296217
1.0 -0.12475939955232407 -0.299953615163 1.65175497463e-07 0.0008867122778414613 0.00036919769376469634
1.0 -0.17122897792973452 -0.754550131217 0.342871950237 0.0006090202775694256 0.00023374303811227445
1.0 -0.4027416022087699 -0.768582826408 -0.199710812945 0.00029445250489020154 0.00039375545649056716
1.0 0.582233905691646 0.899797939478 0.50004102527 0.001253915697034532 0.0007565610275418015
1.0 -0.5821589828589646 -0.89969091504 -0.499967916089 0.0003732792078177922 0.0002050672120497556
1.0 -0.374189795569026 -0.899655944881 8.13851291628e-06 0.00024366573907037904 0.0003626798527270645
1.0 -0.5821896833891503 -0.899729295006 -0.500003348036 0.0003457679710706813 0.00022215754807108825
1.0 0.3742297456478172 0.89973612622 7.73033751787e-06 0.00035754476506883744 0.0005809755064179555
1.0 -0.37421405134696634 -0.899697323271 -8.80018021692e-06 0.00019111541986891064 0.00046280962840804365
1.0 0.5822267441169734 0.899805253084 0.50001649341 0.0006895973908957069 0.000715394769438806
1.0 0.3742511797759476 0.89979327394 2.11573408668e-06 0.00015066684679186922 0.0008759788755815278
1.0 -0.20775741056535774 -0.499501999999 1.40554629323e-07 0.0006550749555660406 0.0001045069727405914
1.0 0.20776000758106142 0.499507999998 1.03335190226e-07 0.0011794455210079587 0.00011100429418325059
1.01 0.311298286639676 0.249968490735 0.499963472467 0.00048496222796936796 0.00029078921742083845
1.032 -0.22521157899617922 0.223241389806 -0.783742792673 0.00043211933468544956 0.00036424235357306885
1.035 -0.09782130355942854 -0.228140654772 -0.0023649462548 0.0007503822679746218 0.00019546543936821962
1.08 0.2723686785383548 -0.000137820591851 0.686524741271 0.001161287405663026 0.00015943825954574977
1.109 0.1091992323017599 -0.136747559106 0.434629127864 0.001217598017803966 8.5135496308501e-05
1.129 0.2838079064837199 -0.00557946036246 0.74181966415 0.0014216499464999642 0.00012024728867355296
1.147 -0.05090503254000242 -0.10523681485 -0.00913355549311 0.0006724158570737199 0.00017736029036005932
1.151 0.06451805306880526 0.710161815672 -0.671696221914 0.0002866230359149464 0.002333992759560894
1.158 0.37308010796466823 0.799736754383 0.0284620366004 0.0004266052851035595 0.0020126958331892018
1.175 -0.10180600157837262 -0.827690099067 0.734106450265 0.002239706729033385 0.0003764670053885673
1.186 0.33491284964360657 0.419942417905 0.380019411669 0.0006517227899805011 0.0002727731490526271
1.198 -0.2701926685501418 -0.207346713189 -0.469549068806 0.00026535836567823497 0.00038099844177158726
1.202 8.358804520629356e-06 -5.04190424195e-05 8.54380825816e-05 0.0005232749157239933 0.0002761540540064691
1.203 0.00270187704030483 0.390150308681 -0.479875258678 0.0001388186345894205 0.0013767018023946621
1.217 -0.014180146448693799 0.380153489028 -0.519877052065 0.00016721598831087763 0.0011579500953925906
1.218 -0.006932050359539877 0.330838968281 -0.438154943537 0.00016264824764413493 0.0011083824013119444
1.22 -0.007637828221865348 0.330010802199 -0.439871970754 0.00022852010089364922 0.0008924631542340594
1.221 0.00010355041930173664 0.000145609380623 9.70591619125e-05 0.0010411756425573735 0.0001664436938987587
1.221 -0.007526416986964275 0.329976580046 -0.43994832522 0.00019601465360813666 0.0009719618545855359
1.228 -0.023059417651384605 0.310072260694 -0.459918925798 0.00019624492642692315 0.0008974760592989251
1.228 -0.06227819897289881 0.319971950994 -0.579849149789 0.0002254712100843077 0.0010591788485754187
1.246 0.46929602189059694 0.411928577093 0.759272586604 0.001853076131813714 0.00045478524561953163
1.25 -0.005501037916706544 0.600073302049 -0.799778727755 0.0005235241038688264 0.003095303656511994
1.25 0.2891983110558109 0.000151919629602 0.799992469376 0.0032124103546346725 0.000626783654388432
1.25 -0.572698860189509 -0.600343576112 -0.799705774072 0.0003692638102439337 0.00022700946995331592
1.25 0.19461054741611464 -0.200029263751 0.799999064759 0.003801156547001744 0.0008124701214924445
1.25 0.1000258978450243 -0.400165224501 0.799955150829 0.0037863313230093844 0.0007815917805780207
1.25 0.4782062413489113 0.400139285381 0.80000583972 0.002339956683148135 0.0006670543239633206
1.25 0.005437592324696244 -0.600308998951 0.799911337065 0.004318810374651349 0.0010305016844035964
1.25 -0.19464754118317207 0.19983738201 -0.799850550678 0.00016226483797230165 0.0011365687372926548
1.25 -0.3837274474045108 -0.200311794727 -0.799851515689 0.0002577023228209332 0.0006370747845116041
1.25 -0.2891421317908825 -0.000149024791456 -0.799840810175 0.0001581248540510105 0.000870390032644665
1.25 0.013387711937591274 0.380123742053 -0.459944817719 0.00016698502029192634 0.0020065634343768477
1.25 0.14461019596112606 0.00010506770919 0.399988726055 0.002012565669585638 0.00018840766123503466
1.25 -0.144611324930712 -2.50830978559e-05 -0.400096424635 0.0002899543302916866 0.0004659675327473018
1.25 -7.370490859990373e-05 -0.00013651341692 -2.54535974111e-05 0.0012870970179314184 0.00023087276255704596
1.25 -0.5227307991851342 -0.800380232098 -0.399912485223 0.0004012370619462578 0.00017741917607339176
1.25 -0.00017341069539842687 -0.000192360521025 -0.000228315852947 0.0013810527378457635 0.00041799250498828785
1.25 -0.23364301232426193 -0.800402621097 0.400002069057 0.0017842036437251323 0.0002573911160760052
1.25 0.233358340037164 0.799762677154 -0.399953050886 0.0013427032519904391 0.004876886707053865
1.25 0.5224682576287891 0.799747589575 0.400013191404 0.0007451499636235297 0.0017548150917029365
1.255 -0.1942330678881368 -0.799743761785 0.511790929031 0.0020211584680353443 0.0002822255265935258
1.272 -0.04743630741902903 0.320013016037 -0.560017849765 0.0001684729612393212 0.0012780227119659367
1.279 0.11372035930763161 0.292827487717 -0.0740730406375 0.000362679637865535 0.0005002412592413009
1.282 0.062419374250814584 0.723734029888 -0.799746224993 0.0013280099138499697 0.005089499615259492
1.283 0.28874544420021264 0.00967397539295 0.799765563861 0.003781646291541932 0.0008730190823179096
1.31 0.15075006349053413 0.961208802868 -0.899107859547 0.005282621846531569 0.011763403850178272
1.326 0.14638230770448662 -0.0949460823579 0.55447978185 0.003183957485833181 0.0005302073931723552
1.33 -0.6559348840259709 -0.775210026528 -0.799590852351 0.0004157264492104216 0.0001108435407122043
1.386 -0.020313674577926252 -0.58129509439 0.799911831499 0.00644938874937259 0.0021547865706426097
1.399 -0.282606522812519 -0.710930082225 0.22042719202 0.0018648080599352804 0.00028898987292572895
1.41 0.38503374700865267 0.500003562202 0.399998684378 3.9146294770628724e-05 0.0003080864532652404
1.45 0.6137908669136177 0.697763404354 0.787668362791 0.0025283795878777385 0.0011548569475234784
1.466 -0.018468220303775727 0.0277508017529 -0.100836195709 0.0010275758485501127 0.00016047874159359516
1.5 0.796377092655029 0.949893478455 0.949303274786 0.004034632519629911 0.0026865828369409765
1.5 -0.35924303942674973 -0.200141045564 -0.79961715359 0.00017070215996634977 0.0007740349246197509
1.5 -0.2553267999637499 -2.40141393725e-05 -0.799626364917 0.00020797760419208152 0.0015618407655559937
1.5 -0.047658391303090616 0.399892804657 -0.799642682775 0.0009631039789557588 0.004312325853075213
1.5 0.2552580080113869 -0.000163735472698 0.799716266708 0.007562321820905612 0.002940327716236605
1.5 0.05619160724573058 0.599866435099 -0.799626130622 0.003080036465131996 0.008427112168860725
1.5 0.15132307189702018 -0.200319096228 0.799729259729 0.00859589071033693 0.0034467307052931796
1.5 -0.09992000318616 -0.499517 0.499464999999 0.005232114569391556 0.0015709485792784544
1.5 0.0999250346889076 0.499522999998 -0.499459000001 0.0017648654863150458 0.006051590778588797
1.5 0.5668091867437841 0.599684099132 0.799888446923 0.0034811545397030134 0.0015072927609052517
1.5 0.415439274545979 0.80007627199 -0.000106364098602 0.004156879013412307 0.008526450497429453
1.5 1.521134936561416e-07 1.47347113534e-07 2.36765414661e-07 0.001227760197732461 7.876064182526851e-05
1.5 9.449549150606011e-08 8.64427645114e-08 1.55363889098e-07 0.0012023575322120937 5.808516828980753e-05
1.5 4.7801079302782506e-05 3.19013830056e-05 9.78256321077e-05 0.0011086563944757144 0.00010029738859311421
1.5 -0.5433529692123791 -0.800477735367 -0.399857317341 0.00046292674697740875 0.00013819482787209196
1.5 0.4192865836905806 0.499985954748 0.500005768637 4.833548028357916e-05 0.0003314290044634785
1.5 0.12772190393907806 -7.89224863575e-05 0.400144299241 0.0034331061861724416 0.0006076791735652797
1.5 0.28756357225448037 0.799731332477 -0.400042985726 0.006650830740517885 0.013075558768300194
1.501 -0.2594840614588968 -0.499523999999 1.33703095489e-07 0.0011648047167688853 6.400266373155854e-05
1.501 -0.259481957053231 -0.499520000002 2.1691434624e-07 0.0013288813795197427 0.0001124861246408073
1.501 0.25948417914219246 0.499524000001 2.35041657142e-07 0.00013545376146648048 0.001513120034756384
1.501 -0.25947933413000446 -0.499515 2.97155851127e-07 0.0007855156703790664 3.584405408184248e-05
1.501 0.25947847241292443 0.499512906015 4.11085265413e-07 0.00012992651506735345 0.0016228135180854793
1.518 -1.045630635367115e-05 3.19251523287e-05 -8.56914900576e-05 0.000895590105360766 0.00012842138455027285
1.519 -0.6305182516712078 -0.728628690705 -0.789301138518 0.0005253923934605831 0.0001254725639921035
1.524 0.23795117372596122 0.0101729142906 0.736746439061 0.007860772926702524 0.0030845592799364106
1.548 -0.5184848326136636 -0.799842483725 -0.309608332274 0.0006384900888225705 0.00014742032807959937
1.55 -0.5433750850026878 -0.556963537106 -0.799605839673 0.0002867326409478483 0.00028308634720906813
1.593 0.053473090161781235 -0.327588339957 0.747191606962 0.6636406284297725 0.6670922421616478
1.63 0.12592387162264584 0.400006079655 -0.299983545203 3.192944767724673e-05 0.00047859525376674694
1.66 -0.09822807985424456 0.199296208987 -0.696451973086 0.00035740414738516296 0.0027849194972715398
1.708 -0.21175339341249338 -0.787563932112 0.767468791042 0.0074527096316144015 0.0032052310345523157
1.75 0.5638163627534117 0.60019045799 0.799745803546 0.004677085195481367 0.0022569446523199844
1.75 -0.22846362145645138 0.000140338338325 -0.799604621306 0.0001954884120309487 0.0018400914902680348
1.75 0.10666401377469398 0.600135129331 -0.799594401832 0.007781530475332164 0.01569643232362165
1.75 -0.1167633512360188 0.200120098955 -0.799596340115 0.0007075082453718348 0.003749884532998403
1.75 0.4520782640610552 0.400069974645 0.799880170968 0.0074466834091057345 0.0035915336810570203
1.75 -0.10673056127546172 -0.60033405856 0.799750317529 0.01094978411403145 0.005149965084189278
1.75 -0.45210711032550327 -0.400215110803 -0.799697471412 0.00019248578628821837 0.0004791058497664725
1.75 0.34032134833333916 0.19995045192 0.799946825601 0.010237633696758232 0.005016115097986547
1.75 -0.5638831292235241 -0.600338007814 -0.799691059416 0.00032369598706124305 0.00018267932694744315
1.75 0.11439545226602184 0.000201870033387 0.399843228605 0.00559141148102607 0.0015867804209145483
1.75 0.11677856650892088 -0.200272386321 0.799947173544 0.013860527439328299 0.006865738882948053
1.75 0.2285458154716538 -0.000170754961429 0.799951635257 0.012384259167282145 0.006111038185382811
1.75 -0.3327622339136893 -0.800442597331 0.399980064359 0.003531393078983968 0.0011303901838547066
1.75 -0.11436806104061967 -7.61016936479e-05 -0.399993170413 0.00035732615504461456 0.00047833494579619783
1.75 -0.5615037026095012 -0.800622655698 -0.399970548673 0.0006981817154729256 0.00018465428621003993
1.75 0.3324760625824941 0.799926319134 -0.399972388827 0.015496307968739059 0.024361617168522448
1.75 0.5609866144095086 0.799632484984 0.400096389713 0.0024486217110460703 0.0046513390257936155
1.776 0.10032535768806311 0.0332284492026 0.288764149284 0.0038722371320177385 0.0007735599689369987
1.78 -0.3380120712965579 -0.399972321385 -0.399963393192 9.134082534696695e-05 6.18740013090094e-05
1.787 -0.2219568815079683 0.00090596634782 -0.790457297091 0.00017301100660337097 0.0017763754820268086
1.83 -0.17427419270594569 -0.499967317873 0.40000742801 0.0001476059551504432 0.0001043254043938632
1.832 -5.059493083627985e-05 -0.000150020652343 0.000126418627088 0.0018112873660032917 9.689197362183535e-05
1.851 0.6414876272606606 0.79988131933 0.669003141585 0.0010472584443464554 0.0010011829072752187
1.897 0.18924761568940845 0.698848833364 -0.79966622506 0.018193531707327425 0.029144437062166576
1.929 -0.19869277396914467 0.0154184087181 -0.781343997741 0.0002686610602267313 0.0023653463566657173
1.949 0.148423941096555 0.00852399236697 0.543855385016 0.00966192306436867 0.004016781859175291
1.973 0.5037407441297147 0.799807974071 0.12627468861 0.009823252351068856 0.015109684525030037
1.981 0.16541928557636942 0.245785322589 0.0787364543979 0.0011336759508866732 7.672949121209992e-05
1.994 -0.047256500034354096 -0.0210236458802 -0.134366672087 0.0015015262651294455 9.954339375165492e-05
1.999 5.954429954604934e-05 -0.371315271613 0.849659288808 0.015850366391858703 0.008246671501848211
1.999 8.203204465968839e-05 0.37145859092 -0.849439893697 0.00431638327792849 0.010632926267820957
2.0 -0.00010145255686527105 -0.37139537059 0.849721809296 0.01663192860880437 0.008804571715483073
2.0 0.29589471482850155 0.128673834147 0.849670254084 0.015050254067946545 0.008334466687067778
2.0 0.0001793098471936927 0.37147155462 -0.849595124588 0.0035397458400833796 0.009374343014160378
2.0 0.29585824055215837 0.128627664472 0.849634892127 0.016680952159983945 0.009619049700049313
2.0 0.20689388501703215 0.000215974893051 0.799547772535 0.017896517068574692 0.009990120401550687
2.0 -0.29588544285571783 -0.128687213665 -0.849603774745 0.00014259209147780754 0.0016595241276795133
2.0 -0.2958863652288318 -0.128717085261 -0.8495389662 0.0001586557763489607 0.0017403597686271115
2.0 0.29604983249131267 0.871258476436 -0.849486399889 0.05300730976616249 0.0691368798061989
2.0 0.22184204517083977 0.199988949495 0.400076092558 0.004882761596446337 0.0013238590314705865
2.0 0.680451512995349 0.800085834633 0.799876487708 0.0026283279934125998 0.0014488645652053571
2.0 -7.163452187589381e-06 3.40155474133e-05 -0.000105561180295 0.0020367751410289505 0.00013196322546304073
2.0 0.3551826250449902 0.600070882447 -8.34279936843e-05 0.0025734034837480526 0.006424324778517416
2.0 -0.2960089346456312 -0.871278761122 0.849690979699 0.007622306764931847 0.0034413225404189515
2.0 -0.7227826903026204 -0.849871883914 -0.849608828599 0.0012715484207476114 0.0007429877908248825
2.0 -0.20685110819037902 -0.000123623232039 -0.799593748456 0.0001934120294062469 0.0019002707908379061
2.0 0.10339682350216041 -8.5587540528e-05 0.400023168065 0.007867294799034565 0.0028129480927005625
2.0 -0.1034603305751458 -6.90351522463e-05 -0.399914817617 0.0003998429086998315 0.0004434995693974508
2.0 -0.34045464266501774 -0.400434275003 -0.399927521059 0.000837113690605337 9.8080835037482e-05
2.0 0.7228086192128692 0.849845342039 0.84976984727 0.001212973667052086 0.0007195776031159786
2.0 -0.29597925415316223 -0.871221610864 0.849674936374 0.008721975613184494 0.004194447831606472
2.0 -0.01509861757114159 -0.200242586132 0.399964801451 0.008550695308819007 0.0032324781604099588
2.0 -0.7227946639963816 -0.849880769496 -0.849634791056 0.0013635373833446463 0.0008048029021038119
2.0 -0.6807062472156116 -0.800616864829 -0.799646010613 0.0010051366094002167 0.0004614439103373634
2.0 -0.26703899410799803 -0.800515276369 0.799739693408 0.01007863086637602 0.004980568835800892
2.0 0.2000818197721121 0.60007319103 -0.599851141794 0.010534764039237336 0.019091902234646713
2.0 0.1551978613444774 0.000145817738971 0.599803964671 0.011211035951635346 0.005054290432285032
2.0 0.3402245430532528 0.400042605275 0.399934265816 0.002080693916715178 0.00029260684246328674
2.0 0.2960112267759666 0.87126253279 -0.849644969994 0.04580228414952167 0.060701202138756793
2.0 0.7228389424987217 0.849873592271 0.849822440966 0.0027472887888572053 0.0016556444021192263
2.0 -0.07756520281409846 1.92859436652e-07 -0.299938887313 0.0008406331098546872 9.799317527001483e-05
2.0 -0.51030133353847 -0.600002665895 -0.599904377718 0.00040993542128479844 7.749149698141595e-05
2.0 -0.0775737383594137 1.06466685453e-05 -0.299995822076 0.0005232897913908656 0.00030805685248267014
2.0 0.11832620819612269 0.199855451192 9.41905622539e-05 0.0010876858744601902 0.00010167376311049911
2.0 -0.11831191412571791 -0.199811656237 -0.0001391620197 0.002917784600126405 0.0010651563326825614
2.0 -0.15511342421200752 6.86286135106e-05 -0.599968315015 7.023520644337183e-05 0.0012685924859955598
2.0 0.4252860943973796 0.500050226443 0.499945709823 0.0017965970827820785 0.0003216254585071671
2.0 -0.2551935748302301 -0.30005110733 -0.300004178668 0.0011403928329998417 6.852557501865603e-05
2.0 -0.17759152558003932 -0.300023644158 1.38869513916e-05 0.0027996043034859003 0.0004022144539267013
2.0 0.10002220570391149 0.300059917345 -0.300051281524 0.00018233116528035918 0.0022477249345567935
2.0 -0.10002228570651424 -0.30005038766 0.300029158965 0.006307517778856735 0.001984650590408984
2.0 0.17757338533923694 0.299997007533 -2.30632884488e-05 0.0003839617924344144 0.00042089260116654745
2.0 0.42485489862426545 0.499537454078 0.499452032494 0.001027303784607825 0.00010913530244461737
2.0 0.1551368553888128 -2.34575632498e-05 0.599955526173 0.010179232783273512 0.004373895817978622
2.0 -0.42485634910204917 -0.499537354331 -0.499457869694 0.0007100192594442818 6.554738696743986e-05
2.0 -0.5103148045340276 -0.600036651953 -0.5998786758 0.0003940023260481964 7.03969610514263e-05
2.0 0.5102758974698447 0.600006121693 0.599798108242 0.0017033264656729722 0.00047140420384140104
2.0 0.13338620670143067 0.400118024197 -0.400065697153 0.0014451278382217891 0.005487988763718312
2.0 0.2000384135526962 0.600021501444 -0.599900674092 0.012049336862331346 0.02110890185621059
2.0 0.5102784111987159 0.59992834899 0.599985848278 0.0009069037625625471 0.00022066432565174851
2.0 -0.15516440257851005 -5.83816592072e-05 -0.599874721154 7.441125307762391e-05 0.0016458954505258034
2.0 -0.20003838841555163 -0.600025546151 0.599910029522 0.0077379171002015055 0.0031346408760948804
2.0 0.25512576425279937 0.299963708058 0.299942015187 0.0021426686506722096 0.00019723055485412644
2.0 0.07758451713992401 3.19079256889e-05 0.299940096426 0.0053302297685762804 0.0014083682421765931
2.0 0.09999436469970896 0.299963567495 -0.299938398222 0.00011127947366746716 0.002006434036601898
2.0 -0.09999238754077092 -0.299962121951 0.299942734926 0.006373040920313942 0.0020661055905979225
2.0 -0.25512432528734513 -0.299962175531 -0.299939958736 0.0011101323947875805 3.488387480656909e-05
2.0 -0.19999607622358015 -0.599956961112 0.599916658061 0.00787840522918367 0.0032373092278884566
2.0 0.014993815825051134 0.200115318349 -0.400078748867 0.00012070702250112364 0.0014964464325151116
2.0 -1.3062420068983087e-06 1.85749017003e-06 -9.30287910028e-06 0.0017848711765561349 0.00010639245404818506
2.0 0.3551720045971039 0.600024488477 -1.83018551306e-05 0.0033119154974600978 0.007633140794140053
2.0 -0.42527462349182793 -0.500013627149 -0.499985127557 0.0003798753268129871 0.00010432890082894012
2.0 -0.3551436654037227 -0.599961725541 -1.57754368972e-05 0.001763626812353532 0.00022835465052098474
2.0 2.84322112693762e-07 2.49131120301e-07 5.29196403758e-07 0.0017217784086919453 9.78663500629589e-05
2.0 0.3551460013737028 0.600006882204 -7.85539534308e-05 0.0025595929171659377 0.006385172852689524
2.0 -0.3554150355418568 -0.600463016195 8.2298871945e-05 0.0024344262729887878 0.000522563168206982
2.0 2.3671165739160688e-05 4.1408427413e-05 -3.24828040266e-06 0.0022386531523017924 0.00016139805382759065
2.0 0.2516903358566883 0.600015470105 -0.400153009266 0.0074007479602175835 0.014370772247226772
2.0 -0.4589144463287109 -0.600491829168 -0.400075706301 0.0007586766513359225 0.00011914266648296461
2.0 0.25508608664254084 0.29985095146 0.300046681888 0.002133022452060876 0.00021283973852971193
2.0 -0.22189876904710817 -0.200133850429 -0.399963764877 0.0006813387130833393 0.0001485567951545229
2.0 -3.65853357691e-05 -6.6674636096e-05 1.11438952571e-05 0.002082397955041111 0.00013038040745473568
2.0 -0.35512753196964514 -0.59993249696 -2.02921795026e-05 0.001994089780452126 0.0003370642437623651
2.0 -0.1775586341710643 -0.299962133468 2.79071344433e-07 0.002851284973670917 0.0004182821090230393
2.0 0.17755964255845924 0.299963578864 3.11809220679e-07 0.0003552684518061861 0.00036404447938633813
2.0 -4.0112338134526114e-05 -7.01521110662e-05 5.46510638418e-06 0.001995100952594691 0.00011652732046094237
2.0 -4.175874521034002e-05 -7.90813341498e-05 1.95373356626e-05 0.002071174257595283 0.000132745811295471
2.038 0.38661484522008754 0.430162915007 0.50994327352 0.002535718987829163 0.00048178825122158713
2.038 0.1266055412551977 0.430140353244 -0.510018097152 0.002943263976027311 0.008209637694802348
2.208 -0.3853237574104173 -0.474095398048 -0.38911090609 0.0010556416011647013 0.00012334151631320693
2.23 -0.15777899597393824 -0.56238403105 0.799554209014 0.0139758544253104 0.007029556348369263
2.259 0.662518791197663 0.763095723272 0.799568016005 0.0030253371637356252 0.0016533180613800145
2.267 0.5080432741059961 0.514755640904 0.799510049216 0.010089641200094621 0.00599066420772512
2.316 2.9486622278744967e-05 6.22617712351e-05 -4.15578818604e-05 0.0024199820024445257 0.00019573475528124063
2.325 -0.1625338347679908 -0.125615840471 -0.363345074365 0.0009586358929013163 0.00023771575803710666
2.352 0.3263569503478905 0.800164113854 -0.784292410454 0.058472654804538685 0.07448917155161437
2.366 -0.5323304910896185 -0.799785891291 -0.11600264217 0.001691925639723858 0.0005410083330727602
2.396 0.15201530255629603 0.239308345705 -0.000472719594595 0.0010197816667875336 0.00014202931406661332
2.454 -0.6745840940056179 -0.799831582259 -0.733597821054 0.001693241955865532 0.0008283995838328265
2.5 1.142980050424705e-07 9.3726223667e-08 2.47751085117e-07 0.00283679148739981 0.00029121975117454217
2.507 -1.7011349114714446e-05 -4.65916814044e-05 6.04868629585e-05 0.00275346973684632 0.00027038065893717156
2.631 -0.41954788032507384 -0.79991670978 0.510738937044 0.005023411521014392 0.001912433912955771
2.883 -0.4587774864342229 -0.44868306762 -0.799533418989 0.00039854449222409067 0.00038413693992227866
2.901 -0.3236089409177519 -0.560337195822 0.297379597643 0.006078543278204653 0.0019776081493974042
2.983 0.25463575259211596 0.469939519226 -0.359902056062 0.0057695650080815675 0.011916153664589918
2.995 0.6419201112362349 0.744987082743 0.696692219616 0.001538367650876394 0.0008631018203572719
2.999 0.00012008783663269157 0.231380430006 -0.849251403379 0.002681013191775851 0.008312805816248213
2.999 0.3434162239312174 0.268689637723 0.849525445855 0.025027906436820003 0.016716271125260283
2.999 -0.3434404033186426 -0.731289774044 0.849542066773 0.00761984772523827 0.002935078038966843
2.999 6.225602656503848e-05 -0.231199993194 0.849563739591 0.026468080367920727 0.015236503565065116
2.999 0.7426858653331663 0.849987828485 0.84947784932 0.0009192362146544366 0.0008902682618198698
2.999 -0.3435141918534375 -0.731394180144 0.849530971991 0.008976098514395483 0.00379223325712635
2.999 -0.7426963443664183 -0.850025099674 -0.849396984822 0.00434117976716218 0.003263745966638813
2.999 7.600560001046197e-05 0.23135178926 -0.849381937063 0.0038805985956968663 0.010501834062432342
2.999 -0.34341753538609576 -0.268707748195 -0.849465936656 0.00019406431862793437 0.0009701933311102991
2.999 -1.6013851443709426e-05 -0.231337470049 0.849650153905 0.023891275109968413 0.01333870793578989
2.999 0.34353293474791363 0.731358901349 -0.849301157937 0.08160188543762208 0.09891138470240372
2.999 -0.34340120315376416 -0.268723451925 -0.849320915947 9.324033582478726e-05 0.0013174698700384293
2.999 -3.1842212591578745e-05 -1.4436674344e-05 -0.000117252225354 0.0044362133903029215 0.0007777465447654329
2.999 0.34344160705533205 0.268691413956 0.84965466092 0.029015830480089044 0.019979491021013786
3.0 0.16272845403923228 0.400118332157 -0.599804507799 0.0057728447164691 0.012667293773165092
3.0 -0.30002857999166926 -0.600007504898 0.599874699581 0.009192128904378432 0.0036267822610073237
3.0 -0.3000406316950199 -0.60001710568 0.599845512278 0.007553722103958327 0.0026444296751580634
3.0 -0.3869438880040442 -0.400039351712 -0.599839274216 0.0003690954023821634 0.0003150768623718111
3.0 -0.1627269808223573 -0.400131353646 0.599860236395 0.013710486105371553 0.006096049330717767
3.0 -0.5243292703766261 -0.600035049386 -0.599833696756 0.0006738205978060723 5.6991454906953195e-05
3.0 -0.2621468929654303 -0.299988451426 -0.299928774587 0.002046917112147168 0.000140179083646218
3.0 0.593115645091031 0.70014907643 0.599905128398 0.0011144624789328089 0.0006335498911982925
3.0 0.056071335721545414 1.93328795586e-07 0.299931168255 0.008748417527916285 0.003042038262436524
3.0 0.5931140087150587 0.700145628486 0.599909044903 0.001118555362919768 0.0006355781839468182
3.0 -0.4365068915937943 -0.499535000001 -0.499355000001 0.000717654299515176 7.451843386925982e-05
3.0 0.5930326438927953 0.700034892443 0.599880721136 0.0011738007886059622 0.0006620931062262735
3.0 0.38690415030446246 0.399970909169 0.599878208765 0.009038124928810906 0.00458977100186933
3.0 0.5242877969964481 0.599962449488 0.599878623389 0.0020545805952433605 0.0006695442481564125
3.0 -0.43692525678416705 -0.499970588727 -0.49999228718 0.0009596949170196353 9.805484171280721e-05
3.0 0.2498043418137854 0.499544 -0.499371000002 0.012695941806591199 0.021356450023768257
3.0 0.43652024336301876 0.499546 0.499386000001 0.002471264818425343 0.0006296467509313828
3.0 0.11218358288383064 6.19732756504e-05 0.599854872916 0.017973761571276375 0.009367724800723787
3.0 0.4365228041244812 0.499546909933 0.499396354202 0.002418693864668717 0.0006176396211319404
3.0 -0.4365213197482489 -0.499543717859 -0.499400143562 0.0007049666766594086 8.989641780466883e-05
3.0 0.3868911529039911 0.399942401104 0.599913438696 0.011112269177725693 0.00609345188093705
3.0 0.16267018120209625 0.400035094305 -0.59981035359 0.006978733638692626 0.014430034564882547
3.0 -0.5242878251227422 -0.599952482296 -0.599915398847 0.0009993010574976884 0.0001328098117607934
3.0 -0.5928737439895619 -0.699849597985 -0.599711622591 0.0014941759291180405 0.00042015958336884653
3.0 -0.11215104316899088 -2.97878523957e-05 -0.59979908147 7.136638460676182e-05 0.0017849976407019093
3.0 -0.162631245189146 -0.400019796971 0.599962415787 0.01215512054283608 0.005066565752826498
3.0 0.300042714583917 0.600009437459 -0.599806193362 0.029886849804251412 0.04170226409829277
3.0 0.1499533236565431 0.29994743038 -0.300056506985 0.00028821049255252514 0.0027453603924266117
3.0 0.30009065505123894 0.600059311023 -0.599733017627 0.02661573426805999 0.03776730668325579
3.0 -0.5928803193116583 -0.699858447602 -0.599714276313 0.001489339204183886 0.00042171983697049007
3.0 -0.5928914892352898 -0.699871915334 -0.599724537552 0.001483282893136828 0.00041963065450281473
3.0 -0.5928840760523661 -0.699860591587 -0.599726493348 0.0015044033608114652 0.0004270206053246477
3.0 0.2621320827021228 0.299966368345 0.299930698346 0.0036878654792076495 0.0008246046380100587
3.0 0.14999047780208183 0.299966146612 -0.29992653913 0.000504058796808028 0.003483162863132477
3.0 -0.14998863266978982 -0.29996490158 0.29993183401 0.0076759968031353985 0.0023441094135148374
3.0 -0.2621304661859911 -0.299964616889 -0.299928487243 0.0015008794709397077 4.112204410337713e-05
3.0 -0.38689555647798896 -0.39996579895 -0.599851017208 0.0008555609191317569 0.0001541605460420696
3.0 0.11219518261366282 4.33454057668e-05 0.59998537033 0.0206188961268067 0.011279487291206165
3.0 -0.11220892728696487 -7.34941479086e-05 -0.599948108885 0.00017926431754044177 0.0011833439823542707
3.0 -4.267687074790596e-06 -1.10599045721e-05 1.78119030986e-05 0.003597747972719788 0.000558107239677318
3.0 -0.4121456262540191 -0.599953930645 -4.88473555518e-05 0.0021593774407200977 0.0002671850701704928
3.0 -3.827177736927211e-06 -1.05530324988e-05 1.83057071454e-05 0.0036050788248804646 0.0005483357120257757
3.0 -0.33738517463699447 -0.599972302918 0.399920723315 0.005166352381737387 0.0014214235073080337
3.0 0.48696355873314606 0.600038321843 0.399948279469 0.000304004959954954 0.0009254154453784251
3.0 1.634670246310293e-06 2.42207546884e-06 -1.56017535415e-07 0.0034213679461111476 0.00042930090182556044
3.0 -0.33746873205649675 -0.600097982423 0.39993558169 0.006455503162804385 0.0021584171171337126
3.0 4.740938442444005e-07 5.13207801879e-07 6.50170356391e-07 0.0033291609553796277 0.0003981033324778823
3.0 -0.4869253461410199 -0.599958958593 -0.400035500741 0.0009106051849778248 6.293384718614455e-05
3.0 -0.056124370354704585 -5.39594128582e-05 -0.300017289972 0.00117792308778768 0.0001843573772538507
3.0 0.33735145887349555 0.599935835445 -0.399967070945 0.021259921225990887 0.030802991084623654
3.0 0.41210767506965923 0.599913446783 -5.39756965129e-06 0.006821989473846891 0.011745042101762535
3.0 0.20604812895647479 0.299954647847 -2.56079073006e-05 0.0007844145314102629 0.00023690133568438098
3.0 -0.4122173756697601 -0.600053487394 -6.68161762669e-05 0.0029806210003951337 0.0006070705059054938
3.0 0.056088045805697644 -4.0481352936e-06 0.300036137872 0.011077984980236818 0.004421789049609858
3.0 0.524275261044469 0.599908166244 0.600011034004 0.003109576928463206 0.0012895246354691044
3.0 -0.20617084850017675 -0.300108249055 -6.64164556496e-05 0.004270769943706737 0.0007746926232297119
3.0 0.33744454373293464 0.60004388238 -0.399866174103 0.01975139723797102 0.02898080366783658
3.0 0.48699778151787393 0.600049507071 0.400090240243 0.0005131312140683734 0.0006270901806221184
3.0 -0.14991950433786946 -0.299890927331 0.300029786693 0.009053958848730736 0.003133115209782998
3.0 2.548365031585243e-06 2.23669198562e-06 5.41264062416e-06 0.0006418930401982742 0.000467926030096691
3.0 -0.48692191862067813 -0.599968944129 -0.399980474136 0.0013285966033548058 0.00015858990524069016
3.0 0.4369346911925973 0.499969403661 0.500047107483 0.004298505352677376 0.001664592210931113
3.0 0.26219276888975335 0.300023009161 0.300047185724 0.004895505254944261 0.0013920045304975813
3.0 0.412135760169929 0.599951134148 6.34844797509e-06 0.0056588422886390205 0.01017127703450307
3.0 -0.20605982564134118 -0.299964800386 3.47100198462e-07 0.004502614569381756 0.0008187146624022552
3.0 0.20606095565337668 0.29996624544 3.87529068264e-07 0.0003389748844221549 0.0004357526163898712
3.001 0.3431960176414629 0.499542999999 2.0572578985e-07 0.003725872754594025 0.007956148594024257
3.001 -0.3431993756866734 -0.499548000001 2.06568101878e-07 0.002460038146860726 0.0002550989183220607
3.001 0.3431906721731964 0.499535 1.01200879812e-06 0.001720458373231496 0.0049422909146458515
3.001 0.34319881260422164 0.499547 4.56575262029e-07 0.0023289284505003138 0.005938810188214724
3.001 -0.3431819811884576 -0.499522999999 1.37834671804e-06 0.11729182775778013 0.10510072165518412
3.001 -0.34319381407389554 -0.499540000001 5.5678425188e-07 0.002614702252284251 0.0002949054575083671
3.093 0.1715912456287956 0.352668790712 -0.400683131515 0.0019200806791354933 0.00640555541347221
3.154 -0.4189122267412461 -0.799835090459 0.776581052306 0.006956130521886466 0.002845541785820249
3.16 0.6596980331907335 0.739856710376 0.799659753586 0.004574524150593186 0.0030106743468630314
3.166 0.35700314276724554 0.560657701892 -0.194085035526 0.009061756811814545 0.015269724060659785
3.245 0.5234580453923645 0.54485194579 0.799661578366 0.015180948617522276 0.010703820849035222
3.272 -3.739318939533046e-05 -5.02970994357e-05 -1.09455792359e-05 0.0036668075820449333 0.0004800278180084633
3.327 0.29380747710471045 0.522629038036 -0.448249975218 0.014167219430397709 0.022544411023691927
3.465 0.18672259547257158 0.299817896511 -0.171724324637 0.00016341045098180454 0.0012600906459727301
3.498 -4.617680681478082e-05 -5.86243045187e-05 -2.43295931047e-05 0.003929950804526932 0.0005548995099206215
3.5 2.2441757753366095e-07 2.31274300383e-07 3.53322417139e-07 0.004458269662150387 0.0007355436735213755
3.641 0.5145857865430633 0.800138385597 -0.426549528334 0.10332850020697072 0.11602408463921743
3.723 0.3075596259340777 0.427207286842 -0.0335325197842 0.0003726479940818663 0.002115216002356804
3.803 0.07551996583174042 -0.0632926200764 0.799435478662 0.03370861391881363 0.02071684150683645
3.998 -0.4799912934846364 -0.800053029362 0.799454530606 0.003915238881955687 0.0015462615780233373
3.999 0.11692111938087174 2.82471022101e-05 0.799444299467 0.03300900759256303 0.020662972251681223
3.999 -0.4153715462800275 -0.400044698189 -0.7993041596 0.000618993960679557 0.0006398083823920705
3.999 -0.1816310175678015 -0.400122375595 0.799573508649 0.015098660390594787 0.006614425483751381
3.999 -0.7139119707707311 -0.800149097273 -0.799330716402 0.005551010966914157 0.0045607531659915155
3.999 0.18160153214929653 0.400044108074 -0.799375777034 0.015246045085573996 0.02535823599160486
3.999 -0.116979175811254 -0.000116624219964 -0.799390370462 0.000332119444706972 0.0028196458017522887
3.999 0.41532046005437295 0.399937402063 0.799502293249 0.02780024280010881 0.02053113315674517
4.0 3.0537826224625415e-05 5.76650456278e-05 -8.54444481812e-05 0.005436839292716661 0.0011040242749795846
4.0 -0.53855632561701 -0.800104103114 0.399994744543 0.0028451715775148797 0.0012563252209156286
4.0 0.2985171932156363 0.400065580042 -6.57915117762e-05 0.0002234181801346794 0.0009664117124237076
4.0 -0.0585161553946886 -4.20197536287e-05 -0.400047364042 0.0006002853735758707 0.0006821929735501462
4.0 0.058529736738566526 8.81524586098e-05 0.399904796377 0.015777503971282077 0.007315440945733983
4.0 -0.29859415612121876 -0.400157996595 1.10551569418e-05 0.003826550363370334 0.0005473070431047708
4.0 0.655531390990324 0.800139680142 0.399955771933 0.01495826440534331 0.017482687461758784
4.0 6.7186754333303e-06 1.19525990708e-05 -1.50504134191e-05 0.004232548223345582 0.0006338457568151772
4.0 -0.5970104060192488 -0.800084059375 5.52061940001e-05 0.003167563259387065 0.0014655882224053336
4.0 -0.6554211482238517 -0.799993364421 -0.399948502501 0.003367765550436234 0.0021114949695902594
4.001 -3.715014226643087e-05 -5.6267346621e-05 3.31066344035e-05 0.004505934954483683 0.0007294259831710557
4.056 0.11925277618032198 0.313424005219 -0.799411218475 0.0078790555501858 0.01606994470878337
4.067 -0.327622607709249 -0.283524531349 -0.799219201717 0.0005369031905115378 0.0009510819747558922
4.186 -0.6523928700098002 -0.800181962085 -0.344443428799 0.002669243881174505 0.001657421858706241
4.367 0.7160838662352476 0.797744291588 0.795397073627 0.0022346321521949015 0.0018778718125197049
4.499 -2.229964893297484e-05 -3.10587804758e-05 1.18124463214e-05 0.004203348006924311 0.0006342532674039668
4.5 1.9956287198823652e-07 2.095393547e-07 2.92914154429e-07 0.004399945083628378 0.0006867534853735968
4.671 -0.28318688202232756 -0.497006150578 0.799291167681 0.0080483696963265 0.0025833463156320425
4.978 0.5107967818385452 0.613095385341 0.240620025871 0.0026825054503422144 0.0039740759595835945
5.0 2.781054874654828e-07 2.96792814661e-07 3.72123188718e-07 0.0041047320890075616 0.0006113752938701554
5.0 2.7798809719940214e-07 2.96839923684e-07 3.70835704136e-07 0.004116675429176178 0.0006294909092228947
5.0 2.149697512984877e-07 2.32159011654e-07 2.69647768421e-07 0.004127745768089624 0.0006347695137817685
5.0 -0.7078635765809608 -0.89987087073 -4.59671177912e-06 0.010241721056279634 0.010521742598050157
5.0 -0.7079330690712566 -0.899959478954 -2.85313334399e-06 0.0038819136104986836 0.004399711971494023
5.002 0.3929937134472659 0.49955 5.35882219171e-07 0.0033735465343310267 0.006228115134099509
5.002 -0.39299279546503385 -0.499549 5.58927267666e-07 0.001224599628087073 7.560903715311157e-05
5.039 5.4977101564814365e-06 8.79811179842e-06 -1.20437265333e-05 0.004057200682942583 0.0006202771044894011
5.5 2.354834093650952e-07 2.51334069115e-07 3.07247729589e-07 0.0041207358763840594 0.0006779414946429605
5.516 -0.7191809417304398 -0.800165542008 -0.699340907901 0.00527881500135666 0.007403662328289666
5.522 -3.140664006295637e-05 -3.70291220576e-05 -1.52420333188e-05 0.003959691963395354 0.0006486323148791223
5.638 0.6536387793869538 0.769754469818 0.306333989297 0.022763918182675206 0.02393587951441716
5.681 0.25061886418642 0.407924431624 -0.7371860791 0.021093360173925976 0.03023316628070312
5.839 0.6164221221034905 0.657564262372 0.792533257678 0.01468560563567482 0.013557802062050338
5.868 0.1851673163734664 0.125766491394 0.799609983831 0.03910469767719803 0.027486285381232402
5.937 -0.1292199029344509 -0.0630909225336 -0.758200668638 0.0004075415325854501 0.002844812948660352
6.0 -4.488614386769216e-06 -4.34440583246e-06 -9.28140729749e-06 0.004056843916166065 0.0007166794931470064
6.0 4.1691565376195326e-07 4.5272937406e-07 4.67194783085e-07 0.004743254532159054 0.0009692461481375633
6.038 0.6683961817804863 0.799932777019 0.147520489834 0.06102983671887204 0.062216098588256726
6.118 -0.587950720957602 -0.800020655995 0.672689436685 0.0017157170570157635 0.0016595603435885589
6.278 -0.07012689625062879 0.00949044599538 -0.798977072587 0.0007468496645814039 0.004189104881264657
6.464 -0.6188758264222459 -0.656582314499 -0.799069295387 0.0014859836924513972 0.0021494505635326717
6.482 0.5658288656873458 0.720401043827 -0.31923254095 0.10120207842518693 0.10448778794608717
6.5 5.760654226619009e-07 6.32855013315e-07 5.52357995811e-07 0.003646019890028844 0.0006974876100120086
6.535 -0.07364445916360556 -0.0522860392989 -0.322541600486 0.0007843394749211861 0.0006149294482721989
6.58 1.6083275139692213e-05 2.50980216757e-05 -5.07105242186e-05 0.0036210147293318667 0.0007125050259607419
6.586 -0.6054305835295289 -0.709621960444 -0.178523588803 0.0009656766934319826 0.0013095658790732542
6.589 -0.6486326541561367 -0.789279466255 0.067288608463 0.0017487997368850242 0.003053873124979623
6.945 -0.35635429456918816 -0.481394701355 0.524815031624 0.0011337090601293094 0.0005258527941342035
7.0 0.5029373364719503 0.600008862767 -1.70983203915e-05 0.006767297169063753 0.00705888546719768
7.0 -0.5029291544922085 -0.599996997005 -2.89881401595e-06 0.0022668763337788935 0.0019270703534968257
7.0 6.300848033020822e-07 6.90401266281e-07 5.82383732422e-07 0.0031365513489500746 0.000709747070795505
7.0 3.1526299366625795e-06 3.78251440966e-06 -2.03421080588e-07 0.006246236519752122 0.003977677696843067
7.001 -0.3351790975515781 -0.39986107182 -1.32088465666e-06 0.00043893905297959766 0.00012848775174181725
7.001 0.33518388943032534 0.399866999659 -6.8648400485e-07 0.0001959744899701944 0.0007612331628298025
7.001 -0.3351836506260363 -0.399866580565 -5.88880036338e-07 0.0005187693379601464 0.00010387822799988693
7.001 0.3351753569514303 0.399856443433 2.89776520801e-06 0.00019054284004525962 0.0007875185271625745
7.187 -7.983155471635293e-07 1.55253061236e-06 -2.44547691377e-05 0.0033146526169244087 0.0007538682924977622
7.411 -0.5773111275481999 -0.61019369966 -0.73102349434 0.0007181389352561486 0.001087412126687339
7.5 6.536554008913199e-07 7.13139416956e-07 5.95962643468e-07 0.0030099722764045165 0.0007046494070267742
7.748 -0.23308358113005062 -0.20028311741 -0.778847969759 0.0006248776764816299 0.0018595460036828011
7.761 8.025812491367462e-06 1.31920507257e-05 -4.00789427319e-05 0.0034394503084205757 0.0009690752682759752
7.809 -0.45475806914567246 -0.608065856225 0.79948651348 0.0012095982650453003 0.0010974366981502245
7.953 -0.7200130975181174 -0.800141087454 -0.458841196123 0.0024094227128606933 0.011644303517995164
7.997 0.472298697800284 0.483879364475 0.747863287147 0.03006625621860629 0.028562343817349158
7.997 -0.6222779514594935 -0.800081791609 0.799422203386 0.001550201366956813 0.003163934597587169
7.997 -0.7467190106856408 -0.799956583473 -0.798879820756 0.00369183049198742 0.019456606968543653
7.997 -0.5751201266559347 -0.603631990822 -0.752452418043 0.0008008351321830903 0.0010620456129758627
7.998 -0.7704302849293805 -0.900407294693 -2.13658499777e-05 0.0037864089948641 0.021281175529130343
7.998 0.1848260747609127 0.284438831601 -0.751480097734 0.008640740299335358 0.013506194148401393
7.999 0.4723755794962977 0.595577791993 -0.477961834173 0.06055362233433764 0.06219381459569117
7.999 -0.6146511147645796 -0.737223078647 0.207443309863 0.0014844391859249828 0.0015170162779860172
7.999 0.006183305770624061 0.0778726348925 -0.775914197893 0.0006500766053385749 0.0026107784449956547
8.0 -0.34022104962768795 -0.397739663849 0.00147795234662 0.00191598831397978 0.000965988307584836
8.0 0.11428263993221917 0.123660418868 0.108724548002 0.00643903726140707 0.0031226734572010538
8.003 -0.4274838096565178 -0.499559 4.96475638347e-07 0.000382243219876643 0.0003156811851615261
8.267 8.679557645908517e-07 1.01733497846e-06 -8.82377218943e-08 0.0033167772004786228 0.001091424925844512
8.5 8.058963634290838e-07 8.72017732937e-07 7.24117931329e-07 0.2117523950885477 0.2100958010920147
8.729 -3.341220381284822e-06 -1.11252347674e-06 -3.31258564929e-05 0.0031378953114361064 0.001254241614259306
9.0 8.236759837182383e-07 8.87386321041e-07 7.44042960438e-07 0.2102550990816584 0.21292533325567126
9.167 9.845322010005425e-06 1.18264398763e-05 -6.78784793694e-06 0.0035289327997407673 0.001579986923324987
9.2 -2.065428207291246e-06 -2.2533840531e-06 -1.46366981843e-06 0.004041905229348903 0.0018837711288449835
9.5 8.437327921999538e-07 9.05591356723e-07 7.64086206008e-07 0.19877967943793942 0.20237593074704238
9.663 -3.1221983036552446e-07 1.67300203258e-06 -2.73073909536e-05 0.005902440374002142 0.0034965721263294793
9.99 1.0383393521387238e-05 1.2811356145e-05 -1.43388986515e-05 0.0035099626181921153 0.0021442462911150165
10.0 3.2258536837409007e-06 3.65619772075e-06 5.78387980902e-08 0.004112512900807373 0.0025215852428468063
10.0 8.200978298121467e-07 8.74404515105e-07 7.84036176137e-07 0.19931676715658378 0.2082211384647118
