0226 0.00021412645850605317 0.0021591938848787274
0219 0.00014612316126471614 0.00013601070383193243
2100 0.00046931545678512377 0.0015628483197521878
2093 0.00031865904284952775 0.00010643889788632535
0325 0.0002935076994434607 0.00783992295208607
0326 0.00045359388906994366 0.0001773712304378204
0224 0.00023572042087192607 0.0020220599843809987
1492 0.00034910047561300344 0.027926397288146842
0225 0.00038578259218281845 0.00018486314359570806
0221 0.00020206401415202258 0.00011891850976141774
2099 0.0006935807831479016 0.0002967429892900877
2098 0.0004054034513585316 0.0016257900492057755
0220 0.0002508522499378576 0.025202144359238093
2095 0.0004989266520663409 0.0001475044584984431
2094 0.00024677675615564215 0.02419083238808853
1503 0.0004421886366562214 0.0001886761735763193
1502 0.0006339660871171334 0.00015432058047845084
1481 0.0021425960341291 0.0011540078467897567
0436 0.0003841260484810555 0.003867244768403465
0415 0.0007693527369699082 0.0010436087843378949
0418 0.0005802719770056746 0.00018762088082894924
0327 0.0005566367354022569 0.00018642366757893344
0304 0.0007052742363611822 0.00012343552971237856
0459 0.0006122170530010871 0.0004480212761607953
0370 0.0008863774209007168 0.00018963097887219834
1124 0.004628674820002253 0.002382431424161533
2092 0.0005290664585677369 0.00015694195612372223
0159 0.0002984297354187953 0.0655851554127653
0218 7.791029916893919e-05 0.0005244774336733467
0228 0.0003953380076370606 0.00017501953398309025
0389 0.000882648231623483 0.00012050537274587055
0328 0.002386182026118721 0.0012858064872039547
1475 0.0004113930820939934 0.05097745184600701
0212 0.0003058661000545333 0.05027350756653562
2102 0.0009236417225159412 0.0004080888822005238
0070 0.0009478912163739622 8.698221473422465e-05
0072 0.0008462441412812444 8.971310258677844e-05
0073 0.0009620887760678314 0.0001901664017836245
0001 0.0009291412587411426 8.743881948213483e-05
0066 0.0011273928172232197 0.0001613018297084186
0086 0.0009303338865290582 9.200707810420273e-05
0067 0.0008889222107324275 8.866575338754826e-05
0071 0.0010061296464197603 8.758057975720063e-05
0068 0.0011907699722796716 0.0001208048220461068
0090 0.0011188816065655395 0.0003315990856144421
1137 0.000493031419054554 0.07541815990296459
0152 0.0003349820994689134 0.00017686504784179737
1135 0.00013453503187524615 0.010811755222216822
0002 0.00016744358362956856 0.0011242672097205877
0150 0.0003303495047086 0.00015914081776780022
0171 0.00046031720464740397 0.010469167130643104
0170 0.0005022050997828307 0.00023076885051801041
1132 0.00041985322724358287 0.0002351163024306459
0180 0.0006269890052903644 0.00012474688532904853
0153 0.0015917617020076154 0.0008141954148858469
0160 0.002097479051276604 0.0010510655703715546
0148 0.00014788426003737112 0.010873153555781409
1154 0.0007415132006850195 0.00010509889727860694
1122 0.00017908053466108076 8.55719124611412e-05
1155 0.0007486865058920517 0.00010457998858858146
1123 0.00017922607514395483 9.249638779977267e-05
0158 0.003671219661213552 0.0018524866494575426
0149 0.00030350646113261266 0.0016923321177101797
2089 0.0002347384775534896 0.02413793391845843
2104 0.002582509805779022 0.001415541733175941
0157 0.0029086771246226717 0.0014375570394955582
1153 0.0007038276470177966 0.0001104495052388913
0178 0.004442754960259751 0.0022741369713895846
0154 0.0002828203350843997 0.049977556005903395
0176 0.003404606649222578 0.0017073595689268686
0155 0.0010624855591775146 0.0005807261817746167
1114 0.0009347169907741812 0.0007154510579652864
2086 0.00031095844754803055 0.049567467119773674
1141 0.0007186185838425242 0.008478312975461673
0215 0.00024361303111115098 0.025172643505975152
0230 0.0012153936021250384 0.000636797810352648
0151 0.0002476020661054818 0.024505379508044906
1477 0.0024392357792094492 0.0013206164420369103
0366 0.0009962634505031019 0.00022834761907901497
1134 0.00014190635263234126 0.010980554158707455
0172 0.0037112712889227233 0.0018595725799899366
0329 0.00040151996541501256 0.05126977075005177
1509 0.0006127773162006163 0.0009844557992955147
2096 0.0006205562602920846 0.0007195685090215559
1125 0.0014351417069213758 0.0027298105132708976
2097 0.0008794601130561013 0.0002591935369107278
1506 0.0007420645279184597 0.00013168271785180322
0217 0.00031844493762602546 0.0002760579738405304
1497 0.0012553346314661564 0.000615813993127976
0330 0.0005550166005854646 0.0001896299967125841
2085 0.0005351131409807904 0.00029936350325574597
0213 0.00024694241282648176 0.0003879214892998952
2091 0.0006189306372100316 0.00014049005531435388
2087 0.0003754782772018139 0.0002922771998624741
1476 0.0005687689813682454 0.00018333132625186044
0211 0.00020430510802579608 0.0004868029299660276
1507 0.0006232662351682288 0.0002953337626238969
0156 0.0003598101681772953 0.07626752414280148
0376 0.0007454482067852086 0.0001517815776723369
0394 0.0004983265714246824 0.0001932649863694222
0462 0.00033877724219616293 0.014235920950479182
0447 0.0005358739835539807 0.0005406302247564518
0216 0.00019331954906786497 0.004173641360362436
2090 0.00031270254424619747 0.0039437374097503145
0227 0.00019797609611623885 0.00011780604877283049
2088 0.00023515596319267402 0.010017829252543289
2101 0.0004816797874283149 0.00020153351938384276
0214 0.0001555235706317808 0.010702916606023828
0585 0.00039632516224039153 0.003914497148591552
0229 0.00016680267864948982 7.848926629421555e-05
2103 0.00042806785265294295 0.00017645523254747233
1495 0.001046046939514426 0.0004930381548219515
1501 0.0004065318286491861 0.00016755441877482446
0222 0.0009274898915883834 0.0007300270504157773
1499 0.0006450610932434335 0.001370237459176869
1500 0.0002672905037018165 0.013845714217728487
2106 0.0011658355266305777 0.0005815310265539943
2083 0.00032476455074230756 0.03584886268225588
2084 0.00020935825220368378 0.011469170682006783
0209 0.00031193109975465304 0.03637037989757917
2105 0.00032745399077199435 0.00011820706030062741
0210 0.00016477063234217993 0.011999547737056629
0232 0.000631923937139529 0.0003619691602479897
0231 0.00013247164178117513 9.116828748035626e-05
0004 0.000715321513645466 0.0018337477385894513
0005 0.0013408015792423628 0.0007078835067413099
1376 0.0005151537872264092 0.00024404478692803175
1498 0.0004078835644677698 0.0033182952108869
1351 0.0008957378989690406 0.0003649047693220101
0544 0.0012804942434576183 0.0007249413827508928
0518 0.0014552440947919437 0.0005146616254729129
0396 0.001613854018250386 0.0009988525990375526
1513 0.0007779520737285418 0.00018946561109885407
1352 0.00031496359938797206 0.0013416933883279136
1496 0.00044683163395537286 0.0005458335043672927
0626 0.0026029029536391757 0.0004728254181174687
0311 0.0006808554538177568 0.0003287437238227976
0523 0.0002528138050218725 0.005066181952392414
0198 0.0006095770303463153 0.00014206512900565786
0312 0.00013244982975660314 0.0010136226807094175
0313 0.00015427586715441283 0.0008908077662570014
1353 0.00015340253369451801 0.0008655012919514706
0318 0.0002307515842876968 0.000604711838822344
0310 0.001201456639525471 0.00017868226733470344
0305 0.00018729565894977395 0.0007040834823461476
0314 0.0001997838539319273 0.0006852404504575239
0307 0.00024135903985403136 0.0011697649180564965
1490 0.0019625379560360904 0.0011947169185379963
0465 0.000596617488536256 0.0027533369939057944
0486 0.0037363371851284097 0.0026787692043608786
0438 0.00032679896247622616 0.03182219426374569
0559 0.004486587410030108 0.002980457386619797
0475 0.004556728083711785 0.00241815781308761
0409 0.0024977130580912162 0.0016172375075279416
0503 0.005191550758136649 0.0019198720146354994
0535 0.00013808578054693782 0.0039041816585842085
0386 0.00024581516977659125 0.013232682164387746
0398 0.0001476373975722653 0.007415518580885143
1223 0.0001597849521893284 0.0014649956154501348
0591 0.002381248353230999 0.0011667304025454771
0464 0.00029749071449377304 0.0015793849763910258
1143 0.0015782667659602376 0.00028863370479907544
0466 0.0003547145077536901 0.02445008227831148
1142 0.0017211887760815174 0.0005258211700709083
0377 0.0020127581326775147 0.001420457555210443
0525 0.0016050619763736203 0.0025489980342084185
0507 0.0007652439970148376 0.0008186532059551078
1487 0.002318684202471953 0.0007496880375237217
0315 0.00015579047101633786 0.0013445076824025442
1508 0.0003885422317361275 0.00011300159645348224
1474 0.0015599099908886608 0.0037972383064396884
1493 0.004427011069444732 0.0032347588609855614
0306 0.00635259704968731 0.009216143712338785
1505 0.003819503239631903 0.002141863756178483
1471 0.0003717888788921326 0.042842957135072766
1482 0.007843701992929367 0.0030934765462659014
0625 0.0021473850678037348 0.002088478431232716
1413 2.7888391329424138e-05 2.8517405828692993e-05
1473 0.0025482566250612675 0.0013504330255239118
1511 0.0012352093374401493 0.0001344816026452558
1146 0.004105131603949267 0.002080927275442792
0437 0.0001655161098539182 0.01070505706154232
0404 0.00023937664885394523 0.007469991372480316
0579 0.0011469819693119578 0.00500253693912776
0361 0.009139482924275124 0.006910274876764058
0369 0.0037210448446361177 0.007533956374259321
0392 0.01048477246065839 0.007164969986183312
0019 0.0063778237678525414 0.0013018757581830097
0025 0.0020931425529096513 0.004630265396173682
0441 0.003670923018138811 0.002205187270684879
0385 0.005013123710794816 0.006378663265821002
0008 0.0014627709927528597 0.00012889153708331574
0007 0.001452776560299461 0.00010867950647451468
0593 0.0013059729657870724 0.00013003414696808823
0397 0.00042584691345280435 0.02275427509881681
1415 3.267003566121428e-05 2.329912561454043e-05
0440 0.004190715335115271 0.002083422585885849
0372 0.008047537351504297 0.010269623360351199
0016 0.0013708764565000052 0.0020024928707913043
0014 0.0015633883621418675 0.0018691248278366668
0013 0.0001286474065943165 0.00037571368662246056
0012 0.0009317283040550693 0.0024697072439134457
0009 0.0001298006190292144 0.00043649717110452025
0194 0.0010744763351888094 0.00010805283887363688
1470 0.00048364777939070337 0.03134386783521563
0499 0.009440164717357518 0.006953409990506787
1480 0.0006012075721430776 0.018572808388571616
1479 0.0002594495638126085 0.025059733895531972
1488 0.6808924629308812 0.6837815008168664
1412 1.9759793179762558e-05 0.0003816985005909406
1491 0.000401310876296551 0.00421937764686563
1465 0.00900257694179654 0.001330387978569858
0501 0.005125414639455418 0.0031494479401132794
0423 0.00021504437863177487 0.006341980869134234
0488 0.009393788515035249 0.01504463258585565
0473 0.0008298136343272795 0.006023593828657388
0435 0.008644671799824703 0.006277106347083259
0355 0.013418075989330968 0.004600818450426858
0414 0.00018461086344520816 0.01439341844294461
0566 0.012250862104039709 0.009335124272598685
0512 0.0002965308043933322 0.021898438926649638
0451 0.006783679189236986 0.0033421169667567255
0550 0.017003107020978334 0.011171923912086979
0382 0.015088656016168132 0.011103759670943148
0402 0.004124938613593945 0.0018086771895812653
0371 0.00039877763254240507 0.0011921705445871863
0454 0.0007180383745221998 0.0185766933493544
0552 0.018728365071719513 0.022865567055737106
0388 0.0028631957511688847 0.004198789639368253
1510 0.004647898850220014 0.0018124466594419517
1416 0.00011773714568653246 0.007022467940724689
0545 0.00018523473824232057 0.005992438506412955
1414 0.00019888792624929435 0.0020292023808591237
1354 0.00220113475557752 0.0001726312694390013
1469 0.0009593028657402274 0.0008949404041833605
1466 0.02200069044951405 0.029221394365418797
0580 0.00031842144169641403 0.006432458289147433
0530 0.011694261618126105 0.0067823125770050995
1478 0.01178986291665223 0.015465284008989798
1504 0.001360882139576122 0.00018458205121439048
0482 0.0018214138806591721 0.00012733071879987015
0239 0.019616254377347635 0.010275682264790123
0252 0.005223674604343882 0.012328675666872378
2113 0.020509240876684882 0.010924836453118498
0248 0.018286403897675312 0.013431171565380488
2126 0.004328713151409148 0.010918476307617025
2122 0.020222894376188214 0.015177583753803577
0332 0.021841489041145697 0.015475517589405326
2117 0.0001561707321122885 0.008284494398946879
0243 0.00016991671334558393 0.00845205117315547
0258 0.06335846477531669 0.07353358820505174
0399 0.005884843283420645 0.0029618213429222183
0333 0.0025872017478785936 0.0011901714622480097
1222 0.002498981514324139 0.00018258170520746498
0410 0.003102215883226648 0.005296895347289506
0233 0.009256936967562003 0.0008456593910393865
0234 0.001498116465198552 0.021842667469413834
0331 0.00020053776769292578 0.005741354620980502
0407 0.009559764551787576 0.00460820874793979
0375 0.0004835805225765106 0.001056584185146645
0584 0.001031024646811736 0.003754714095898535
0257 0.0011520692663862047 0.0006716975844307656
2107 0.010415062793747626 0.0012897511657376395
0354 0.010530030883657452 0.0038937328763247792
2108 0.001587006083813008 0.021504151962120157
0334 0.0010924278290335716 0.021084249995126644
0335 0.012270546550828263 0.0018248542907005267
2128 0.01278378129079513 0.01875366211227785
2121 0.013638851853398234 0.008208489921562988
0574 0.0023571933674145645 0.0008789954883962454
2132 0.055138447142593555 0.06430102235564093
2131 0.0027129565675479586 0.001280105712219288
0245 0.0010205167077912479 0.0003227343244666046
2109 0.000450160577466665 0.011907891207159902
2119 0.0006346537383599714 0.0006483385171281014
0599 0.0012869766548575467 0.00011640407528666993
1112 0.0034399438194441683 0.0008361895225371945
2118 6.499923265209012e-05 0.0032440457501716345
2127 0.0019832803935929 0.000726216187489233
2114 0.0013681661189489116 0.0016316483558072577
2115 0.003427939082419218 0.00018300673913174928
2123 0.00019050154631237794 0.0017848079334593344
2116 0.00778975589881634 0.0015110277727879715
2124 0.0004230765077267729 0.0001211265797106842
0253 0.0011340925707050387 0.0002862873150093273
0247 0.012497194601756514 0.007349873222587402
0238 0.0008008719564930138 0.0069027622683742705
0235 0.00041238192974357924 0.012014167462381476
2130 0.0017851702559233914 0.0006298165950952287
0448 0.001729250202633661 0.00480051255422379
0254 0.014536001218539665 0.02088443029680154
0256 0.0009333400163786676 0.00023550804129927083
0244 6.400172416138538e-05 0.003906412801897723
0237 0.009539479120511314 0.0013355356400918006
0251 0.0025491549400981544 0.0008865472258090651
2120 0.006491795799388404 0.002417587364019516
0249 0.00011450564479460444 0.0015464044116391754
0242 0.007884987031660276 0.0015616254610139988
0240 0.0013519242101536547 0.0015988234218628262
2111 0.009642427394865495 0.0014435592467560996
0554 0.00010245642152182706 0.0015065990579616892
0184 0.002200702357994316 0.00013430681223768743
0255 0.004001075176099613 0.006517596451331569
2112 0.00042094661025435904 0.008276579205846324
0236 0.002134218207353467 0.0025059128705646285
0169 0.0021149058513001326 0.00012390648708847897
2129 0.0030966987628316843 0.0052727325587982035
0461 0.002891861881507622 0.002154252237213382
1166 0.0027264291677215357 0.00022517399078732985
0513 0.008972540811129982 0.013416719955910261
0387 0.0008973907887770203 0.008244069126610947
2125 0.002512564399038907 0.0008616533650293139
0412 0.0008400957823647681 0.0017995038430153193
1164 0.002554420242016997 0.000182427083028898
2110 0.002371270573479115 0.0024789924844335247
0241 0.003532878159704673 0.00012995702485287468
0250 0.0004012892801986916 8.383553909603298e-05
1167 0.0024405293431733087 0.0001647959675891748
1165 0.002538851451791434 0.00018419581073800232
1148 0.0029249566630110318 0.0012513320476078714
1147 0.003568453625638929 0.007831106246415935
1494 0.0012324027827992495 0.003932334985075058
1467 0.01739779530918112 0.005513856085891168
1459 0.0030962539217722455 0.0012923608937689041
1468 0.011730315209084121 0.007524546595282049
0201 0.002997008120281028 0.00018014401135667005
0631 0.0011206908108450863 0.0010969725338387192
1453 0.07011949044040328 0.08342105650253599
1472 0.00200446252047616 0.0050755899068128255
1512 0.0011714530881212879 9.64874056484889e-05
1454 0.001986380297302468 0.0065972664668609024
0259 0.0035276530588327316 0.00022808706706585962
0191 0.0034030998175398493 0.00020417545108226474
1462 0.006244710792890398 0.0004780948922298828
1461 0.00044884811005659893 0.0033866268899065133
1484 0.007470666668523248 0.0007148751628968776
1387 0.007104345727173157 0.015375211908661061
1456 0.0014730598739264883 0.0007929521165756414
2151 0.0032359381393041397 0.011946455147859346
0280 0.030403801983031643 0.01871223278026845
0261 0.009425965978491309 0.0015998765246183846
2146 0.0325690912761255 0.016640805902139105
0293 0.00088218020819894 0.001625950892184857
2133 0.011061411110619005 0.0023122330668622886
0260 0.005400954761683803 0.0013074763529354876
0279 0.004664657126078102 0.014756269154947646
2145 0.00024794936231098505 0.0036344525518753387
0274 0.029664160979510332 0.014618477675234921
0292 0.09787339049046455 0.12014860745440782
0273 0.00010214987661611157 0.004363374654389819
1221 0.005537740975175572 0.0005315173932304527
2152 0.0351326694423055 0.022434565064015064
2156 0.007055941505414979 0.016499528632314527
2135 0.011533363366727136 0.0023932682657066273
0263 0.009448962967106168 0.001461012034631844
0268 0.0004889944830887572 0.002173628659209003
2141 0.017120402244694473 0.005419623895568153
0264 0.0008522543966486925 0.0013947942791351713
2142 0.002615042165216958 0.00033809305411943563
1152 0.0010563785109600906 0.0007635930553635994
0277 0.010843785599951408 0.00299718570767192
1151 0.0010606447333765992 0.0007617251854584264
0046 0.0009360753703604145 0.0013746761950189869
1150 0.001106043439337651 0.0007853678774715223
0285 0.010840733721753605 0.004636197172405219
0291 0.002303063674548084 0.0003539353828349025
2139 0.0012743198988151832 0.001285819185704455
0045 0.015448364954145522 0.026989413901722225
0047 0.002862327087226488 0.0004213006444362813
0278 0.02216290727714742 0.010418487427688132
0286 0.002799594817898762 0.0004081601901296823
0267 0.0009891367357214094 0.000960626172574794
2157 0.013246231274406538 0.0062518037375699845
0284 0.008524049298499767 0.01870647651830396
2136 0.0012581056758252107 0.0011958070622609656
1172 0.0018461417629945878 0.0007867895933985554
0275 6.457182187538736e-05 0.003475569605660407
0269 0.015198558397339051 0.004324682018404415
0287 0.036144289447665755 0.05165187645518251
2153 0.00033424544050816743 0.0038925256136020346
2159 0.032234537376363184 0.046939693126161884
1175 0.0018322159301060387 0.0007858501469450648
1174 0.0018243248605024564 0.0007850624080249775
1173 0.0018571449192034128 0.0007737062188532467
0283 0.004437435366632527 0.0007489977737338474
0281 0.0005889950232395624 0.004810099453671723
0272 0.00964658828241986 0.001642225999828429
0270 0.0019489965279034403 0.0004360849467808694
2140 0.0011091479444483067 0.0014880111443080193
2150 0.025461186452425795 0.012706361533642194
2147 0.00021959169694142478 0.0025375619492868664
1178 0.004376549206421872 0.0003270366990170609
0262 0.002733132989511886 0.00024260715724687797
1179 0.004395688978937702 0.0003203448718280439
0266 0.006495131938910312 0.00048113813966440367
0290 0.0002793088429548366 0.0017034619978489075
0183 0.004260964688304285 0.00021522406508116092
2138 0.008037003437150754 0.0010074348439447866
0168 0.004147785488460325 0.00019107431983032597
0265 0.0011587262598247575 0.001043427012013723
2148 0.001433533091576881 0.00045602477511284644
0288 0.025724109652665902 0.03855738456074821
0289 0.008251855315184839 0.015560241976636982
2154 0.0008717177785534918 0.00037968016196907603
2134 0.0037764996042793483 0.0002864905701482448
2149 0.013679730150382855 0.004537971466207676
2163 0.0034937893485679316 0.0008107248947115744
2143 0.005295659120633329 0.00023475435905134846
2160 0.023988177402146944 0.03643507557245701
2162 0.0004417214617204186 0.001120549688408795
2144 0.011238773560039479 0.00234957115404224
2265 0.0008719799003960964 0.00022081254957610077
2137 0.0017014618294880284 0.000871786151324319
2158 0.004947944515718463 0.001347061646197156
2155 0.005936922475381884 0.001366277571303568
2161 0.0068182998016743926 0.013487094027781468
0271 0.005706603551654775 0.00026508785041918777
0282 0.00038062662716372396 0.0006913812016221974
0174 0.0046949416993519585 0.010930260358190974
0036 0.003191478550248457 0.00013064410322987822
0041 0.0020809904632983923 0.006730283723487285
0031 0.002836079245971913 0.008045134718022253
0040 0.17717953123829824 0.15554682220483537
0038 0.0033527218714101852 0.00012236156832601323
1485 0.0023810961182940643 0.00895664390344977
1446 0.00862528346412938 0.0022812780325933064
1447 0.005064585760813781 0.001650128677036765
1483 0.01106288633252064 0.02070837859633167
1457 0.017843236899497867 0.009318737311250566
0200 0.004570692654581699 0.00018866745072764526
0317 0.01728892721749432 0.03090678074092096
1489 0.00015104296881185314 0.002690741356589333
0193 0.00489496076482902 0.0001901781590867539
0294 0.005551915661846465 0.00031102877100608865
1452 0.12252818814228138 0.15057396156032055
1486 0.00041846428303476447 0.004929541349401559
1458 0.04162680831097107 0.020900225873843676
1932 0.004553976834604584 0.008485875408682526
1907 0.04032203315984164 0.01942410087372185
1966 0.0008440816342699213 0.0019417418782389651
1962 0.01865437824757457 0.008216120592944099
1936 0.006785706312608249 0.03904644978498487
1942 0.01878392449417975 0.03943757670819473
1911 0.00037403104113401507 0.004797938329904641
1938 0.03363431672227536 0.01667376891409737
1906 0.006854147606181356 0.0005468775361032861
2018 0.003196700848271747 0.009795870145510421
1937 0.00020601914644021466 0.0034577969715752117
1417 0.010343412457133246 0.002250568097630631
2036 0.0007178009909548104 0.001502718145535443
2013 0.019460360736214433 0.005974807303619972
1961 0.005064846858347169 0.002289240319438998
2014 0.01738253803686833 0.030203582977539358
1418 0.0017441393317171026 0.00461012550347548
0182 0.00527911976592668 0.00014716557049363697
0167 0.004608207889968044 7.069918772558418e-05
1931 0.00393051564248551 0.017357184849650303
2040 0.003988699515897542 0.022436204060766234
1220 0.005605542707935653 0.0001937044805240433
1451 0.009642009025167268 0.026221581246463028
1450 0.0007350595613767515 0.0016238279937130058
1449 0.0031900093061913992 0.028639110979193493
1434 0.0023240107321946526 0.0017142024975470356
0190 0.005226068260424372 8.042512361855387e-05
0295 0.0054871135864707835 0.00010317539226732035
1445 0.01013705395019899 0.009380397323349419
1463 0.0029808659634827277 0.013420982725284941
0112 0.005113566997888743 4.8895154901717896e-05
0055 0.005110985293281238 4.7692119420083783e-05
0056 0.005116636485625662 4.620972660560626e-05
1111 0.014436038058284589 0.16688913119686136
0208 0.004339327141252326 0.12191731079590921
0110 0.004089401801027327 0.019148205508828706
0109 0.001657204313064279 0.010667376831403936
0187 0.005025249646465523 4.529693716378899e-05
0296 0.005103464554191399 4.468916361504406e-05
1428 0.006422610534547481 0.19537865294383036
0197 0.0048762705639157486 4.0560639422075866e-05
1440 0.026071447538206307 0.050086330288414374
1443 0.025963412417574515 0.06211580128100473
1432 0.01756318904783793 0.003881498735355775
1438 0.047524612682114185 0.017000724165935566
1444 0.00046883670105919473 0.0037596964310846414
0181 0.005036576368316903 4.8923205955333455e-05
0166 0.005900195232568648 0.00012898544567034717
1437 0.0707278178075052 0.10973217848187725
1425 0.001753930656712272 0.11900471703909055
1436 0.0008783496874896629 0.007475726106506785
1424 0.001923125644462016 0.175697222542678
1439 0.11945271366398821 0.17851199858110062
0297 0.004453415879780501 8.649563041151285e-05
1464 0.0008853066471612532 0.0009752138301697058
0192 0.00442608937162729 8.691046422177267e-05
1442 0.001096569482640006 0.16442200712624572
1435 0.0016966223149203867 0.22839325980326539
1448 0.001301177285943772 0.03297202485694998
0202 0.006731748048784245 0.025587890870798224
0207 0.002350221052597937 0.11070387367707707
0298 0.003738187160885361 0.00022724110358001838
1110 0.00561025508137799 0.0025556913444474477
0205 0.0005964071003015043 0.024376991134375598
0204 0.00018442533425261443 0.01454867838013547
0206 0.0006906509534649085 0.024528708188988314
0203 0.00018892693364767936 0.015078310382010395
0188 0.004003941632705563 0.0001513043830379289
1427 0.0007239043101725187 0.1913703148325806
0299 0.0036146984920635804 0.00024745825957942543
1429 0.0006891716983611269 0.005941473426087512
0195 0.004128992770484837 0.00015301296702726074
1421 0.0012700099788573065 0.11724885953588707
1422 0.002267500484823364 0.5640160058415448
1426 0.03671596078852101 0.00569778654256755
1420 0.001383169431901083 0.35317745658306016
1419 0.003826316021714648 0.6582471480042045
1423 0.0008464980538431459 0.23759059391004209
1375 0.003407182778941023 0.735585853874652
1430 0.010739846647286696 0.048742060536485006
1441 0.07132981387557379 0.14230191004465942
1433 0.0016525215627868248 0.30369884695696103
1431 0.000689078790815271 0.010069890870151386
0063 0.0041985872552976825 0.0001835546984452296
1455 0.002575461897113719 0.05449088241542689
1460 0.0075885508930899235 0.0010742109156245889
0064 0.00026473872639557524 0.08415581113353579
0114 0.00040383462833849283 0.07821155996459112
0186 0.003956088493280973 0.00019179155191776604
0300 0.3083882408318761 0.3057686443294348
0199 0.0036597694204760288 0.00027134888387127096
0301 0.3048999074088745 0.313888144532309
0189 0.004206418596168625 0.00019068646326415764
1108 0.004884409708889519 0.00022184236649525448
0302 0.2879252102002565 0.30010257946929914
0196 0.007589234215150262 0.0014790339009254725
0185 0.0040701444725460756 0.00019064098803005334
1107 0.004934413694009285 0.000300572033835761
0303 0.2783306997542685 0.31476354397077333
