1492 0.0003491004712693536 8.973206398679099e-05
0220 0.00025085228696915783 6.317753017130441e-05
2094 0.0002467767971992179 5.7018999711350414e-05
0436 0.00038412609277990094 0.00010199921491598392
0415 0.0007693527811437033 0.00021243695531166754
0389 0.0008826480941801042 0.00011510155335010545
1475 0.0004113930932303076 0.00012766641987358734
0212 0.0003058661053040005 5.6004365921104494e-05
1137 0.0004930314443838512 8.225220235963642e-05
0180 0.0006269888389956954 4.501010858168926e-05
0149 0.0003035064729142668 5.168803298883633e-05
2089 0.00023473852161097616 5.579436203392036e-05
2086 0.0003109584507323927 5.119037563595837e-05
0215 0.00024361307002475038 6.148667528634621e-05
1134 0.00014190636228217406 4.2842860579772145e-05
0329 0.0004015199755865692 0.00012945535564229312
1509 0.0006127773036328163 0.00012916946600622503
2096 0.0006205561146015651 0.00010855973534592544
0156 0.00035981006658950215 6.176730691474785e-05
0462 0.0003387772558343108 0.00012644422908128944
2090 0.00031270264166810693 6.668859506656549e-05
2088 0.00023515597399720247 7.52585286501683e-05
0214 0.00015552358008670512 3.693855479969398e-05
1500 0.0002672905618364755 8.090917014880644e-05
2083 0.0003247645610734376 6.542170713983274e-05
0209 0.0003119311172101133 5.762863970866553e-05
0210 0.0001647706790384202 4.319582054661192e-05
1351 0.000895737819925518 0.0002449246071284927
1513 0.0007779520755043357 8.915154603773695e-05
0438 0.000326798958913921 0.00012572420807395793
0386 0.0002458151729753269 0.00011994934528073307
0398 0.00014763743452049898 0.0001953931952996374
0464 0.00029749066728811005 5.862529297445413e-05
1143 0.0015782667649817698 0.00045119624430335295
0466 0.0003547144865271729 9.816333105910743e-05
1142 0.001721188670311276 0.0006627039656050275
1471 0.00037178891530203464 0.00010094633120897315
0437 0.00016551613124000757 0.00020175015242995505
0404 0.0002393766871185941 0.0005908790213963521
0397 0.0004258469127335321 0.0001738986412268983
1470 0.0004836479087025807 0.00015562800403832606
1480 0.0006012075060086984 0.00026550035061860316
1479 0.0002594495715379456 0.00011749495708459379
0414 0.00018461084547334 0.00018441173692702493
0512 0.0002965308188467583 0.00012103482719444309
0371 0.00039877767638320406 9.555793147667409e-05
0454 0.0007180381975351397 0.0003281111860888
2117 0.00015617073537233455 0.0007959801943253205
0243 0.0001699167173238241 0.0008504118632981924
0234 0.00149811643777843 0.00038190818849579436
0331 0.00020053777377594486 0.0009853794852564385
0375 0.0004835805610446015 0.00010896328118086774
0584 0.0010310245103121978 0.0003748224798014323
2108 0.0015870060621250184 0.00042039034213950095
0334 0.001092427872444972 0.0003310982954622036
2109 0.0004501606654856186 0.0001242417492246672
2114 0.0013681661758698869 0.00039530925043521585
0235 0.0004123820385790491 8.463398801363948e-05
0244 6.400172472194725e-05 0.0007700165308817908
2112 0.0004209465427306527 0.00011082030718481988
0236 0.0021342179732868507 0.001023280624212038
0387 0.0008973905154691299 0.0003813362682232181
0412 0.0008400956029320901 0.00016637989505468423
2110 0.0023712703188587497 0.0011900648217132142
1494 0.0012324027816017235 0.0003720513295295394
0631 0.0011206908118222248 0.0001753805027219391
1472 0.0020044625627779534 0.0008059953796383446
1454 0.001986380279163816 0.0004668238170355314
1461 0.00044884805223623575 0.00030338562625047057
0260 0.005400954765236742 0.0012427485432616393
2145 0.00024794931235474734 0.0007119670452911877
0273 0.0001021498665025515 0.0009878233198365122
0268 0.0004889946145432045 0.00019508860612538803
0264 0.0008522543876708553 6.883883166568351e-05
2142 0.0026150421611933934 0.00044471061620293044
0046 0.0009360753062224817 8.320937245747626e-05
2136 0.0012581056565298314 0.00016207956638574373
1172 0.001846142041386368 0.0002934259918339411
0275 6.457181260218932e-05 0.0013673392113932052
1175 0.0018322162085944035 0.0002897925973655729
1173 0.0018571451953910817 0.00029909237517421265
0270 0.001948996503233157 0.0001907689913521675
2140 0.0011091481392135213 0.00017734606663716862
2147 0.00021959172694668844 0.0008257487511015625
0262 0.002733132982459742 0.0005684370278886404
0265 0.0011587262128506539 8.890288743597667e-05
2148 0.001433533141660768 8.743254183865364e-05
2134 0.003776499587799224 0.001125855659500157
2143 0.0052956589216074275 0.0015690724073226146
2137 0.0017014617745728256 0.00025922127993969715
0200 0.0045706925013599 0.0006726316895751936
1936 0.0067857062999536035 0.0013945261699601593
1911 0.0003740310407207309 0.0032716177695380167
2036 0.0007178010720812692 0.0007880795442811883
1418 0.0017441393221625573 0.00017112137873447736
2040 0.003988699401255984 0.0006105246878782993
1450 0.0007350595462749657 0.0012344514123045047
1449 0.003190009137095509 0.0004798430058576148
0208 0.0043393271519962 0.0004271691760145886
1428 0.006422610881948247 0.0009195289032727633
0197 0.004876270629024196 0.00014066021878819746
1444 0.00046883670113339747 0.005866653597605182
0181 0.005036576299763412 0.00010197686828372347
1424 0.0019231256231475734 0.0012429887095282948
1464 0.0008853066368264649 0.002228611760788694
1442 0.0010965693139946982 0.0022328733646373557
0207 0.002350221077641205 0.0011927614895153036
0205 0.0005964072239860527 0.002259314656696908
0206 0.0006906511004153127 0.002081677542428948
1427 0.000723904282432661 0.0038964806249952894
1429 0.0006891717052254605 0.00767230608422345
1422 0.0022675004585497034 0.0017497757625287722
1419 0.0038263157581254507 0.0012526929167899579
1423 0.0008464980671910848 0.005281219689245055
0219 0.0001461231940112507 0.00020665747425674833
2093 0.0003186590682736229 0.00012561556749875067
0326 0.0004535939871894264 0.00021766921322938717
0221 0.0002020640154579899 0.00013876731649299385
2095 0.0004989266719694882 5.8347411846354155e-05
1502 0.0006339660090548655 4.172655743990068e-05
0418 0.0005802719135976253 4.8732136265311704e-05
0370 0.0008863774031935477 5.9144881359519175e-05
2092 0.0005290663474748386 3.176888281934627e-05
0217 0.0003184448468048207 9.614199649494875e-05
0330 0.0005550164522948835 5.6845730630626016e-05
2085 0.0005351130488505364 0.00011116221948984822
0213 0.00024694235279438365 0.00016474949500536022
2091 0.0006189304871019021 3.0412670681835026e-05
2087 0.0003754781759808393 0.00010510204188904568
1476 0.0005687688399099665 5.5979552695606276e-05
0211 0.0002043050683829698 0.00023555946083830438
0447 0.0005358740061246538 5.19965527454557e-05
0216 0.00019331963446364792 0.0001253644057989849
0585 0.0003963253158907091 6.966911018105521e-05
1499 0.0006450610853905832 6.54203845550008e-05
2084 0.00020935830670406848 0.000272526433422873
0004 0.0007153213110518676 9.143711021419927e-05
0626 0.002602902977499701 0.0007568237668765835
0198 0.0006095770099187641 4.2020921509500056e-05
0559 0.004486587376435207 0.0018704586310041044
0475 0.004556728041621653 0.001721711058600185
0503 0.005191550408074787 0.001984481066510027
0377 0.0020127579432556624 0.0005952018858298164
1487 0.002318683782310656 0.0006388447883253636
1505 0.0038195028462470765 0.0012855004870598644
1482 0.00784370203732423 0.0033214507462229455
0625 0.002147384934881714 0.000663670929496115
0361 0.009139482071994835 0.00479998034941484
0392 0.010484772473981958 0.005197151088702004
0019 0.006377823707498384 0.0021822422565039717
0440 0.004190715196004583 0.001188588734063382
0016 0.0013708762849609611 0.00017180853082916412
0014 0.001563388149634565 0.0002895326359795829
0012 0.000931728157526202 9.123602249245605e-05
1488 0.6808924628934037 0.6855022671189299
1465 0.009002576997807701 0.0032017848612286544
0355 0.013418075111960777 0.005271541762680031
0550 0.017003106566831294 0.008421386912095612
0382 0.015088655723538931 0.00800845819825273
0402 0.004124938688584385 0.0011583511746389012
1354 0.00220113471521173 7.047318268235069e-05
0239 0.01961625436549406 0.0077555016264163655
2113 0.020509241014562245 0.008343694118136558
0233 0.00925693705777356 0.002472102554091352
0407 0.0095597646971838 0.0027400216853951487
2107 0.010415062867324416 0.0030509991073754067
0354 0.010530031225962641 0.0026738886123015594
0335 0.012270545939226789 0.003837654117375428
2115 0.0034279388313009705 0.00011203398417314015
2116 0.007789756022779154 0.0013001364677456574
0247 0.012497194253358013 0.004625141548287585
2111 0.009642427402373891 0.0022174332709686473
0461 0.0028918616246125595 0.0003114562383883209
1167 0.0024405293061812404 7.354263580793126e-05
1467 0.01739779545642168 0.004666837285940626
0191 0.003403099813700896 0.0003100150919582911
1462 0.00624471069576575 0.0007632311288679771
1484 0.0074706669974086036 0.00023393698037516524
2146 0.032569090834976125 0.008463692229795948
2133 0.011061411054231566 0.0005709460379654398
0274 0.02966416076239857 0.006797730045131232
2135 0.01153336349784129 0.00041374776993372724
0263 0.009448963049685873 0.0001462682896269196
2141 0.017120402230343213 0.001439160354245251
0269 0.015198558369645471 0.0009277589812497246
1178 0.004376549264240557 0.0011125585863371958
0266 0.006495131522772433 7.676490844202364e-05
2138 0.008037002835344293 0.00016399864816004741
2149 0.013679730224980443 0.0013605566136140274
2144 0.011238773557825954 0.0004400401704478352
0036 0.0031914785039629306 0.0007405693564543701
0040 0.17717953122692798 0.1471732813597592
1446 0.008625283445409157 0.0005314052723727227
1458 0.04162680795687341 0.009221682016419128
1932 0.0045539768311270235 0.0004948147742705732
1962 0.018654378125563205 0.000768167967733821
2018 0.0031967008889678085 0.00070803586000382
1961 0.005064846835121089 0.002905709582433744
1931 0.003930515714273016 0.004025138252666366
1220 0.005605542605300981 0.002983289792850072
1445 0.010137053941167491 0.0018970964120036357
1425 0.0017539305302172782 0.0067008410311731196
1435 0.0016966223577086423 0.027032874053345604
1448 0.001301177269588363 0.008772847905229598
1421 0.0012700099521463703 0.004233790805685308
1420 0.0013831694395694872 0.04043238736185971
1433 0.001652521645236984 0.026962461918521523
0226 0.00021412648025850766 5.55231004829805e-05
2100 0.00046931549688109984 8.53555600145807e-05
0325 0.00029350770744852536 0.00010256232157454329
0224 0.00023572043950328424 4.429338361044144e-05
2098 0.0004054034899583058 5.991846537653539e-05
0327 0.0005566366089698029 9.457136561581723e-05
0304 0.0007052740490862564 7.491292471008203e-05
0459 0.0006122170503528565 7.821508893185145e-05
0366 0.0009962633618689723 0.00011125256575100203
2097 0.0008794601545875692 7.736798654065148e-05
1506 0.0007420643746614301 7.897622875501531e-05
0376 0.0007454481446793209 9.375222790984268e-05
1498 0.00040788363583951786 9.73066797383792e-05
1352 0.00031496374757267393 0.0014522563812192667
0312 0.00013244987200313016 0.0005889472323842014
0313 0.00015427586583732726 0.0004267518266417896
1353 0.00015340259544422864 0.00041919916008270326
0318 0.00023075164556171358 0.0002861985735759
0305 0.0001872957212361157 0.0003319490764829624
0314 0.00019978384302957804 0.000262558010608935
0307 0.0002413590159140387 0.0003721552422004889
0465 0.0005966176279538402 0.001953187954316681
0535 0.00013808579590332816 0.0003033560406813671
1223 0.00015978496470910443 0.0010300367001177355
0525 0.0016050622913877169 0.004484090252243499
0315 0.0001557904791733726 0.00047906375708998294
1508 0.00038854236287717283 0.00015743369122061607
1474 0.0015599101376254315 0.003935117013470753
1511 0.0012352090757428652 0.000232447359766792
0579 0.001146982141884906 0.0030086465401649005
0369 0.003721044877432476 0.00740361068926631
0385 0.005013124496948562 0.009584442678852893
0372 0.008047537773165244 0.013939512168980246
0194 0.0010744761171443784 0.00010838453436177697
1412 1.9759797040839e-05 0.000692583954751261
1491 0.0004013109199817999 0.0016052275874600928
0423 0.000215044394651347 0.0008465009421336362
0488 0.009393788905175827 0.015619764729000453
0473 0.0008298136048865914 0.0024549278621618267
0552 0.018728365609680338 0.027485629895371497
1466 0.022000690650024513 0.03175219504844825
0580 0.0003184214892905606 0.0013242882834141212
0252 0.005223674900100307 0.010004380219715076
2126 0.004328713431232532 0.008747380531434668
0258 0.06335846480847772 0.07889097412546477
1222 0.0024989814528724396 0.0005053990459507582
0410 0.003102216250415962 0.007495552753536321
2128 0.012783781364088788 0.02077743865253969
2132 0.05513844823292022 0.07006464665659673
2119 0.0006346537298131612 5.614262676194326e-05
2118 6.499922665837347e-05 0.000515757254822944
2123 0.0001905015675266007 0.0017895537975036512
2124 0.0004230764104975305 0.0002699647724056185
0448 0.0017292504696665163 0.005211945787904389
0254 0.014536001394335876 0.02296490607797793
0554 0.00010245645170815624 0.0008808614528035947
0255 0.004001075519552914 0.008909181212193161
2129 0.003096699032543102 0.007499153045123036
1166 0.002726429157963345 0.0006022613720647903
0513 0.008972541215212794 0.01592290776550794
1147 0.00356845373229326 0.008234915225414722
0201 0.0029970080510459494 0.0005639205594390865
1512 0.0011714529884376678 0.00013524981241170284
1387 0.007104346914371215 0.015401443957461756
2151 0.003235938379859949 0.009045120040031072
0279 0.004664657239603303 0.011364933170999948
0292 0.09787339120332535 0.12035261236004026
2156 0.007055941443861956 0.015415774700001985
0045 0.015448365092520937 0.026742510861008338
0284 0.00852404924328079 0.01754861353605127
0287 0.03614428978989478 0.05169054719403818
2153 0.0003342454783843389 0.0033214242865287707
2159 0.03223453784420636 0.04713017868058338
0288 0.02572410963048486 0.038966757485064736
0289 0.008251855715286088 0.016115702187311103
2154 0.000871717783081327 0.0003991886223575146
2160 0.023988177402623323 0.036876107052195926
1485 0.002381096086999384 0.008124674254435154
1483 0.011062886476406644 0.020600102081457128
0317 0.017288927304865292 0.02982911379849705
1489 0.00015104297244488747 0.0020847322426615
1452 0.12252818719123824 0.14485146838794238
1486 0.000418464327941552 0.004020743628248315
1942 0.018783924607323928 0.03437556658300895
1906 0.006854147524781971 0.0011671675316928456
1937 0.00020601916072363977 0.0024009680719000283
1451 0.00964200850803859 0.021709673133399807
1443 0.025963413601399733 0.048523538586334715
1436 0.000878349688956569 0.008903814589366257
1439 0.11945271367826982 0.14925162248812127
0192 0.004426089318175498 0.00018575812821337813
0202 0.006731747934798463 0.014728994001726598
1110 0.005610254810187306 0.002636825258840217
0204 0.00018442533958910987 0.005666142065141913
0188 0.004003941749287983 0.00034366003881384415
0195 0.004128993074241441 0.0004484608867358956
1430 0.010739846810139864 0.03202818756355928
1441 0.07132981304611709 0.10419980800362473
1431 0.0006890788035095131 0.009761673853906196
0225 0.000385782407597473 0.00018486334752868693
2099 0.0006935804045582415 0.0002967429988723117
1503 0.0004421885558607609 0.0001886761971040534
1481 0.002142595252220477 0.0011540077831181522
1124 0.004628668113843869 0.0023824280403317256
0228 0.00039533778467164916 0.0001750196434649263
0328 0.0023861797965088823 0.001285805578502318
2102 0.0009236414443796003 0.0004080888642383653
0070 0.0009478909838939117 8.698219906887014e-05
0072 0.0008462439239349815 8.971309976911685e-05
0001 0.0009291410281459507 8.743880775658471e-05
0066 0.0011273925453408468 0.0001613017770841343
0067 0.0008889219832340997 8.866574231443882e-05
0152 0.0003349819219475353 0.00017686525425502977
0002 0.00016744358438053737 0.0011242672102715107
0150 0.0003303494195330127 0.00015914083032915135
0153 0.0015917597236508709 0.0008141947996280956
0160 0.002097477430387962 0.0010510649911438595
1154 0.0007415130028255533 0.00010509893319545146
1122 0.00017908047583742334 8.557193988715537e-05
1123 0.0001792259940445459 9.249649915758009e-05
0158 0.0036712186224540162 0.0018524861365369393
2104 0.002582507939949284 0.0014155409844208238
0157 0.002908670715070394 0.001437554107186864
0176 0.0034045964701159433 0.0017073545038092577
0155 0.0010624841001278923 0.0005807259202595385
0230 0.0012153919792174423 0.0006367973825333669
1477 0.002439234452721656 0.0013206158984576215
1497 0.0012553340014101384 0.000615814006559994
1507 0.0006232662099278183 0.00029533382766945863
0394 0.0004983264141707305 0.00019326499146801645
0227 0.0001979760776392035 0.00011780606485567639
2101 0.00048167977764333703 0.00020153354464907646
0229 0.00016680257427525202 7.848932186363725e-05
2103 0.0004280676333282459 0.00017645519869778823
1495 0.001046046775611505 0.0004930381669760733
1501 0.0004065317867011781 0.00016755449695653171
2106 0.0011658355166527254 0.0005815312304325473
2105 0.00032745392548345204 0.00011820709571912702
0232 0.0006319238542468342 0.00036196930105488265
0005 0.0013408010420006158 0.0007078831907465935
1376 0.0005151537500983395 0.00024404478604095459
1496 0.00044683198278260743 0.0005458338799114793
0311 0.0006808553386270816 0.00032874374515188084
0310 0.0012014565793561727 0.00017868228138223974
1490 0.0019625373510156426 0.0011947165699849732
0486 0.0037363370364612886 0.002678769134650324
0409 0.0024977121244426376 0.0016172368973840338
0591 0.002381248209997877 0.0011667303262019113
0507 0.0007652444425882521 0.000818653948266657
1493 0.004427010401785974 0.003234758405280852
1473 0.0025482551840742924 0.0013504322438196014
1146 0.004105129918920104 0.0020809267208755375
0441 0.0036709219986034306 0.0022051866336465216
0007 0.0014527765574247867 0.000108679506389676
0593 0.0013059729702099756 0.00013003416235553254
0013 0.0001286474763494593 0.0003757137945527963
0501 0.005125412495813516 0.0031494464883922834
0435 0.008644670329518923 0.0062771052590435295
0566 0.012250862008280369 0.009335124197808907
0451 0.006783679069467743 0.0033421169008207735
0388 0.00286319690442814 0.0041987910688114725
1510 0.004647898650357549 0.0018124465652234506
0530 0.011694261080246529 0.006782312231383485
1478 0.011789863047805103 0.015465284134066618
1504 0.0013608821276643926 0.00018458205878195858
0248 0.018286404309212884 0.013431171944584623
2122 0.020222894650418297 0.015177584035792216
0332 0.02184148858605501 0.0154755172983605
0399 0.005884842732714066 0.0029618210042153073
0333 0.0025872008744599697 0.0011901716870207106
0257 0.001152068945306315 0.0006716979736497726
2121 0.013638851817155604 0.008208489898882357
0574 0.0023571929824368954 0.0008789952989680499
2131 0.0027129565124741585 0.0012801062698429692
0599 0.0012869766536285233 0.00011640407657164588
2127 0.0019832798539836586 0.0007262159578383794
2130 0.001785169563485135 0.0006298163437763616
0256 0.0009333392312058038 0.00023550780956869608
2120 0.006491795660357971 0.0024175872940889634
2125 0.0025125641794814008 0.0008616532618143363
1148 0.0029249565860030476 0.0012513320085557184
1459 0.0030962514111951486 0.0012923599236186049
1468 0.011730314152673331 0.00752454584933144
1456 0.001473059876143907 0.0007929522879907712
0293 0.0008821802337813723 0.001625951818889269
2152 0.035132669279491026 0.02243456499877946
1152 0.0010563785261304033 0.0007635932894810221
1151 0.0010606447418558696 0.0007617254328071732
1150 0.001106043561641606 0.0007853683720093114
0285 0.0108407336311126 0.004636197122050575
0291 0.00230306295408205 0.00035393521270863515
0047 0.002862327014717061 0.00042130062832441463
0278 0.022162907225223467 0.010418487392990146
2157 0.013246231150306296 0.006251803678507877
2150 0.02546118640176773 0.012706361507618008
0290 0.0002793088889691607 0.0017034624191269953
2163 0.003493788559142657 0.0008107246626133276
2162 0.00044172153097339113 0.0011205501259443351
2265 0.0008719798997963422 0.00022081254874345681
2158 0.004947944501863552 0.001347061694819277
2155 0.005936922452532397 0.0013662775770700143
2161 0.006818299976068989 0.013487094207333595
0174 0.00469494196047538 0.010930260743657733
0031 0.0028360794737073538 0.00804513508359097
1447 0.0050645851199421724 0.001650128585238951
1457 0.01784323575774462 0.00931873656693806
0294 0.005551915503323862 0.0003110287280626941
1907 0.04032203258534431 0.01942410044116535
1938 0.033634316535252215 0.016673768788858092
2013 0.01946036067104274 0.005974807258641973
2014 0.01738253739316039 0.030203582036071135
1434 0.0023240106386852866 0.0017142039791988766
0295 0.005487113412086009 0.00010317536520273126
1463 0.0029808662289239735 0.013420983239025356
0055 0.005110985313406006 4.769211954910162e-05
0056 0.005116636506274957 4.620972695140699e-05
0110 0.004089401878425953 0.019148205683437936
1440 0.026071447993748047 0.050086331015255406
1432 0.017563188654553422 0.0038814986211017917
1438 0.047524612906834546 0.01700072423635615
1437 0.07072781954041399 0.10973218094841107
0203 0.0001889269379807869 0.015078310424482015
1426 0.036715961378995896 0.005697786747694616
0063 0.00419858720807072 0.0001835547126853287
