0226 0.00021412648025850766 0.0010670083824165183
0219 0.00014612319401110849 0.0005612186402408486
2100 0.00046931549688109984 0.0008443226236682463
2093 0.00031865906827348257 0.00037929976752849734
0325 0.00029350770744836923 0.003281175603426748
0326 0.00045359398718956324 0.000607684753288438
0224 0.0002357204395034452 0.0010106507859118262
1492 0.0003491004712693536 0.012369735831442692
0225 0.000385782407597473 0.00175101453054064
0221 0.0002020640154579899 0.0004439175617434377
2099 0.0006935804045584266 0.0013405720319734657
2098 0.0004054034899583058 0.0008578858573925989
0220 0.00025085228696899374 0.01100611441127756
2095 0.0004989266719694882 0.00021677358776130064
2094 0.0002467767971992179 0.010347189420113697
1503 0.0004421885558607609 0.000606705632902675
1502 0.0006339660090544079 0.0001469883905741237
1481 0.002142595252220794 0.0014192054255813447
0436 0.00038412609278020766 0.0018978170660496484
0415 0.0007693527811437033 0.0006686979024291933
0418 0.0005802719135974517 0.0001687915100245346
0327 0.0005566366089696342 0.0002845397295237386
0304 0.0007052740490862564 0.0002436000149730741
0459 0.0006122170503527063 0.0004406231877927553
0370 0.0008863774031932633 0.00014310078983710198
1124 0.004628668113843869 0.0015842759424538567
2092 0.0005290663474748386 0.00027105859793896876
0159 0.0002984297503792189 0.030790928000625422
0218 7.791030202406636e-05 0.0034107741651906863
0228 0.0003953377846716012 0.0016328650647572589
0389 0.0008826480941806857 0.00024414798440165297
0328 0.0023861797965091525 0.0014728276161066784
1475 0.00041139309323013284 0.023654977234896846
0212 0.0003058661053040005 0.022882296956419544
2102 0.0009236414443794642 0.0010974163932022947
0070 0.0009478909838939117 0.00022262804382409257
0072 0.0008462439239349815 0.0002149878615352262
0073 0.0009620885190406732 0.0003006143469988072
0001 0.001127392545340703 0.00031196316226190656
0066 0.0009303336549652669 0.00022141433337429656
0086 0.0008889219832345586 0.000214645487917491
0067 0.0010061294031469938 0.000225163438222619
0071 0.0011907697025619172 0.00027163941698879994
0068 0.0011188813116163238 0.0004600706470124849
0090 0.0004930314443844046 0.03551024092818034
1137 0.00013453503804372016 0.004383635294993669
0152 0.00016744358438030448 0.005945687420740697
1135 0.0003303494195330127 0.00029545320507822577
0002 0.00046031723097503913 0.004668569866935211
0150 0.0005022049968856916 0.0005177733946353064
0171 0.0004198530811211528 0.00030928842345100404
0170 0.0006269888389959839 0.00022598336963482743
1132 0.0015917597236507375 0.001509413858106938
0180 0.0020974774303876968 0.0013451916286293616
0153 0.00014788427177907354 0.004536160836318776
0160 0.0007415130028255533 0.00021824784769036856
0148 0.00017908047583742334 0.0009169683528350326
1154 0.0007486863074182955 0.0002182656293680343
1122 0.0001792259940445459 0.0013530630990954348
1155 0.0036712186224540162 0.0013439841906459494
1123 0.0003035064729142668 0.0008289128597733093
0158 0.0002347385216108116 0.01032471960760802
0149 0.0025825079399494195 0.0014823145393280549
2089 0.002908670715069943 0.001246545145131743
2104 0.0007038274597300998 0.00021454910236602003
0157 0.004442746003075996 0.0015265764001480392
1153 0.0002828203429274212 0.022660397040997364
0178 0.0034045964701157586 0.0013005583055994065
0154 0.0010624841001280786 0.001807043192240902
0176 0.000934716954933493 0.0010287762216720615
0155 0.00031095845073225226 0.02234860238784863
1114 0.0007186185924035549 0.003491783072519322
2086 0.00024361307002475038 0.010994525791202116
1141 0.001215391979217178 0.0016847231933170923
0215 0.0024392344527213857 0.0014801817097337485
0230 0.0009962633618689723 0.00015032045553823735
0151 0.00014190636228217406 0.004607948304990069
1477 0.0004015199755863945 0.02380324109700759
0366 0.0006127773036328163 0.0006738524988857865
1134 0.0006205561146015651 0.000580243206582731
0172 0.0014351417350698858 0.004752697502563914
0329 0.0008794601545872852 0.00010872163849426376
1509 0.0007420643746617454 0.00019332750104969772
2096 0.00031844484680496553 0.000370994596992312
1125 0.0012553340014101384 0.0013695404744074003
2097 0.0005550164522949039 0.00028057274451047826
1506 0.0005351130488506821 0.0004558148859240887
0217 0.00024694235279438365 0.0004932296921600742
1497 0.0006189304871019021 0.0002563585125557326
0330 0.00037547817598100917 0.00042872874094139376
2085 0.0005687688399099665 0.0002880548298781375
0213 0.0002043050683829698 0.0005921982234645527
2091 0.0006232662099278183 0.0003960107010201247
2087 0.0007454481446792905 0.00017515121039029036
1476 0.0004983264141708243 0.0008407591697604101
0211 0.0003387772558343045 0.006229143392099209
1507 0.0005358740061244889 0.0004992182562124328
0156 0.00019331963446364792 0.0017343415426852595
0376 0.0003127026416684125 0.0018793303302044176
0394 0.00019797607763906365 0.0005239436125868837
0462 0.0002351559739973599 0.00425641636251559
0447 0.00048167977764347733 0.00025444805279244153
0216 0.0001555235800871746 0.004461047824085128
2090 0.0003963253158907091 0.0019570577361269215
0227 0.00016680257427525202 0.001053963315361161
2088 0.0004280676333284282 0.0006542518981869427
2101 0.001046046775611371 0.0013900208442798672
0214 0.0004065317867012234 0.0006119414664622296
0585 0.0009274895914188383 0.0006869717712871898
0229 0.0006450610853904218 0.0008038066049327193
2103 0.00026729056183648407 0.005905389130373182
1495 0.0011658355166527254 0.0015617239309414037
1501 0.0003247645610736069 0.015991570969534293
0222 0.00020935830670406848 0.004898754443475431
1499 0.0003119311172101133 0.016238458133974527
1500 0.0003274539254833172 0.00091535044591322
2106 0.0001647706790384202 0.005062557604866254
2083 0.0006319238542468342 0.0020482462400366877
2084 0.0001324716424354935 0.001387661292020353
0209 0.0007153213110518676 0.0011094346823800065
2105 0.0013408010420001624 0.000130326858768339
0210 0.0005151537500985186 0.00033717231983350197
0232 0.00040788363583951786 0.0016940270521031396
0231 0.000895737819925518 0.0003954433528674315
0004 0.001280494244538681 0.0001312500323491347
0005 0.0014552441922989197 0.00017618593297859296
1376 0.0016138539754563658 0.00011674454436633556
1498 0.0007779520755043357 0.00031156983358680406
1351 0.00031496374757267393 0.001849226213024656
0544 0.00044683198278233155 0.0029302878131046333
0518 0.0026029029775004593 0.0011935085592858982
0396 0.0006808553386272194 0.00036155783605415254
1513 0.0002528138023586791 0.0022385807606175147
1352 0.0006095770099187641 0.00023421260690975571
1496 0.00013244987200313016 0.0010546975058831902
0626 0.0001542758658376262 0.0008058436798694468
0311 0.00015340259544408046 0.0008977883730544218
0523 0.00023075164556154846 0.000583048053897079
0198 0.0012014565793561727 0.0003265733472332444
0312 0.0001872957212361157 0.0007089059723183095
0313 0.00019978384302974208 0.0005638394784707413
1353 0.0002413590159140387 0.000735643461650573
0318 0.001962537351015507 0.0003716411571310092
0310 0.0005966176279540028 0.002554748966210237
0305 0.0037363370364610475 0.0006734994618495096
0314 0.00032679895891423626 0.013550174252858618
0307 0.0044865873764361845 0.0012468304886305167
1490 0.004556728041621794 0.0015118523553514435
0465 0.0024977121244423206 0.0004275182159595881
0486 0.005191550408074664 0.0020385393328307085
0438 0.000138085795903647 0.0015493692437966882
0559 0.0002458151729753269 0.0055332973099782995
0475 0.00014763743452049898 0.0029328662683598843
0409 0.00015978496470910443 0.0015271008123716675
0503 0.002381248209997877 0.00041015368332762063
0535 0.00029749066728811005 0.000840441530642904
0386 0.0015782667649811759 0.0003549724878158527
0398 0.0003547144865268581 0.01082511920681444
1223 0.001721188670311276 0.0005914495066522581
0591 0.002012757943255968 0.0015864844683753025
0464 0.0016050622913878624 0.005287083787543203
1143 0.0007652444425882125 0.003852137408475052
0466 0.0023186837823108075 0.0013850551564648962
1142 0.0001557904791733726 0.000978981978699641
0377 0.00038854236287717283 0.00029305901250314313
0525 0.0015599101376252782 0.004418005575162141
0507 0.004427010401785974 0.0009429835381040285
1487 0.0063525972462289545 0.012091437823111876
0315 0.003819502846246686 0.0009863811029024701
1508 0.0003717889153018562 0.01932447382116608
1474 0.00784370203732423 0.0035763744558791276
1493 0.002147384934881555 0.0018171841115341145
0306 2.788839420504231e-05 0.0003140254712662947
1505 0.0025482551840746086 0.0010239587036209921
1471 0.0012352090757422375 0.00023103381999163748
1482 0.00410512991892053 0.0015911375120386119
0625 0.0001655161312401753 0.003904354797339322
1413 0.0002393766871181426 0.003098101896644848
1473 0.001146982141884906 0.0038584032970762844
1511 0.009139482071994868 0.003377451600930843
1146 0.003721044877432947 0.008187516940441867
0437 0.010484772473981958 0.004673995533937495
0404 0.006377823707500201 0.0026851398560270973
0579 0.002093142640902122 0.0059426244176309165
0361 0.003670921998603291 0.0008264004568226227
0369 0.005013124496948415 0.012791946723974323
0392 0.0014627709881144717 0.0002686329678869498
0019 0.0014527765574247867 0.00023189641545748668
0025 0.0013059729702101365 0.00027163201684406293
0441 0.0004258469127339887 0.009929045379361214
0385 3.267003658556055e-05 0.0003775761934314431
0008 0.004190715196004437 0.0010493523808883238
0007 0.008047537773165707 0.016268886818303938
0593 0.001370876284960804 0.0013081159974669312
0397 0.0015633881496351894 0.0013827649184036382
1415 0.0001286474763494593 0.0019062313472841283
0440 0.00093172815752636 0.0013000919901191435
0372 0.00012980069838990449 0.0020312159736163783
0016 0.001074476117144227 0.00020897606829833757
0014 0.0004836479087025807 0.012903378352580111
0013 0.00944016470946788 0.003590059680018008
0012 0.000601207506008175 0.008305548640104186
0009 0.0002594495715379456 0.010399635390067104
0194 0.6808924628934039 0.6872583116006894
1470 1.9759797040839e-05 0.0023300313559703623
0499 0.0004013109199817999 0.0024461410978152847
1480 0.009002576997807384 0.00417551463793122
1479 0.005125412495813516 0.0009505170257452262
1488 0.00021504439465151902 0.00230870669492124
1412 0.009393788905175513 0.017261025490552574
1491 0.0008298136048864209 0.0034371080696954564
1465 0.00864467032951921 0.00214512186446953
0501 0.013418075111960779 0.006774916516040283
0423 0.00018461084547351938 0.004950478080199323
0488 0.012250862008280223 0.004424423888192551
0473 0.00029653081884662634 0.008460616792559859
0435 0.0067836790694681915 0.002158735911298276
0355 0.017003106566831745 0.008690754989052163
0414 0.015088655723539244 0.006806529376263766
0566 0.004124938688585724 0.00261969449709488
0512 0.00039877767638320406 0.000510752070624735
0451 0.0007180381975351397 0.007906348279853863
0550 0.018728365609680338 0.03244834556577839
0382 0.0028631969044276766 0.010117311020535105
0402 0.004647898650356779 0.0011453826231640027
0371 0.00011773714628868238 0.025839581501753566
0454 0.0001852347553599804 0.002180051273294094
0552 0.0001988879263339252 0.009569081956187043
0388 0.0022011347152115675 0.00030135297270690917
1510 0.0009593030379898948 0.0034504883641788713
1416 0.022000690650022976 0.035401060610192915
0545 0.0003184214892905606 0.00272274412632561
1414 0.011694261080246373 0.004565720708277728
1354 0.011789863047805738 0.025684565153005427
1469 0.0013608821276647131 0.00010768678779875422
1466 0.0018214137902436223 0.00027275579272341833
0580 0.01961625436549422 0.010394595571606612
0530 0.0052236749001004805 0.011406592920596335
1478 0.020509241014560985 0.011076331945144333
1504 0.018286404309212283 0.007785344513587395
0482 0.004328713431232532 0.010063749815844467
0239 0.020222894650417267 0.009148013731813905
0252 0.02184148858605578 0.010769463807959376
2113 0.00015617073537215148 0.0026661092250571034
0248 0.0001699167173238241 0.002739304235426626
2126 0.06335846480847876 0.08800692258519241
2122 0.005884842732713444 0.0011055748788245398
0332 0.0025872008744599697 0.0016246877585297853
2117 0.0024989814528726018 0.0003043503656283051
0243 0.0031022162504158093 0.010784353728344522
0258 0.009256937057772535 0.00422997563649459
0399 0.00020053777377590455 0.0022010117596328554
0333 0.009559764697183793 0.003371236189894974
1222 0.0004835805610441125 0.0003830641814312892
0410 0.0010310245103118808 0.0011674059434131885
0233 0.010415062867326139 0.005187262511211797
0234 0.010530031225962641 0.004374021431652064
0331 0.0015870060621254636 0.009644265997726924
0407 0.0010924278724447714 0.009371414731578608
0375 0.012270545939226789 0.005934598342961926
0584 0.012783781364089471 0.02420462707737014
0257 0.013638851817156385 0.005622566080037329
2107 0.002357192982436422 0.0001605229816707388
0354 0.05513844823291937 0.07812313662330181
2108 0.0027129565124740036 0.0016924851763890267
0334 0.0010205167011850668 0.00021491990076063854
0335 0.00045016066548549734 0.003932041140829113
2128 0.0006346537298131612 0.0003028923089078105
2121 0.001286976653628686 0.00013286456897913107
0574 0.0034399435572982054 0.001304931111382401
2132 6.499922665837347e-05 0.0012069377534126653
2131 0.0019832798539833503 0.00032624880498315946
0245 0.0013681661758698869 0.0007388776621378584
2109 0.0034279388313019953 0.0010078630482684028
2119 0.0001905015675266007 0.002622294224657889
0599 0.00778975602277766 0.0029486767733650355
1112 0.0004230764104975305 0.0006622903990802938
2118 0.0011340921617788836 0.0005440812684784982
2127 0.012497194253358013 0.00488743795058664
2114 0.00080087188235378 0.002505421025644861
2115 0.0017851695634849808 0.000733147851126099
2123 0.0017292504696663487 0.0066483441314946
2116 0.014536001394335536 0.026579035085758703
2124 6.400172472177063e-05 0.001611780465615926
0253 0.00953947912143455 0.004085411479899463
0247 0.002549154478033673 7.484194672027875e-05
0238 0.006491795660357971 0.0018048284025322435
0235 0.00011450564551355106 0.002350181922337936
2130 0.007884987038907292 0.0029766920788526934
0448 0.001351924273221617 0.0007636916410884438
0254 0.009642427402373891 0.00426211761532509
0256 0.00010245645170815624 0.0014305713062453056
0244 0.00220070232442885 0.00022980251171827353
0237 0.004001075519553068 0.012480431109037217
0251 0.0004209465427306527 0.002947328269703013
2120 0.00213421797328677 0.0014902479974324755
0249 0.003096699032542949 0.010758084359629876
0242 0.0028918616246125595 0.0018277648625793501
0240 0.0027264291579628427 0.0003646989776764864
2111 0.008972541215213441 0.01942430010624782
0554 0.0008973905154696768 0.0030360624465867805
0184 0.0025125641794814008 9.865117392165208e-05
0255 0.0008400956029320901 0.0005558502034979347
2112 0.002554420210276233 0.0003031654677002525
0236 0.0023712703188587497 0.0017147990979763795
0169 0.0035328779723427404 0.0009790422568659513
2129 0.00040128916922981634 0.000606930237867861
0461 0.0024405293061817426 0.0002891754109845795
1166 0.002538851417871726 0.00030664121963860865
0513 0.002924956586002734 0.00011856488988992904
0387 0.0035684537322930913 0.009984142280433617
2125 0.0012324027816010355 0.001483008611133582
0412 0.017397795456419285 0.008924589124113078
1164 0.0030962514111954696 0.0013060332888393481
2110 0.011730314152673182 0.0027559105875794012
0241 0.002997008051046126 0.00029410561732138207
0250 0.0011206908118222248 0.0005063374685105221
1167 0.0701194904859045 0.10035083421024188
1165 0.0020044625627775063 0.0029226927673790012
1148 0.001171452988438018 0.0003575757178912178
1147 0.00198638027916359 0.0042118032133751
1494 0.003527653010088637 0.00035606845837721945
1467 0.0034030998137003963 0.0003330674701127434
1459 0.00624471069576575 0.0033102240348255015
1468 0.00044884805223623575 0.0007868639401998973
0201 0.007470666997408177 0.0043639762909799115
0631 0.007104346914370572 0.0218284377313268
1453 0.001473059876143907 0.0032426397103590466
1472 0.003235938379860354 0.01071115778567065
1512 0.03040380175205374 0.011357588587413646
1454 0.009425965831181526 0.006042118318376844
0259 0.03256909083497886 0.017367087556708006
0191 0.0008821802337816913 0.005001633175703688
1462 0.011061411054231144 0.0074836113748617174
1461 0.005400954765236742 0.010578715581950329
1484 0.004664657239604361 0.01334534629287276
1387 0.00024794931235496434 0.0002067543413930959
1456 0.029664160762399455 0.015265236667954221
2151 0.09787339120332535 0.14152721762266832
0280 0.0001021498665025515 0.000331824039875992
0261 0.005537740962902188 0.0007425012275103582
2146 0.035132669279491206 0.014331735693089319
0293 0.007055941443861228 0.020375329608708023
2133 0.011533363497843068 0.00708411867744202
0260 0.009448963049687757 0.005519874442869406
0279 0.0004889946145432045 0.0002243326037658119
2145 0.017120402230346214 0.009033681623049452
0274 0.0008522543876709702 0.001282971811531689
0292 0.0026150421611940444 0.0007341417898691741
0273 0.0010563785261302164 0.0037283330174425673
1221 0.010843785580551848 0.0027033810595632037
2152 0.0010606447418559468 0.0037195459142051993
2156 0.0009360753062236105 0.000704237029397151
2135 0.0011060435616417942 0.0037170856080674755
0263 0.0108407336311126 0.0012597469136778367
0268 0.002303062954082318 0.0011031185693632323
2141 0.0012743197363673509 0.0009003693241319383
0264 0.015448365092520336 0.035151564387455925
2142 0.002862327014717061 0.0005405383970087473
1152 0.022162907225223467 0.008597344610266516
0277 0.002799594668485213 0.0005749192484275816
1151 0.0009891366561590132 0.00034920632472618384
0046 0.013246231150306112 0.002188814533193781
1150 0.00852404924328079 0.02278854423669709
0285 0.0012581056565298314 0.0017361978998383166
0291 0.001846142041386368 0.003221706387398848
2139 6.457181260218932e-05 0.001573395200456739
0045 0.015198558369645471 0.007680864509514713
0047 0.03614428978989457 0.06486546077573709
0278 0.0003342454783841375 0.005686375338422868
0286 0.032234537844205956 0.05960542237736319
0267 0.0018322162085944035 0.0032376550541631443
2157 0.001824325134618563 0.00321324820872772
0284 0.0018571451953909902 0.0032025979867751422
2136 0.004437435364086414 8.504792777975764e-05
1172 0.0005889950444541913 0.006780959001707166
0275 0.0096465882315308 0.0038312353161592707
0269 0.001948996503233157 0.00039304012101200233
0287 0.0011091481392134085 0.0005495713689408445
2153 0.025461186401767352 0.010693459327788313
2159 0.00021959172694668844 0.000932507737758203
1175 0.004376549264240162 0.0004991786190325986
1174 0.002733132982459742 0.0018431216934127416
1173 0.004395689042181246 0.0004912501528517872
0283 0.006495131522774055 0.003825063055493973
0281 0.00027930888896929236 0.006290606119794354
0272 0.0042609647329251155 0.0003552808777984864
0270 0.008037002835344293 0.005038241416896306
2140 0.004147785527705137 0.00032546061140974154
2150 0.0011587262128510978 0.0012374669303677895
2147 0.0014335331416599456 0.00018513150509497211
1178 0.025724109630485225 0.051431954435780323
0262 0.008251855715286862 0.025630245225006766
1179 0.0008717177830811332 0.0013317970127229473
0266 0.003776499587799224 0.002575807377834657
0290 0.013679730224980834 0.00416825151832311
0183 0.0034937885591424726 0.0007666103183041484
2138 0.005295658921607006 0.0018710913263441469
0168 0.02398817740262272 0.049026479358920065
0265 0.00044172153097339113 0.0049296438775156375
2148 0.011238773557826072 0.004917525462772848
0288 0.0008719798997966359 0.0007027374251673277
0289 0.0017014617745724821 0.0017060397828177348
2154 0.004947944501863739 0.00033999290261345675
2134 0.005936922452533221 0.00021266746706177306
2149 0.0068182999760687925 0.022995612441992073
2163 0.005706602804324788 0.0019881452143526808
2143 0.0003806266279059639 0.0019926737923707345
2160 0.00469494196047538 0.01827218635010441
2162 0.0031914785039627233 0.0014089481888171264
2144 0.0020809906249073984 0.01279315286294196
2265 0.0028360794737073538 0.014568482280142016
2137 0.17717953122692776 0.16611152137227234
2158 0.0033527218747054677 0.0016523489839588533
2155 0.002381096086998977 0.01207333632522434
2161 0.008625283445410702 0.007588762287672856
0271 0.005064585119942553 0.001143798810431506
0282 0.011062886476406027 0.03106314010067931
0174 0.01784323575774405 0.003571826315595876
0036 0.0045706925013599 0.00033392052238837906
0041 0.017288927304865406 0.04123714017076441
0031 0.00015104297244488747 0.004573106868538824
0040 0.0048949607178936675 0.0003423130652424255
0038 0.005551915503324075 0.0005111635336808266
1485 0.12252818719123616 0.18175153603939573
1446 0.0004184643279413323 0.009725150690311754
1447 0.04162680795687164 0.019661617578061178
1483 0.004553976831127947 0.014551227408690283
1457 0.04032203258534523 0.01701112866636368
0200 0.0008440816833237974 0.0034142295831363833
0317 0.018654378125563035 0.012678854686404154
1489 0.006785706299957916 0.049963107522231084
0193 0.01878392460732417 0.04601916202332568
0294 0.00037403104072022915 0.0023260095935846267
1452 0.033634316535252645 0.008782492388588567
1486 0.00685414752478209 0.000793472880046513
1458 0.0031967008889675357 0.016578041377914774
1932 0.00020601916072375553 0.007420440343161457
1907 0.0007178010720812692 0.0007145211539175669
1966 0.019460360671044345 0.005695017945115669
1962 0.005064846835121089 0.005400989362186295
1936 0.01738253739316039 0.04657642499415363
1942 0.0052791196633947225 0.0002929512407807574
1911 0.003930515714274652 0.024506687503640275
1938 0.003988699401255837 0.03224045007273893
1906 0.005605542605300981 0.0003650111930414899
2018 0.009642008508039214 0.029048212706579063
1937 0.0007350595462750117 0.0013167584082599396
1417 0.0031900091370959736 0.03681214347521555
2036 0.0023240106386856452 0.0055436234060397774
2013 0.005226068115962454 0.00018820807696955837
1961 0.005487113412086009 0.00023069439315351786
2014 0.010137053941167491 0.014261783997352888
1418 0.0029808662289237064 0.02584352905550668
0182 0.00511356701753698 0.0001214096929618504
0167 0.005110985313406286 0.00011834713962130566
1931 0.005116636506274957 0.00011599022404451834
2040 0.014436038103876121 0.1490461330241986
1220 0.00433932715199515 0.113184205064165
1451 0.004089401878426333 0.03040687951556498
1450 0.0016572042754290565 0.014346219194669663
1449 0.005025249614361163 0.000106561564600815
1434 0.005103464550382305 9.765129577375861e-05
0190 0.00642261088194898 0.1780527667400732
0295 0.0048762706290247995 7.319629427098141e-05
1445 0.02607144799374862 0.07434620841894063
1463 0.025963413601400503 0.07525320972523462
0112 0.017563188654552114 0.0013966311381570643
0055 0.04752461290683272 0.012608967104445425
0056 0.00046883670113350936 0.0020280855105096135
1111 0.005036576299763256 9.909164899882758e-05
0208 0.005900195211402811 0.00020938584006234497
0110 0.07072781954041525 0.144594126088641
0109 0.0017539305302170767 0.10568822709587662
0187 0.0008783496889567476 0.005710290118747045
0296 0.00192312562314673 0.15523233432634198
1428 0.11945271367827015 0.22269229142800176
0197 0.004453415851773722 0.0001056758952520348
1440 0.0008853066368267378 0.0005395842659810955
1443 0.004426089318176173 0.0001010697018259618
1432 0.0010965693139946982 0.14152737475909455
1438 0.0016966223577082127 0.19000412234255545
1444 0.0013011772695891485 0.03244455173231025
0181 0.006731747934799253 0.045460873683663305
0166 0.0023502210776413187 0.1025274138743537
1437 0.003738186948651153 0.00023858071608855798
1425 0.005610254810187834 0.002581431993599371
1436 0.000596407223985975 0.024465985354451682
1424 0.00018442533958910987 0.024619124495756
1439 0.0006906511004147071 0.024794533403225464
0297 0.0001889269379809334 0.024984332635919065
1464 0.004003941749287983 0.00018801704536108648
0192 0.000723904282432511 0.1615640944506404
1442 0.003614698618398915 0.000336185822769839
1435 0.0006891717052254605 0.005434638211752797
1448 0.004128993074241441 0.00023847935662472215
0202 0.0012700099521467008 0.09828752441557474
0207 0.0022675004585485884 0.44749162843351165
0298 0.0013831694395694872 0.2735727864213266
1110 0.0008464980671905807 0.19278399152828357
0205 0.0034071829085012173 0.5846064361784481
0204 0.010739846810139054 0.05902837523044073
0206 0.07132981304611759 0.18436643398549257
0203 0.0016525216452371115 0.2367925012843792
0188 0.0006890788035095131 0.010766575930610816
1427 0.002575461858608357 0.049665887529932846
0299 0.007588551215341311 0.0017792776313859072
1429 0.0002647387362330056 0.07113558545975844
0195 0.000403834651848199 0.06601775245773055
1421 0.003956088275020384 0.0003432055356170398
1422 0.3083882406214802 0.3060428754243735
1426 0.0036597694151217744 0.0005108682147190178
1420 0.30489990742349593 0.31530802574790623
1419 0.004206418411311787 0.00043637682299245894
1423 0.004884409306273507 0.0004102274875200339
1375 0.28792521020530754 0.3024539350121321
1430 0.007589234325599734 0.0014649336178662671
1441 0.004070144454762129 0.0005392806155054216
1433 0.004934413682320878 0.0004893569590399881
1431 0.27833069977913216 0.32259111876497437
0063  
1455  
1460  
0064  
0114  
0186  
0300  
0199  
0301  
0189  
1108  
0302  
0196  
0185  
1107  
0303  
