0226 0.00021412648025850766 0.00013462730348113666
0219 0.00014612319401110849 0.000674152831005481
2100 0.00046931549688109984 6.592600777454787e-05
2093 0.00031865906827348257 0.0005128925045085349
0325 0.00029350770744836923 8.049257450125664e-05
0326 0.00045359398718956324 0.0007250074855199288
0224 0.0002357204395034452 0.00010160671100630716
1492 0.0003491004712693536 0.00011844466781507382
0225 0.000385782407597473 0.0012244722436911067
0221 0.0002020640154579899 0.0005412498430704006
2099 0.0006935804045584266 0.0011016283734522582
2098 0.0004054034899583058 5.498136478039762e-05
0220 0.00025085228696899374 0.0001092818650103
2095 0.0004989266719694882 0.0003039843372116497
2094 0.0002467767971992179 8.519184836648082e-05
1503 0.0004421885558607609 0.0006614810313831631
1502 0.0006339660090544079 0.0001702094044531117
1481 0.002142595252220794 0.0014847898512191887
0436 0.00038412609278020766 6.37698377862832e-05
0415 0.0007693527811437033 9.204271165211725e-05
0418 0.0005802719135974517 0.0002144216137568092
0327 0.0005566366089696342 0.00015298707197798647
0304 0.0007052740490862564 7.229008356937943e-05
0459 0.0006122170503527063 5.280884485750965e-05
0370 0.0008863774031932633 8.939690682719922e-05
1124 0.004628668113843869 0.003204742317574197
2092 0.0005290663474748386 9.054527881501686e-05
0159 0.0002984297503792189 4.105998720322924e-05
0218 7.791030202406636e-05 0.00016738833178245788
0228 0.0003953377846716012 0.0011375569032021303
0389 0.0008826480941806857 6.210937039300702e-05
0328 0.0023861797965091525 0.0016283146917166486
1475 0.00041139309323013284 0.0001388158591449212
0212 0.0003058661053040005 6.443710569687827e-05
2102 0.0009236414443794642 0.000947633611398717
0070 0.0009478909838939117 4.058223315257646e-05
0072 0.0008462439239349815 4.222808018403618e-05
0073 0.0009620885190406732 0.00012372429538239785
0001 0.001127392545340703 0.00010402870162094217
0066 0.0009303336549652669 2.854905452247978e-05
0086 0.0008889219832345586 2.739354086717037e-05
0067 0.0010061294031469938 3.579856428488776e-05
0071 0.0011907697025619172 7.225748697071317e-05
0068 0.0011188813116163238 0.0002581513319650066
0090 0.0004930314443844046 9.188733913933499e-05
1137 0.00013453503804372016 8.372545434800685e-05
0152 0.00016744358438030448 0.00032525175974289943
1135 0.0003303494195330127 0.0003269427506797335
0002 0.00046031723097503913 0.0002392075592879358
0150 0.0005022049968856916 0.000548183959750607
0171 0.0004198530811211528 0.00013995558205961932
0170 0.0006269888389959839 4.938092752389939e-05
1132 0.0015917597236507375 0.00118603747385363
0180 0.0020974774303876968 0.0013869218314862119
0153 0.00014788427177907354 7.089831688113065e-05
0160 0.0007415130028255533 3.8555513882271316e-05
0148 0.00017908047583742334 0.0008670050922023752
1154 0.0007486863074182955 3.8540587753408294e-05
1122 0.0001792259940445459 0.0010887047727033694
1155 0.0036712186224540162 0.002423143888005751
1123 0.0003035064729142668 5.7206028200554265e-05
0158 0.0002347385216108116 8.095700227288678e-05
0149 0.0025825079399494195 0.0017300576953027422
2089 0.002908670715069943 0.001874262045351622
2104 0.0007038274597300998 3.836757267849769e-05
0157 0.004442746003075996 0.0030524714364155163
1153 0.0002828203429274212 5.729740849422118e-05
0178 0.0034045964701157586 0.0022194049097350303
0154 0.0010624841001280786 0.0011156936044401577
0176 0.000934716954933493 0.000724620673586629
0155 0.00031095845073225226 5.76513781443039e-05
1114 0.0007186185924035549 0.00040509957146501763
2086 0.00024361307002475038 0.00010695729800700532
1141 0.001215391979217178 0.001133507746204407
0215 0.0024392344527213857 0.0016597957552179285
0230 0.0009962633618689723 8.23871295286845e-05
0151 0.00014190636228217406 7.688684687164397e-05
1477 0.0004015199755863945 0.00014126369713289927
0366 0.0006127773036328163 6.259443156557256e-05
1134 0.0006205561146015651 3.589189280612207e-05
0172 0.0014351417350698858 0.001514768003797912
0329 0.0008794601545872852 9.497873594833336e-05
1509 0.0007420643746617454 0.0001078874478544455
2096 0.00031844484680496553 0.0001960502498369291
1125 0.0012553340014101384 0.0011695282648725588
2097 0.0005550164522949039 0.00015383083911313955
1506 0.0005351130488506821 0.00026029128942696997
0217 0.00024694235279438365 0.0003163305682278251
1497 0.0006189304871019021 9.172720446715459e-05
0330 0.00037547817598100917 0.00023389177043036188
2085 0.0005687688399099665 0.00015300249569859416
0213 0.0002043050683829698 0.00041742047601029303
2091 0.0006232662099278183 0.00051246423265994
2087 0.0007454481446792905 0.0001415494576033081
1476 0.0004983264141708243 0.000789926270188609
0211 0.0003387772558343045 0.00010270740639002411
1507 0.0005358740061244889 7.053546409260032e-05
0156 0.00019331963446364792 5.978100938272818e-05
0376 0.0003127026416684125 3.761085550953071e-05
0394 0.00019797607763906365 0.0005827728044961078
0462 0.0002351559739973599 5.149233515217296e-05
0447 0.00048167977764347733 0.00033752925139671956
0216 0.0001555235800871746 6.0818554774052455e-05
2090 0.0003963253158907091 6.047558198476674e-05
0227 0.00016680257427525202 0.0009406118172592106
2088 0.0004280676333284282 0.0006770514577642966
2101 0.001046046775611371 0.001132959122491806
0214 0.0004065317867012234 0.0006694404910183307
0585 0.0009274895914188383 0.00021895062477672955
0229 0.0006450610853904218 9.015645611577913e-05
2103 0.00026729056183648407 0.00010649677513586193
1495 0.0011658355166527254 0.0012235656300384127
1501 0.0003247645610736069 7.945177547703366e-05
0222 0.00020935830670406848 6.521543649577252e-05
1499 0.0003119311172101133 8.04101970130334e-05
1500 0.0003274539254833172 0.000928994189404409
2106 0.0001647706790384202 9.001296001180058e-05
2083 0.0006319238542468342 0.0012785714374191782
2084 0.0001324716424354935 0.0012764459686075958
0209 0.0007153213110518676 8.346530419858094e-05
2105 0.0013408010420001624 0.00019999572171182432
0210 0.0005151537500985186 0.00041576446980825046
0232 0.00040788363583951786 9.384581094106086e-05
0231 0.000895737819925518 0.00012404520079690838
0004 0.001280494244538681 0.00025176175446283154
0005 0.0014552441922989197 7.920628126108548e-05
1376 0.0016138539754563658 0.00023232971450392933
1498 0.0007779520755043357 2.8427694322223557e-05
1351 0.00031496374757267393 0.0020546881689113105
0544 0.00044683198278233155 0.002692622264154924
0518 0.0026029029775004593 0.0008436026597714407
0396 0.0006808553386272194 0.0004432241295377334
1513 0.0002528138023586791 7.835571373172471e-05
1352 0.0006095770099187641 5.497176836144427e-05
1496 0.00013244987200313016 0.0009722855816241623
0626 0.0001542758658376262 0.0007337452089913152
0311 0.00015340259544408046 0.0007432101898269959
0523 0.00023075164556154846 0.0005177286640955495
0198 0.0012014565793561727 0.00012824319200953577
0312 0.0001872957212361157 0.0006024978846029004
0313 0.00019978384302974208 0.0004851834046285458
1353 0.0002413590159140387 0.0005979384929292336
0318 0.001962537351015507 0.0006709465436653806
0310 0.0005966176279540028 0.002638796739736516
0305 0.0037363370364610475 0.0008574849591159143
0314 0.00032679895891423626 0.00013485571757284196
0307 0.0044865873764361845 0.001160150300772538
1490 0.004556728041621794 0.001275146056614248
0465 0.0024977121244423206 0.0008563027829797992
0486 0.005191550408074664 0.0018817952766627837
0438 0.000138085795903647 0.0005203398906772086
0559 0.0002458151729753269 0.0002166047682230314
0475 0.00014763743452049898 0.0003369566045525162
0409 0.00015978496470910443 0.0015378034498246744
0503 0.002381248209997877 0.00030566077061497274
0535 0.00029749066728811005 0.00012122864125016729
0386 0.0015782667649811759 0.00027697994436830237
0398 0.0003547144865268581 8.816641974707404e-05
1223 0.001721188670311276 0.0005087634803661076
0591 0.002012757943255968 0.0007847820548092786
0464 0.0016050622913878624 0.005502267729629517
1143 0.0007652444425882125 0.0026787974416702066
0466 0.0023186837823108075 0.0008442664132032467
1142 0.0001557904791733726 0.0008025058441371474
0377 0.00038854236287717283 0.0003480981333392723
0525 0.0015599101376252782 0.004893069372036085
0507 0.004427010401785974 0.0011458061593367114
1487 0.0063525972462289545 0.0127509088954323
0315 0.003819502846246686 0.0008308277943047765
1508 0.0003717889153018562 0.00010402252624122973
1474 0.00784370203732423 0.0036173703568054103
1493 0.002147384934881555 0.0009257466034238124
0306 2.788839420504231e-05 0.002253050685749707
1505 0.0025482551840746086 0.0013560143950392008
1471 0.0012352090757422375 0.00012073568673708464
1482 0.00410512991892053 0.002759214191880537
0625 0.0001655161312401753 0.00033733733535574073
1413 0.0002393766871181426 0.0009180218423120693
1473 0.001146982141884906 0.003844229806161417
1511 0.009139482071994868 0.0035644918738817416
1146 0.003721044877432947 0.00872522696885326
0437 0.010484772473981958 0.004562368372145644
0404 0.006377823707500201 0.002953929261450286
0579 0.002093142640902122 0.006257054103134924
0361 0.003670921998603291 0.0016448480129998395
0369 0.005013124496948415 0.010892006350160029
0392 0.0014627709881144717 9.782513558374418e-05
0019 0.0014527765574247867 6.915519753244919e-05
0025 0.0013059729702101365 7.765222073668008e-05
0441 0.0004258469127339887 0.00013535002146794223
0385 3.267003658556055e-05 0.0026237539154933
0008 0.004190715196004437 0.0009364596316799692
0007 0.008047537773165707 0.01565814153667862
0593 0.001370876284960804 0.0003871179742233581
0397 0.0015633881496351894 0.0005129023258802816
1415 0.0001286474763494593 0.0018821202162016264
0440 0.00093172815752636 0.00017938242178260893
0372 0.00012980069838990449 0.0020120624615517927
0016 0.001074476117144227 2.8699762726390866e-05
0014 0.0004836479087025807 0.00012222582703897266
0013 0.00944016470946788 0.0037758545658832707
0012 0.000601207506008175 0.00018623339486378078
0009 0.0002594495715379456 0.00016724868749456965
0194 0.6808924628934039 0.6829841076152385
1470 1.9759797040839e-05 0.0009718905381715969
0499 0.0004013109199817999 0.0022000835728801346
1480 0.009002576997807384 0.005399661574947426
1479 0.005125412495813516 0.0021998406475860254
1488 0.00021504439465151902 0.001237502986818764
1412 0.009393788905175513 0.01750770836220939
1491 0.0008298136048864209 0.0031822734156727655
1465 0.00864467032951921 0.0036404839178526037
0501 0.013418075111960779 0.007887890504502972
0423 0.00018461084547351938 0.00027331239385467853
0488 0.012250862008280223 0.005475037577010786
0473 0.00029653081884662634 0.00014954470989218737
0435 0.0067836790694681915 0.002195620239081602
0355 0.017003106566831745 0.008960004211033261
0414 0.015088655723539244 0.0072643550070956185
0566 0.004124938688585724 0.0022054274524748825
0512 0.00039877767638320406 0.00019840473059719638
0451 0.0007180381975351397 0.00023512209458575377
0550 0.018728365609680338 0.029798098752046802
0382 0.0028631969044276766 0.006732566083386287
0402 0.004647898650356779 0.001135865183521239
0371 0.00011773714628868238 0.0001642720535703726
0454 0.0001852347553599804 0.001199268087876121
0552 0.0001988879263339252 9.115618139346098e-05
0388 0.0022011347152115675 0.0002071480258684891
1510 0.0009593030379898948 0.001688860143998412
1416 0.022000690650022976 0.03438385069092445
0545 0.0003184214892905606 0.001850527548395648
1414 0.011694261080246373 0.004975724051023733
1354 0.011789863047805738 0.019801899250040167
1469 0.0013608821276647131 9.135498368877705e-05
1466 0.0018214137902436223 0.0001469171840591733
0580 0.01961625436549422 0.011220377974704347
0530 0.0052236749001004805 0.011534848092218379
1478 0.020509241014560985 0.011916445219582053
1504 0.018286404309212283 0.009194991725986803
0482 0.004328713431232532 0.010188211885761094
0239 0.020222894650417267 0.010525476110659937
0252 0.02184148858605578 0.011829421595926409
2113 0.00015617073537215148 0.0011865523027994262
0248 0.0001699167173238241 0.0012479610869203905
2126 0.06335846480847876 0.08277244680101271
2122 0.005884842732713444 0.001479746506727505
0332 0.0025872008744599697 0.0015881013987343834
2117 0.0024989814528726018 0.00024013237899921507
0243 0.0031022162504158093 0.00870110842135372
0258 0.009256937057772535 0.005560071831594135
0399 0.00020053777377590455 0.0014354949092043724
0333 0.009559764697183793 0.003662193370900962
1222 0.0004835805610441125 0.00021755656134586087
0410 0.0010310245103118808 0.00022185693708509736
0233 0.010415062867326139 0.006430813862564387
0234 0.010530031225962641 0.004722036536566608
0331 0.0015870060621254636 0.0002667496208223873
0407 0.0010924278724447714 0.0002344064784262748
0375 0.012270545939226789 0.007743705537059331
0584 0.012783781364089471 0.022915378308271717
0257 0.013638851817156385 0.006150928055647933
2107 0.002357192982436422 0.0003989025219531942
0354 0.05513844823291937 0.0737945276966388
2108 0.0027129565124740036 0.0017035558183607221
0334 0.0010205167011850668 2.2677457955773285e-05
0335 0.00045016066548549734 8.54664915470975e-05
2128 0.0006346537298131612 0.00011787299474236427
2121 0.001286976653628686 0.0001038959761682307
0574 0.0034399435572982054 0.0014027935578851177
2132 6.499922665837347e-05 0.0008506948002453717
2131 0.0019832798539833503 0.0004408908969796004
0245 0.0013681661758698869 0.00019621584186352815
2109 0.0034279388313019953 0.000971921827973259
2119 0.0001905015675266007 0.0024585950074953464
0599 0.00778975602277766 0.0033200049272791377
1112 0.0004230764104975305 0.0005245154357083893
2118 0.0011340921617788836 0.0003163719953117993
2127 0.012497194253358013 0.005348747758472055
2114 0.00080087188235378 0.00012996271447862087
2115 0.0017851695634849808 0.0006562615087443107
2123 0.0017292504696663487 0.006321355999746545
2116 0.014536001394335536 0.02520126832308223
2124 6.400172472177063e-05 0.0011807040241439617
0253 0.00953947912143455 0.005187931387340404
0247 0.002549154478033673 0.0002314888978134314
0238 0.006491795660357971 0.0019205168627230759
0235 0.00011450564551355106 0.002220969776704425
2130 0.007884987038907292 0.0034146112962762645
0448 0.001351924273221617 0.00018398586610008242
0254 0.009642427402373891 0.005267745555520923
0256 0.00010245645170815624 0.001348175136051064
0244 0.00220070232442885 0.00015580813725080004
0237 0.004001075519553068 0.010221184012729789
0251 0.0004209465427306527 6.293581927196718e-05
2120 0.00213421797328677 0.0006788046440142794
0249 0.003096699032542949 0.008704437767762523
0242 0.0028918616246125595 0.0011348148858350993
0240 0.0027264291579628427 0.00031172004618971127
2111 0.008972541215213441 0.017772447551301952
0554 0.0008973905154696768 0.0002469882939581726
0184 0.0025125641794814008 0.0002603808645551272
0255 0.0008400956029320901 9.719350703233574e-05
2112 0.002554420210276233 0.0002533473130750289
0236 0.0023712703188587497 0.0008218403676442859
0169 0.0035328779723427404 0.0010445242810213306
2129 0.00040128916922981634 0.0004971502840341738
0461 0.0024405293061817426 0.0002182701588228071
1166 0.002538851417871726 0.0002496273573487806
0513 0.002924956586002734 0.000494199437616543
0387 0.0035684537322930913 0.009625961789031693
2125 0.0012324027816010355 0.00021831876818021012
0412 0.017397795456419285 0.010358062839563637
1164 0.0030962514111954696 0.0015755256813753625
2110 0.011730314152673182 0.0056188030220050145
0241 0.002997008051046126 0.00028756514780178377
0250 0.0011206908118222248 0.00015405986455257388
1167 0.0701194904859045 0.09131682442173196
1165 0.0020044625627775063 0.0005600855875181438
1148 0.001171452988438018 0.00022527661101254633
1147 0.00198638027916359 0.0002918454718653304
1494 0.003527653010088637 0.0003888533629367273
1467 0.0034030998137003963 0.00035043043977348834
1459 0.00624471069576575 0.0026464583377058407
1468 0.00044884805223623575 0.000505174797080773
0201 0.007470666997408177 0.0027047838633913906
0631 0.007104346914370572 0.017022892602314158
1453 0.001473059876143907 0.0011285977434482188
1472 0.003235938379860354 0.010352118100674157
1512 0.03040380175205374 0.016772819832086748
1454 0.009425965831181526 0.003880750764483036
0259 0.03256909083497886 0.018678067747490652
0191 0.0008821802337816913 0.0013115597338876216
1462 0.011061411054231144 0.004920516523801807
1461 0.005400954765236742 0.0006868251579266764
1484 0.004664657239604361 0.012832005986733524
1387 0.00024794931235496434 0.0010589335192236734
1456 0.029664160762399455 0.016454007358191657
2151 0.09787339120332535 0.12483349054238135
0280 0.0001021498665025515 0.0014200794512955963
0261 0.005537740962902188 0.0009027300028630281
2146 0.035132669279491206 0.020354998173732555
0293 0.007055941443861228 0.01709445347177977
2133 0.011533363497843068 0.005078645302768803
0260 0.009448963049687757 0.0037169145165056694
0279 0.0004889946145432045 0.0003647604311373467
2145 0.017120402230346214 0.008301628090203211
0274 0.0008522543876709702 0.00013806748451818747
0292 0.0026150421611940444 0.0002738263698224057
0273 0.0010563785261302164 0.0011407699201336108
1221 0.010843785580551848 0.003414035647642
2152 0.0010606447418559468 0.0011397757117397184
2156 0.0009360753062236105 0.000127874373210448
2135 0.0011060435616417942 0.0011720294001040478
0263 0.0108407336311126 0.003787418927945216
0268 0.002303062954082318 0.00048639243788848035
2141 0.0012743197363673509 0.00019852889491009954
0264 0.015448365092520336 0.028901579004447307
2142 0.002862327014717061 0.0003955440557225653
1152 0.022162907225223467 0.01053766935316211
0277 0.002799594668485213 0.00039038783732037765
1151 0.0009891366561590132 0.00012637953158078246
0046 0.013246231150306112 0.0053059308826142225
1150 0.00852404924328079 0.019330321762705185
0285 0.0012581056565298314 0.00016298411217526931
0291 0.001846142041386368 0.0002082068525028634
2139 6.457181260218932e-05 0.001865235919959753
0045 0.015198558369645471 0.00694702297241209
0047 0.03614428978989457 0.05467375494632028
0278 0.0003342454783841375 0.004082633183153406
0286 0.032234537844205956 0.04998925331782765
0267 0.0018322162085944035 0.00020711848891088533
2157 0.001824325134618563 0.00020649667733008527
0284 0.0018571451953909902 0.00021060014635383646
2136 0.004437435364086414 0.0005230574740873391
1172 0.0005889950444541913 0.004994419553924823
0275 0.0096465882315308 0.0033258264661751914
0269 0.001948996503233157 9.30226731690499e-05
0287 0.0011091481392134085 0.00022222701745489408
2153 0.025461186401767352 0.012861687207682314
2159 0.00021959172694668844 0.0012153015513020084
1175 0.004376549264240162 0.0005562966000449922
1174 0.002733132982459742 0.000333803898884855
1173 0.004395689042181246 0.0005549642707820244
0283 0.006495131522774055 0.0020225217528859964
0281 0.00027930888896929236 0.0024430107225108396
0272 0.0042609647329251155 0.0004324316205182059
0270 0.008037002835344293 0.0029397944289447408
2140 0.004147785527705137 0.0003946911315036521
2150 0.0011587262128510978 8.146276587845553e-05
2147 0.0014335331416599456 0.0001327413353332699
1178 0.025724109630485225 0.04148918023939058
0262 0.008251855715286862 0.01763891941619528
1179 0.0008717177830811332 0.0005991144865874578
0266 0.003776499587799224 0.0007915760439868898
0290 0.013679730224980834 0.005106443983847259
0183 0.0034937885591424726 0.0008900970782153698
2138 0.005295658921607006 0.0011508348642389882
0168 0.02398817740262272 0.03933620669329516
0265 0.00044172153097339113 0.001818938534364735
2148 0.011238773557826072 0.004289631431316418
0288 0.0008719798997966359 0.0001432900069586537
0289 0.0017014617745724821 0.00017576478719315674
2154 0.004947944501863739 0.0011835242107376396
2134 0.005936922452533221 0.0010360142332672085
2149 0.0068182999760687925 0.015356691372857464
2163 0.005706602804324788 0.0013309891931363256
2143 0.0003806266279059639 0.0009187840649611423
2160 0.00469494196047538 0.01281221923567702
2162 0.0031914785039627233 0.0004939318397599961
2144 0.0020809906249073984 0.008139744991084939
2265 0.0028360794737073538 0.009609083901872952
2137 0.17717953122692776 0.16344816864101733
2158 0.0033527218747054677 0.0005152660424899598
2155 0.002381096086998977 0.009285791393114843
2161 0.008625283445410702 0.0032579855568599554
0271 0.005064585119942553 0.002197202508767964
0282 0.011062886476406027 0.02234925866221679
0174 0.01784323575774405 0.009219387655098658
0036 0.0045706925013599 0.00042144533761568015
0041 0.017288927304865406 0.03194383973659154
0031 0.00015104297244488747 0.0025614328792295
0040 0.0048949607178936675 0.0004386277465725679
0038 0.005551915503324075 0.000642709411961912
1485 0.12252818719123616 0.14896406709229987
1446 0.0004184643279413323 0.004649331547670081
1447 0.04162680795687164 0.02323368403058999
1483 0.004553976831127947 0.0007629851344931693
1457 0.04032203258534523 0.02199205545042297
0200 0.0008440816833237974 0.0013653965974009933
0317 0.018654378125563035 0.007674106871722369
1489 0.006785706299957916 0.0008388916086960525
0193 0.01878392460732417 0.0363315576622823
0294 0.00037403104072022915 0.0038337288689449453
1452 0.033634316535252645 0.01854445910872287
1486 0.00685414752478209 0.000950062559495741
1458 0.0031967008889675357 0.0005181866196191009
1932 0.00020601916072375553 0.0028037699180740315
1907 0.0007178010720812692 0.0009875230281006138
1966 0.019460360671044345 0.007416135403233389
1962 0.005064846835121089 0.0007437931112214024
1936 0.01738253739316039 0.026619892259087456
1942 0.0052791196633947225 0.0003829983565816489
1911 0.003930515714274652 0.0004664149447481283
1938 0.003988699401255837 0.0004396796416983173
1906 0.005605542605300981 0.0004750268090391363
2018 0.009642008508039214 0.023208018105965292
1937 0.0007350595462750117 0.0016013410380775698
1417 0.0031900091370959736 0.0004673868711517749
2036 0.0023240106386856452 0.0015490149360727359
2013 0.005226068115962454 0.0002531979103945559
1961 0.005487113412086009 0.0003039307558126311
2014 0.010137053941167491 0.0024367659880833135
1418 0.0029808662289237064 0.009585957749193826
0182 0.00511356701753698 0.00015029001606475437
0167 0.005110985313406286 0.00015224021338043378
1931 0.005116636506274957 0.00015465590397699047
2040 0.014436038103876121 0.00453692763424512
1220 0.00433932715199515 0.0003192150242733793
1451 0.004089401878426333 0.014000660136832401
1450 0.0016572042754290565 0.00048438962709855933
1449 0.005025249614361163 0.00014013532818329754
1434 0.005103464550382305 0.00010255905911300524
0190 0.00642261088194898 0.0005837712304845274
0295 0.0048762706290247995 8.663492457306829e-05
1445 0.02607144799374862 0.038868891153825955
1463 0.025963413601400503 0.04934334325244603
0112 0.017563188654552114 0.008715291900521522
0055 0.04752461290683272 0.024617852822855557
0056 0.00046883670113350936 0.005816995562928605
1111 0.005036576299763256 6.54182550930962e-05
0208 0.005900195211402811 0.00020150652707430115
0110 0.07072781954041525 0.09069544223542106
0109 0.0017539305302170767 0.0020073629834585164
0187 0.0008783496889567476 0.008608807718245877
0296 0.00192312562314673 0.0015856722911981955
1428 0.11945271367827015 0.15146922132777854
0197 0.004453415851773722 4.949397872868829e-05
1440 0.0008853066368267378 0.0018433795813201659
1443 0.004426089318176173 6.019244120114866e-05
1432 0.0010965693139946982 0.0025020646894166787
1438 0.0016966223577082127 0.002140796754904663
1444 0.0013011772695891485 0.001504178558780194
0181 0.006731747934799253 0.015310387820404564
0166 0.0023502210776413187 0.001220981056767688
1437 0.003738186948651153 0.00018674810253395516
1425 0.005610254810187834 0.0023849821876340293
1436 0.000596407223985975 0.001959134996656653
1424 0.00018442533958910987 0.00535775079293991
1439 0.0006906511004147071 0.0018047814424904018
0297 0.0001889269379809334 0.005555996414540112
1464 0.004003941749287983 0.00010703723919380903
0192 0.000723904282432511 0.003903165638346228
1442 0.003614698618398915 0.00017042725386873887
1435 0.0006891717052254605 0.0066739226271862835
1448 0.004128993074241441 0.0001289664320568475
0202 0.0012700099521467008 0.0027401971184660536
0207 0.0022675004585485884 0.0016381518271181169
0298 0.0013831694395694872 0.0036716836479159555
1110 0.0008464980671905807 0.005031066996866675
0205 0.0034071829085012173 0.00055442680115676
0204 0.010739846810139054 0.03022621744909369
0206 0.07132981304611759 0.10417315904606779
0203 0.0016525216452371115 0.005793536876938717
0188 0.0006890788035095131 0.008516625360917657
1427 0.002575461858608357 0.0017948494397849624
0299 0.007588551215341311 0.0006880196253719815
1429 0.0002647387362330056 0.004412647962996472
0195 0.000403834651848199 0.005307457699272473
1421 0.003956088275020384 0.00016453515797589254
1422 0.3083882406214802 0.3047165389368527
1426 0.0036597694151217744 0.00031967864051691647
1420 0.30489990742349593 0.31359908984846213
1419 0.004206418411311787 0.00013364014442259013
1423 0.004884409306273507 8.787642020454034e-05
1375 0.28792521020530754 0.30073541714981916
1430 0.007589234325599734 0.0009125593531925472
1441 0.004070144454762129 0.00020794985357024505
1433 0.004934413682320878 9.480088286197046e-05
1431 0.27833069977913216 0.31769599881118554
0063  
1455  
1460  
0064  
0114  
0186  
0300  
0199  
0301  
0189  
1108  
0302  
0196  
0185  
1107  
0303  
