0226 0.00021412648025850766 0.04570012425221699
0219 0.00014612319401110849 0.008624030396771436
2100 0.00046931549688109984 0.043068881195545534
2093 0.00031865906827348257 0.00962090286767685
0325 0.00029350770744836923 0.22061793943350624
0326 0.00045359398718956324 0.020842203050855983
0224 0.0002357204395034452 0.04589137530012017
1492 0.0003491004712693536 0.5763164913784519
0225 0.000385782407597473 0.019085962108669228
0221 0.0002020640154579899 0.009149114914182032
2099 0.0006935804045584266 0.021950926146759826
2098 0.0004054034899583058 0.04336288903471506
0220 0.00025085228696899374 0.5376121229571882
2095 0.0004989266719694882 0.010696925234546155
2094 0.0002467767971992179 0.5314272438955315
1503 0.0004421885558607609 0.0222075762681812
1502 0.0006339660090544079 0.0069615852894851175
1481 0.002142595252220794 0.021749104210096442
0436 0.00038412609278020766 0.11569926725696697
0415 0.0007693527811437033 0.040291008957157516
0418 0.0005802719135974517 0.011273692057425948
0327 0.0005566366089696342 0.0027976505767383945
0304 0.0007052740490862564 0.0029111323931912993
0459 0.0006122170503527063 0.012094110300092845
0370 0.0008863774031932633 0.005259204925292132
1124 0.004628668113843869 0.019357377109260897
2092 0.0005290663474748386 0.0028743556295568297
0159 0.0002984297503792189 0.68595189698284
0218 7.791030202406636e-05 0.054139882610646166
0228 0.0003953377846716012 0.019496021170055534
0389 0.0008826480941806857 0.0029134988210875803
0328 0.0023861797965091525 0.020811466505053052
1475 0.00041139309323013284 0.7169590936992882
0212 0.0003058661053040005 0.7184088708163
2102 0.0009236414443794642 0.02259610817387291
0070 0.0009478909838939117 0.0029836777822553635
0072 0.0008462439239349815 0.002917720571007455
0073 0.0009620885190406732 0.0029134337159668765
0001 0.001127392545340703 0.003151586286831834
0066 0.0009303336549652669 0.002982441530291431
0086 0.0008889219832345586 0.0029356025711305997
0067 0.0010061294031469938 0.003010814164654678
0071 0.0011907697025619172 0.003139980277700752
0068 0.0011188813116163238 0.0031375972128640265
0090 0.0004930314443844046 0.6239770310335818
1137 0.00013453503804372016 0.2713278666619252
0152 0.00016744358438030448 0.08354748704915711
1135 0.0003303494195330127 0.010173933838269816
0002 0.00046031723097503913 0.26914008749343155
0150 0.0005022049968856916 0.02276336561111287
0171 0.0004198530811211528 0.002740421348889859
0170 0.0006269888389959839 0.0028203300950619932
1132 0.0015917597236507375 0.016822736517121493
0180 0.0020974774303876968 0.01695973277046995
0153 0.00014788427177907354 0.2766981357243241
0160 0.0007415130028255533 0.0028639044463906146
0148 0.00017908047583742334 0.020502219310722287
1154 0.0007486863074182955 0.0028665248165307654
1122 0.0001792259940445459 0.01987079230552122
1155 0.0036712186224540162 0.018542412960386934
1123 0.0003035064729142668 0.04464844292554816
0158 0.0002347385216108116 0.5330389817741374
0149 0.0025825079399494195 0.021421330720604502
2089 0.002908670715069943 0.0173811147050024
2104 0.0007038274597300998 0.002781724766454663
0157 0.004442746003075996 0.019109006414615628
1153 0.0002828203429274212 0.7198212620584583
0178 0.0034045964701157586 0.018344976541511362
0154 0.0010624841001280786 0.016608961228773853
0176 0.000934716954933493 0.0036371804973746092
0155 0.00031095845073225226 0.7168743046784447
1114 0.0007186185924035549 0.2674210121751172
2086 0.00024361307002475038 0.5378927363889684
1141 0.001215391979217178 0.017426147243133686
0215 0.0024392344527213857 0.0209611901992846
0230 0.0009962633618689723 0.005544714506675358
0151 0.00014190636228217406 0.2801167441187775
1477 0.0004015199755863945 0.7172027442928943
0366 0.0006127773036328163 0.03224399038862175
1134 0.0006205561146015651 0.026691815561657426
0172 0.0014351417350698858 0.09477684742860068
0329 0.0008794601545872852 0.008655156278931351
1509 0.0007420643746617454 0.003579153804460986
2096 0.00031844484680496553 0.0029187515959911343
1125 0.0012553340014101384 0.02181361570652785
2097 0.0005550164522949039 0.0027242369194377595
1506 0.0005351130488506821 0.0032870723573768367
0217 0.00024694235279438365 0.003086672169247048
1497 0.0006189304871019021 0.0029008170952443497
0330 0.00037547817598100917 0.0031802608723767766
2085 0.0005687688399099665 0.0028564436114216227
0213 0.0002043050683829698 0.003175853380749054
2091 0.0006232662099278183 0.022327124102273648
2087 0.0007454481446792905 0.004921108913452194
1476 0.0004983264141708243 0.02273101808131402
0211 0.0003387772558343045 0.37448107700120337
1507 0.0005358740061244889 0.013015063458850859
0156 0.00019331963446364792 0.10940565651854306
0376 0.0003127026416684125 0.1175833860610862
0394 0.00019797607763906365 0.015444869163549403
0462 0.0002351559739973599 0.2799044580824051
0447 0.00048167977764347733 0.017301341053809417
0216 0.0001555235800871746 0.27664833381910464
2090 0.0003963253158907091 0.11551211660561128
0227 0.00016680257427525202 0.019928897419242433
2088 0.0004280676333284282 0.022507281501399672
2101 0.001046046775611371 0.021570855430305718
0214 0.0004065317867012234 0.021614311790283215
0585 0.0009274895914188383 0.021921884945654228
0229 0.0006450610853904218 0.04648214800065182
2103 0.00026729056183648407 0.3417582654525278
1495 0.0011658355166527254 0.02071256358316697
1501 0.0003247645610736069 0.6633807155237058
0222 0.00020935830670406848 0.2982877141939451
1499 0.0003119311172101133 0.6635696617395197
1500 0.0003274539254833172 0.02116093221997989
2106 0.0001647706790384202 0.2971031688713908
2083 0.0006319238542468342 0.017712006594335573
2084 0.0001324716424354935 0.018786170911344515
0209 0.0007153213110518676 0.07119319002998059
2105 0.0013408010420001624 0.018043585989499587
0210 0.0005151537500985186 0.02121182744797529
0232 0.00040788363583951786 0.09018348355992319
0231 0.000895737819925518 0.01569100416687156
0004 0.001280494244538681 0.02269032994132058
0005 0.0014552441922989197 0.008661365974897169
1376 0.0016138539754563658 0.02514059843733709
1498 0.0007779520755043357 0.0064838126257844315
1351 0.00031496374757267393 0.0015888227446328642
0544 0.00044683198278233155 0.014659967567437036
0518 0.0026029029775004593 0.017110133349754066
0396 0.0006808553386272194 0.02343069602086818
1513 0.0002528138023586791 0.13838480202391723
1352 0.0006095770099187641 0.002817294369160831
1496 0.00013244987200313016 0.0029866376072118987
0626 0.0001542758658376262 0.0037073484443753088
0311 0.00015340259544408046 0.003731371661782057
0523 0.00023075164556154846 0.0030284207487505784
0198 0.0012014565793561727 0.0031793130943907413
0312 0.0001872957212361157 0.003383897206597272
0313 0.00019978384302974208 0.003943997487655893
1353 0.0002413590159140387 0.00909313618773388
0318 0.001962537351015507 0.031177391659430172
0310 0.0005966176279540028 0.0042901440629773725
0305 0.0037363370364610475 0.03295928005186083
0314 0.00032679895891423626 0.6530862508458632
0307 0.0044865873764361845 0.025519767943936192
1490 0.004556728041621794 0.01332295428582496
0465 0.0024977121244423206 0.033222008668289345
0486 0.005191550408074664 0.00543529153751123
0438 0.000138085795903647 0.06276620713402847
0559 0.0002458151729753269 0.31377857976150236
0475 0.00014763743452049898 0.16506331244232392
0409 0.00015978496470910443 0.002440214073296047
0503 0.002381248209997877 0.014718183632204429
0535 0.00029749066728811005 0.03450187395179004
0386 0.0015782667649811759 0.0027433940185957566
0398 0.0003547144865268581 0.5772893575654142
1223 0.001721188670311276 0.0030231546388958396
0591 0.002012757943255968 0.09841588635270782
0464 0.0016050622913878624 0.005253479855194028
1143 0.0007652444425882125 0.014046009066649903
0466 0.0023186837823108075 0.06314865766383031
1142 0.0001557904791733726 0.0075206918709362506
0377 0.00038854236287717283 0.006258605580103474
0525 0.0015599101376252782 0.0008866305836606162
0507 0.004427010401785974 0.035065845174624424
1487 0.0063525972462289545 0.0003720240624399852
0315 0.003819502846246686 0.018246027890066057
1508 0.0003717889153018562 0.7267399538622799
1474 0.00784370203732423 0.0059398615042205736
1493 0.002147384934881555 0.1490028818776332
0306 2.788839420504231e-05 0.03100081534790952
1505 0.0025482551840746086 0.02762146685908919
1471 0.0012352090757422375 0.0032964676394873767
1482 0.00410512991892053 0.020343197243690866
0625 0.0001655161312401753 0.2747538001976152
1413 0.0002393766871181426 0.1309481435898102
1473 0.001146982141884906 0.011074603610839198
1511 0.009139482071994868 0.0448635830447388
1146 0.003721044877432947 0.0016457029790028113
0437 0.010484772473981958 0.03133030596626393
0404 0.006377823707500201 0.013788382961375854
0579 0.002093142640902122 0.0007512498193469523
0361 0.003670921998603291 0.034487162399110864
0369 0.005013124496948415 0.005338065121721457
0392 0.0014627709881144717 0.0032983105828287987
0019 0.0014527765574247867 0.00318881846857294
0025 0.0013059729702101365 0.003300632417180183
0441 0.0004258469127339887 0.6309293808329187
0385 3.267003658556055e-05 0.04052297675877758
0008 0.004190715196004437 0.016939495910771697
0007 0.008047537773165707 0.0018227579121857997
0593 0.001370876284960804 0.133938830413657
0397 0.0015633881496351894 0.1351617508271212
1415 0.0001286474763494593 0.013143971314016713
0440 0.00093172815752636 0.1343884652668853
0372 0.00012980069838990449 0.012971261937714872
0016 0.001074476117144227 0.003078422106366707
0014 0.0004836479087025807 0.7201707675146041
0013 0.00944016470946788 0.04323636813711688
0012 0.000601207506008175 0.593236485233167
0009 0.0002594495715379456 0.6316443909401216
0194 0.6808924628934039 0.7046297724614167
1470 1.9759797040839e-05 0.007322084319822562
0499 0.0004013109199817999 0.02114236429618007
1480 0.009002576997807384 0.07621507393083335
1479 0.005125412495813516 0.04255336196337532
1488 0.00021504439465151902 0.10056813848763409
1412 0.009393788905175513 0.0012489882222517237
1491 0.0008298136048864209 0.029199906896547462
1465 0.00864467032951921 0.0569414067930096
0501 0.013418075111960779 0.014879435386048663
0423 0.00018461084547351938 0.4660511193241934
0488 0.012250862008280223 0.06257082898946016
0473 0.00029653081884662634 0.6663018084790775
0435 0.0067836790694681915 0.020328659410335813
0355 0.017003106566831745 0.035177291889489204
0414 0.015088655723539244 0.05458906036150189
0566 0.004124938688585724 0.2400611151137949
0512 0.00039877767638320406 0.021300128177143277
0451 0.0007180381975351397 0.6822363250052556
0550 0.018728365609680338 0.0006611322875127067
0382 0.0028631969044276766 0.00830291251366043
0402 0.004647898650356779 0.01493060777127673
0371 0.00011773714628868238 0.8123605035870594
0454 0.0001852347553599804 0.09526996939274199
0552 0.0001988879263339252 0.35216291501257746
0388 0.0022011347152115675 0.0035952446241764723
1510 0.0009593030379898948 0.016813576897574775
1416 0.022000690650022976 0.0021930974571444236
0545 0.0003184214892905606 0.08035953545583543
1414 0.011694261080246373 0.03510471306587305
1354 0.011789863047805738 0.0019557232467795767
1469 0.0013608821276647131 0.016678783971469092
1466 0.0018214137902436223 0.006105655673480339
0580 0.01961625436549422 0.013971128982039267
0530 0.0052236749001004805 0.00798245509170493
1478 0.020509241014560985 0.01480306355024047
1504 0.018286404309212283 0.07358675155705306
0482 0.004328713431232532 0.007056479491889496
0239 0.020222894650417267 0.07822125806146162
0252 0.02184148858605578 0.06400676809548576
2113 0.00015617073537215148 0.1871820789916923
0248 0.0001699167173238241 0.19354537394680194
2126 0.06335846480847876 0.01532177093762975
2122 0.005884842732713444 0.036718897828301775
0332 0.0025872008744599697 0.02498809654382909
2117 0.0024989814528726018 0.003840448372377749
0243 0.0031022162504158093 0.009003146333888256
0258 0.009256937057772535 0.18321187433934397
0399 0.00020053777377590455 0.0864244283948678
0333 0.009559764697183793 0.02364762888712903
1222 0.0004835805610441125 0.01823461194905043
0410 0.0010310245103118808 0.2547106221039429
0233 0.010415062867326139 0.1781911020418056
0234 0.010530031225962641 0.007516790331642934
0331 0.0015870060621254636 0.7617504679944913
0407 0.0010924278724447714 0.7812302341438295
0375 0.012270545939226789 0.13243421222516638
0584 0.012783781364089471 0.0003809635456121563
0257 0.013638851817156385 0.03988003386196897
2107 0.002357192982436422 0.03630853018163017
0354 0.05513844823291937 0.010632490157830445
2108 0.0027129565124740036 0.02318163707749942
0334 0.0010205167011850668 0.012024415267179359
0335 0.00045016066548549734 0.6041223042419781
2128 0.0006346537298131612 0.011567959726522158
2121 0.001286976653628686 0.010986721557836676
0574 0.0034399435572982054 0.0663909758514969
2132 6.499922665837347e-05 0.043993923627303255
2131 0.0019832798539833503 0.037715517023960254
0245 0.0013681661758698869 0.12768766125710665
2109 0.0034279388313019953 0.05124960382565997
2119 0.0001905015675266007 0.003139510659823435
0599 0.00778975602277766 0.013201141879919522
1112 0.0004230764104975305 0.0141006892899289
2118 0.0011340921617788836 0.03432654255641604
2127 0.012497194253358013 0.03794488899412958
2114 0.00080087188235378 0.4354140133167272
2115 0.0017851695634849808 0.034246186508040344
2123 0.0017292504696663487 0.0020201431430744102
2116 0.014536001394335536 0.0006083095502398776
2124 6.400172472177063e-05 0.04623388533565157
0253 0.00953947912143455 0.06691586587152017
0247 0.002549154478033673 0.031470644812742
0238 0.006491795660357971 0.014819523324233308
0235 0.00011450564551355106 0.0031818331259041797
2130 0.007884987038907292 0.0149755106970069
0448 0.001351924273221617 0.13715141571046494
0254 0.009642427402373891 0.06715614662810047
0256 0.00010245645170815624 0.0020299462216545696
0244 0.00220070232442885 0.003534639033256836
0237 0.004001075519553068 0.0078087094017449685
0251 0.0004209465427306527 0.45776940880461325
2120 0.00213421797328677 0.28713952175239155
0249 0.003096699032542949 0.008964525972466435
0242 0.0028918616246125595 0.28297956207308006
0240 0.0027264291579628427 0.003975070511036359
2111 0.008972541215213441 0.0015307465686219747
0554 0.0008973905154696768 0.5198902976378998
0184 0.0025125641794814008 0.03114158407127593
0255 0.0008400956029320901 0.0937886076458571
2112 0.002554420210276233 0.0037755205585366927
0236 0.0023712703188587497 0.29035677908476776
0169 0.0035328779723427404 0.0554809821213606
2129 0.00040128916922981634 0.014155579539710824
0461 0.0024405293061817426 0.00379225002682397
1166 0.002538851417871726 0.0037986459581193944
0513 0.002924956586002734 0.04131395082098473
0387 0.0035684537322930913 0.0007912785849304463
2125 0.0012324027816010355 0.3515513418895463
0412 0.017397795456419285 0.03233519195127314
1164 0.0030962514111954696 0.031903290666170904
2110 0.011730314152673182 0.06927660515134249
0241 0.002997008051046126 0.0041387851411625026
0250 0.0011206908118222248 0.04851214268323402
1167 0.0701194904859045 0.015452146237401685
1165 0.0020044625627775063 0.7252732355802993
1148 0.001171452988438018 0.016160101539529435
1147 0.00198638027916359 0.8086434931151182
1494 0.003527653010088637 0.004517547680242475
1467 0.0034030998137003963 0.004572744297676973
1459 0.00624471069576575 0.48360309306589144
1468 0.00044884805223623575 0.5305096028066341
0201 0.007470666997408177 0.2329668782807912
0631 0.007104346914370572 0.004947344358792318
1453 0.001473059876143907 0.03158361034986517
1472 0.003235938379860354 0.006247458684750229
1512 0.03040380175205374 0.11701908993905365
1454 0.009425965831181526 0.3100102286792157
0259 0.03256909083497886 0.026162781034436516
0191 0.0008821802337816913 0.01838245940753469
1462 0.011061411054231144 0.2917535078567306
1461 0.005400954765236742 0.8157221983882238
1484 0.004664657239604361 0.006458601813100938
1387 0.00024794931235496434 0.28166632333034264
1456 0.029664160762399455 0.02230840493087751
2151 0.09787339120332535 0.023654559300308877
0280 0.0001021498665025515 0.29159288667494915
0261 0.005537740962902188 0.0060149551486493496
2146 0.035132669279491206 0.12579020682230704
0293 0.007055941443861228 0.001330429530571482
2133 0.011533363497843068 0.19520563146550973
0260 0.009448963049687757 0.20391069835039594
0279 0.0004889946145432045 0.38324893424960854
2145 0.017120402230346214 0.035293081353074
0274 0.0008522543876709702 0.7180810926927035
0292 0.0026150421611940444 0.139864444017307
0273 0.0010563785261302164 0.0332598087458177
1221 0.010843785580551848 0.019066667882927036
2152 0.0010606447418559468 0.03339621971861422
2156 0.0009360753062236105 0.5044669150657863
2135 0.0011060435616417942 0.033018831359248074
0263 0.0108407336311126 0.07790811320248267
0268 0.002303062954082318 0.04858620417067119
2141 0.0012743197363673509 0.4953500219096038
0264 0.015448365092520336 0.001185193837129918
2142 0.002862327014717061 0.05280346446599086
1152 0.022162907225223467 0.04798258554368618
0277 0.002799594668485213 0.05370005198276272
1151 0.0009891366561590132 0.6934948552356205
0046 0.013246231150306112 0.08357601926988488
1150 0.00852404924328079 0.0008886159108305624
0285 0.0012581056565298314 0.7017693179176901
0291 0.001846142041386368 0.827195478420452
2139 6.457181260218932e-05 0.029520515331706142
0045 0.015198558369645471 0.03504334953083487
0047 0.03614428978989457 0.0016218389650016717
0278 0.0003342454783841375 0.008411052861569018
0286 0.032234537844205956 0.0009769855872977687
0267 0.0018322162085944035 0.8262546242360244
2157 0.001824325134618563 0.8277969777404761
0284 0.0018571451953909902 0.8307552560220475
2136 0.004437435364086414 0.04740240420276978
1172 0.0005889950444541913 0.00718385291144678
0275 0.0096465882315308 0.03213964212503567
0269 0.001948996503233157 0.14928453505515654
0287 0.0011091481392134085 0.37500545544654745
2153 0.025461186401767352 0.052451520926289553
2159 0.00021959172694668844 0.02344528037115014
1175 0.004376549264240162 0.0060456499355083446
1174 0.002733132982459742 0.45813961118274993
1173 0.004395689042181246 0.006012977982323124
0283 0.006495131522774055 0.2791612333415269
0281 0.00027930888896929236 0.029832914420441066
0272 0.0042609647329251155 0.005353951898830542
0270 0.008037002835344293 0.27293868977925856
2140 0.004147785527705137 0.005261141363559189
2150 0.0011587262128510978 0.6404683036019443
2147 0.0014335331416599456 0.007496949204147405
1178 0.025724109630485225 0.0009329852303393258
0262 0.008251855715286862 0.00831821083652647
1179 0.0008717177830811332 0.025407984878916018
0266 0.003776499587799224 0.45927936547937553
0290 0.013679730224980834 0.022879125245082635
0183 0.0034937885591424726 0.052986743582147805
2138 0.005295658921607006 0.07456518661269414
0168 0.02398817740262272 0.0008544534576769308
0265 0.00044172153097339113 0.033518464120905075
2148 0.011238773557826072 0.028906662612037552
0288 0.0008719798997966359 0.04618116686487933
0289 0.0017014617745724821 0.6247637252943213
2154 0.004947944501863739 0.05985743699163613
2134 0.005936922452533221 0.05195282656793407
2149 0.0068182999760687925 0.00928459891447233
2163 0.005706602804324788 0.076351721540042
2143 0.0003806266279059639 0.022642399058298318
2160 0.00469494196047538 0.011446640028376939
2162 0.0031914785039627233 0.31937102737754847
2144 0.0020809906249073984 0.01666248988835143
2265 0.0028360794737073538 0.014852636438547182
2137 0.17717953122692776 0.13104629037304416
2158 0.0033527218747054677 0.2904193854992334
2155 0.002381096086998977 0.005603012255903254
2161 0.008625283445410702 0.4908449917748762
0271 0.005064585119942553 0.047968450578141315
0282 0.011062886476406027 0.005481045296826119
0174 0.01784323575774405 0.09691769216537367
0036 0.0045706925013599 0.005807928680499401
0041 0.017288927304865406 0.0020674114146300385
0031 0.00015104297244488747 0.018829239554256683
0040 0.0048949607178936675 0.006296961497169685
0038 0.005551915503324075 0.006810692757250034
1485 0.12252818719123616 0.03264216855430054
1446 0.0004184643279413323 0.028436190007794643
1447 0.04162680795687164 0.06565020708711423
1483 0.004553976831127947 0.6988248981971917
1457 0.04032203258534523 0.08365104080927217
0200 0.0008440816833237974 0.4809662367357362
0317 0.018654378125563035 0.04583408557797591
1489 0.006785706299957916 0.9125041285840614
0193 0.01878392460732417 0.00042408198407866527
0294 0.00037403104072022915 0.030832979223884806
1452 0.033634316535252645 0.14614035451141394
1486 0.00685414752478209 0.008349304801785312
1458 0.0031967008889675357 0.8284916400995099
1932 0.00020601916072375553 0.03623574772773152
1907 0.0007178010720812692 0.009074787980740595
1966 0.019460360671044345 0.03494062424682006
1962 0.005064846835121089 0.21136992601723414
1936 0.01738253739316039 0.003810685441171946
1942 0.0052791196633947225 0.007340354714415797
1911 0.003930515714274652 0.9199627095762889
1938 0.003988699401255837 0.9341445705426541
1906 0.005605542605300981 0.007649344771844192
2018 0.009642008508039214 0.0007296927912684685
1937 0.0007350595462750117 0.2754405714912838
1417 0.0031900091370959736 0.9467868654748854
2036 0.0023240106386856452 0.03865423174728083
2013 0.005226068115962454 0.008332752074361701
1961 0.005487113412086009 0.008547785548000755
2014 0.010137053941167491 0.18930640560654924
1418 0.0029808662289237064 0.031922995573095664
0182 0.00511356701753698 0.009333512029703415
0167 0.005110985313406286 0.009445042600131202
1931 0.005116636506274957 0.00949565053190021
2040 0.014436038103876121 1.01469112758821
1220 0.00433932715199515 0.9668549450243468
1451 0.004089401878426333 0.030786545540588656
1450 0.0016572042754290565 0.47362036267283264
1449 0.005025249614361163 0.009484889224252635
1434 0.005103464550382305 0.01087533254706227
0190 0.00642261088194898 0.9821628621832692
0295 0.0048762706290247995 0.010616848027484907
1445 0.02607144799374862 0.0068452758379452
1463 0.025963413601400503 0.0035497394383032614
0112 0.017563188654552114 0.12341358255348592
0055 0.04752461290683272 0.14997019932631797
0056 0.00046883670113350936 0.03252272196180835
1111 0.005036576299763256 0.011491934535723055
0208 0.005900195211402811 0.013208120473998998
0110 0.07072781954041525 0.007706726262307681
0109 0.0017539305302170767 0.9931181536044884
0187 0.0008783496889567476 0.011769166867571946
0296 0.00192312562314673 1.0294337334193775
1428 0.11945271367827015 0.01338988111307313
0197 0.004453415851773722 0.013314612237739715
1440 0.0008853066368267378 0.009669091143843992
1443 0.004426089318176173 0.012854252410390538
1432 0.0010965693139946982 1.0231118004023279
1438 0.0016966223577082127 1.0635862807127394
1444 0.0013011772695891485 0.40419904408204205
0181 0.006731747934799253 0.04074683778484824
0166 0.0023502210776413187 0.7739109781918588
1437 0.003738186948651153 0.01435538005440846
1425 0.005610254810187834 0.013936998776683208
1436 0.000596407223985975 0.3332820094620045
1424 0.00018442533958910987 0.06920193610927086
1439 0.0006906511004147071 0.32826955255311646
0297 0.0001889269379809334 0.06968686051008835
1464 0.004003941749287983 0.014630421659094848
0192 0.000723904282432511 0.9988602206103204
1442 0.003614698618398915 0.01591159593940241
1435 0.0006891717052254605 0.12916656177081717
1448 0.004128993074241441 0.017228598203782503
0202 0.0012700099521467008 0.7217308095622269
0207 0.0022675004585485884 1.0388336812317596
0298 0.0013831694395694872 1.109501333923577
1110 0.0008464980671905807 1.0195305673747557
0205 0.0034071829085012173 0.9462349564426229
0204 0.010739846810139054 0.01915947721519616
0206 0.07132981304611759 0.005320954516925918
0203 0.0016525216452371115 1.0829949597374948
0188 0.0006890788035095131 0.006365781018364789
1427 0.002575461858608357 0.32219625131977503
0299 0.007588551215341311 0.07013193915229314
1429 0.0002647387362330056 0.6182897855114416
0195 0.000403834651848199 0.6197868553382851
1421 0.003956088275020384 0.019371175636041515
1422 0.3083882406214802 0.3228731289138928
1426 0.0036597694151217744 0.021480187349688012
1420 0.30489990742349593 0.31236782477111275
1419 0.004206418411311787 0.024438738183835847
1423 0.004884409306273507 0.026045217749288998
1375 0.28792521020530754 0.2939142263180207
1430 0.007589234325599734 0.03252273743128726
1441 0.004070144454762129 0.02917363147227611
1433 0.004934413682320878 0.030329780828297934
1431 0.27833069977913216 0.25102820975446977
0063  
1455  
1460  
0064  
0114  
0186  
0300  
0199  
0301  
0189  
1108  
0302  
0196  
0185  
1107  
0303  
