0226 0.00021412648025850766 0.001987955783230774
0219 0.00014612319401110849 0.0001288875003887183
2100 0.00046931549688109984 0.0013699226130118223
2093 0.00031865906827348257 6.826010036125476e-05
0325 0.00029350770744836923 0.0033672210799013005
0326 0.00045359398718956324 0.00028163374712225864
0224 0.0002357204395034452 0.0018407414681166805
1492 0.0003491004712693536 0.005596852096211286
0225 0.000385782407597473 0.0004290364230440479
0221 0.0002020640154579899 8.282729896282484e-05
2099 0.0006935804045584266 0.0008044447672295386
2098 0.0004054034899583058 0.0014552806029924515
0220 0.00025085228696899374 0.005828072888430848
2095 0.0004989266719694882 4.988135662558315e-05
2094 0.0002467767971992179 0.005554281201814946
1503 0.0004421885558607609 0.000343358387518925
1502 0.0006339660090544079 5.112441156070676e-05
1481 0.002142595252220794 0.002685306246540715
0436 0.00038412609278020766 0.002149400367808208
0415 0.0007693527811437033 0.0009005729381833061
0418 0.0005802719135974517 6.163462435907907e-05
0327 0.0005566366089696342 0.00029747993762221204
0304 0.0007052740490862564 0.00016347107585928735
0459 0.0006122170503527063 0.0005927659908150721
0370 0.0008863774031932633 5.4653437999924924e-05
1124 0.004628668113843869 0.005719806708119968
2092 0.0005290663474748386 0.0002591183101482599
0159 0.0002984297503792189 0.005379151975472198
0218 7.791030202406636e-05 0.0004920104423949162
0228 0.0003953377846716012 0.0004571093056399063
0389 0.0008826480941806857 0.00011711220825107569
0328 0.0023861797965091525 0.0030058830326236074
1475 0.00041139309323013284 0.005497630447421061
0212 0.0003058661053040005 0.005520917285619548
2102 0.0009236414443794642 0.0010645873432921066
0070 0.0009478909838939117 8.68408377710441e-05
0072 0.0008462439239349815 0.00011944134241779844
0073 0.0009620885190406732 0.00023900462879131209
0001 0.001127392545340703 0.0001469333729682823
0066 0.0009303336549652669 9.547130313693254e-05
0086 0.0008889219832345586 0.00010441227594267472
0067 0.0010061294031469938 7.518077600172635e-05
0071 0.0011907697025619172 6.95389067497407e-05
0068 0.0011188813116163238 0.00040091680069253107
0090 0.0004930314443844046 0.006553796528764691
1137 0.00013453503804372016 0.0045425922188527795
0152 0.00016744358438030448 0.0011242417226165328
1135 0.0003303494195330127 5.698130818013656e-05
0002 0.00046031723097503913 0.004057797003967579
0150 0.0005022049968856916 0.0004071803333312707
0171 0.0004198530811211528 0.00039259056249487745
0170 0.0006269888389959839 0.00019077839053628173
1132 0.0015917597236507375 0.00213193712213047
0180 0.0020974774303876968 0.0028005189646602992
0153 0.00014788427177907354 0.004363831600064609
0160 0.0007415130028255533 0.00013614769654516864
0148 0.00017908047583742334 0.00013934293382083585
1154 0.0007486863074182955 0.00013345065206195184
1122 0.0001792259940445459 0.0001764266944996675
1155 0.0036712186224540162 0.00466449540916642
1123 0.0003035064729142668 0.0015697228482743138
0158 0.0002347385216108116 0.005491151132222373
0149 0.0025825079399494195 0.0032295926210048473
2089 0.002908670715069943 0.0037819285265759876
2104 0.0007038274597300998 0.00015777125378308614
0157 0.004442746003075996 0.005513828247159383
1153 0.0002828203429274212 0.005473797101021574
0178 0.0034045964701157586 0.004367708186405026
0154 0.0010624841001280786 0.0014190876139005867
0176 0.000934716954933493 0.0005855149082616117
0155 0.00031095845073225226 0.00548761327478985
1114 0.0007186185924035549 0.003024047828288517
2086 0.00024361307002475038 0.005807358527400038
1141 0.001215391979217178 0.0016260689045319563
0215 0.0024392344527213857 0.0030660654843299665
0230 0.0009962633618689723 6.603471154010632e-05
0151 0.00014190636228217406 0.004364835245260098
1477 0.0004015199755863945 0.005543606754259792
0366 0.0006127773036328163 0.0009270361911582202
1134 0.0006205561146015651 0.0007041810887727503
0172 0.0014351417350698858 0.002077896371284167
0329 0.0008794601545872852 7.60268947155537e-05
1509 0.0007420643746617454 7.732376775850763e-05
2096 0.00031844484680496553 0.0004540884514026055
1125 0.0012553340014101384 0.0015331218234295384
2097 0.0005550164522949039 0.0003067959371103964
1506 0.0005351130488506821 0.00040398252318889785
0217 0.00024694235279438365 0.0006072581747189338
1497 0.0006189304871019021 0.00021072380741959666
0330 0.00037547817598100917 0.0004501003195185211
2085 0.0005687688399099665 0.000286501586868842
0213 0.0002043050683829698 0.0007408481573130716
2091 0.0006232662099278183 0.00041470155032179563
2087 0.0007454481446792905 6.271865972513783e-05
1476 0.0004983264141708243 0.0004959340432562629
0211 0.0003387772558343045 0.00402808889548746
1507 0.0005358740061244889 0.0006786613504220812
0156 0.00019331963446364792 0.002745225415870927
0376 0.0003127026416684125 0.002205587851181841
0394 0.00019797607763906365 4.530072825164472e-05
0462 0.0002351559739973599 0.0035990187402349704
0447 0.00048167977764347733 0.00013583661547767923
0216 0.0001555235800871746 0.004236365089168826
2090 0.0003963253158907091 0.0021648569018860486
0227 0.00016680257427525202 0.0001356339410584278
2088 0.0004280676333284282 0.00036294677884471366
2101 0.001046046775611371 0.0012679458394946079
0214 0.0004065317867012234 0.00029437638616817274
0585 0.0009274895914188383 0.0008780955703642223
0229 0.0006450610853904218 0.0011021505695910942
2103 0.00026729056183648407 0.00470124894357122
1495 0.0011658355166527254 0.0014538847511770911
1501 0.0003247645610736069 0.005428791243826766
0222 0.00020935830670406848 0.004183159088379073
1499 0.0003119311172101133 0.005675353007050967
1500 0.0003274539254833172 0.00026103900586783234
2106 0.0001647706790384202 0.004647502557216619
2083 0.0006319238542468342 0.0007695282469606054
2084 0.0001324716424354935 0.00010223833540684183
0209 0.0007153213110518676 0.0011366482919550167
2105 0.0013408010420001624 0.0005666806460808071
0210 0.0005151537500985186 0.00029588135376767364
0232 0.00040788363583951786 0.002100842811965514
0231 0.000895737819925518 0.0004720297328294897
0004 0.001280494244538681 0.0006999988684295435
0005 0.0014552441922989197 0.0002175228808689387
1376 0.0016138539754563658 0.0010081800762353848
1498 0.0007779520755043357 0.00030053559954620575
1351 0.00031496374757267393 0.001845426354028989
0544 0.00044683198278233155 0.0004105342874843459
0518 0.0026029029775004593 0.00023532008534017513
0396 0.0006808553386272194 0.00046689675623724005
1513 0.0002528138023586791 0.0029236678449504243
1352 0.0006095770099187641 0.0002378132481601446
1496 0.00013244987200313016 0.001462608009060969
0626 0.0001542758658376262 0.0013048821968260518
0311 0.00015340259544408046 0.0012585643940006717
0523 0.00023075164556154846 0.0009374240826539012
0198 0.0012014565793561727 0.00011599081773920173
0312 0.0001872957212361157 0.001054311219254702
0313 0.00019978384302974208 0.001060753713101651
1353 0.0002413590159140387 0.0016103165535481954
0318 0.001962537351015507 0.002216047265154157
0310 0.0005966176279540028 0.0035103553426023178
0305 0.0037363370364610475 0.002737567365450521
0314 0.00032679895891423626 0.00540443338662959
0307 0.0044865873764361845 0.0024777263786416163
1490 0.004556728041621794 0.0016709796683812758
0465 0.0024977121244423206 0.0028305273582391426
0486 0.005191550408074664 0.0011780787193549727
0438 0.000138085795903647 0.0036044658986620634
0559 0.0002458151729753269 0.005402004765219056
0475 0.00014763743452049898 0.004568283932288996
0409 0.00015978496470910443 0.0020386146758883724
0503 0.002381248209997877 0.0007368169116593399
0535 0.00029749066728811005 0.0016179346222093983
0386 0.0015782667649811759 0.00021840408471481492
0398 0.0003547144865268581 0.004725105874286851
1223 0.001721188670311276 0.0004874649500602087
0591 0.002012757943255968 0.0004518746366500374
0464 0.0016050622913878624 0.002656601250655498
1143 0.0007652444425882125 0.0005773577790176841
0466 0.0023186837823108075 0.0002495574297722699
1142 0.0001557904791733726 0.0018423754186359614
0377 0.00038854236287717283 0.00011331030669858939
0525 0.0015599101376252782 0.004658458566084854
0507 0.004427010401785974 0.003297991212772323
1487 0.0063525972462289545 0.009973556893590698
0315 0.003819502846246686 0.0015488346215877461
1508 0.0003717889153018562 0.004802038350199453
1474 0.00784370203732423 0.0020853758344358026
1493 0.002147384934881555 0.0006862262267300488
0306 2.788839420504231e-05 4.308541170955655e-05
1505 0.0025482551840746086 0.0031951851940668153
1471 0.0012352090757422375 0.00018676138364512345
1482 0.00410512991892053 0.005053975061343664
0625 0.0001655161312401753 0.005779521927721428
1413 0.0002393766871181426 0.006043190546091007
1473 0.001146982141884906 0.0061140157622142
1511 0.009139482071994868 0.006653991849214746
1146 0.003721044877432947 0.008784309419612899
0437 0.010484772473981958 0.006010738033826311
0404 0.006377823707500201 0.0007472979666362473
0579 0.002093142640902122 0.005473639829256124
0361 0.003670921998603291 0.004324258536193267
0369 0.005013124496948415 0.005009116166488757
0392 0.0014627709881144717 0.00010417506307498211
0019 0.0014527765574247867 5.6450671956723774e-05
0025 0.0013059729702101365 0.00010973456374211827
0441 0.0004258469127339887 0.004195217901593025
0385 3.267003658556055e-05 7.144394070576171e-05
0008 0.004190715196004437 0.0014389370459930943
0007 0.008047537773165707 0.009765305991417818
0593 0.001370876284960804 0.0009788647843764985
0397 0.0015633881496351894 0.00087529783410835
1415 0.0001286474763494593 0.00038921979811935186
0440 0.00093172815752636 0.0014614405724416792
0372 0.00012980069838990449 0.0004377213381532386
0016 0.001074476117144227 0.0001468155990824961
0014 0.0004836479087025807 0.004289868972186837
0013 0.00944016470946788 0.0065626180530389995
0012 0.000601207506008175 0.003547720314199822
0009 0.0002594495715379456 0.0056177861673832544
0194 0.6808924628934039 0.6849398109699006
1470 1.9759797040839e-05 0.0014253355926246343
0499 0.0004013109199817999 0.005341292788596296
1480 0.009002576997807384 0.0007487958359043887
1479 0.005125412495813516 0.005811282172772187
1488 0.00021504439465151902 0.006543192944661205
1412 0.009393788905175513 0.01631217361157795
1491 0.0008298136048864209 0.00742087724930008
1465 0.00864467032951921 0.008515994688593778
0501 0.013418075111960779 0.0031328508757675544
0423 0.00018461084547351938 0.006157965122081864
0488 0.012250862008280223 0.010299115970517199
0473 0.00029653081884662634 0.00512655289226231
0435 0.0067836790694681915 0.0024430188236425343
0355 0.017003106566831745 0.009347802831190822
0414 0.015088655723539244 0.010489333142702575
0566 0.004124938688585724 0.00032862989295955725
0512 0.00039877767638320406 0.0018419864714091202
0451 0.0007180381975351397 0.0033404172110298243
0550 0.018728365609680338 0.020928620619728073
0382 0.0028631969044276766 0.0023656121808074146
0402 0.004647898650356779 0.0011718443107540115
0371 0.00011773714628868238 0.0006445453573311164
0454 0.0001852347553599804 0.006365600175270554
0552 0.0001988879263339252 0.0017246600200391507
0388 0.0022011347152115675 6.072676197336193e-05
1510 0.0009593030379898948 0.0010154522779073822
1416 0.022000690650022976 0.029375903945479256
0545 0.0003184214892905606 0.007542916654198573
1414 0.011694261080246373 0.0056760875421370295
1354 0.011789863047805738 0.011485691679561816
1469 0.0013608821276647131 7.840549092107779e-05
1466 0.0018214137902436223 0.0003402394980260511
0580 0.01961625436549422 0.007482439517833974
0530 0.0052236749001004805 0.014598687930091385
1478 0.020509241014560985 0.008049558107004643
1504 0.018286404309212283 0.013948344641461628
0482 0.004328713431232532 0.013061592106338827
0239 0.020222894650417267 0.015678516334510957
0252 0.02184148858605578 0.01449667113118038
2113 0.00015617073537215148 0.008189335580362092
0248 0.0001699167173238241 0.008265297702315651
2126 0.06335846480847876 0.0698271662163989
2122 0.005884842732713444 0.0027403288287572002
0332 0.0025872008744599697 0.003099939767007015
2117 0.0024989814528726018 5.366674835547701e-05
0243 0.0031022162504158093 0.004182789925869397
0258 0.009256937057772535 0.00022997387894659114
0399 0.00020053777377590455 0.006865459246883998
0333 0.009559764697183793 0.0034258266738988893
1222 0.0004835805610441125 0.00197615658854295
0410 0.0010310245103118808 0.0029046848381934984
0233 0.010415062867326139 0.0004656934528282027
0234 0.010530031225962641 0.0023382534210380037
0331 0.0015870060621254636 0.0035194140507907373
0407 0.0010924278724447714 0.0027593834102479335
0375 0.012270545939226789 0.0009707346037774672
0584 0.012783781364089471 0.018796496291727423
0257 0.013638851817156385 0.006998191703900544
2107 0.002357192982436422 0.0013691804846909788
0354 0.05513844823291937 0.061108102945070165
2108 0.0027129565124740036 0.0033180629739510267
0334 0.0010205167011850668 0.0008879253367108517
0335 0.00045016066548549734 0.004240170987173768
2128 0.0006346537298131612 0.001411842438155719
2121 0.001286976653628686 7.021316339396875e-05
0574 0.0034399435572982054 0.000793254649279397
2132 6.499922665837347e-05 0.004598971461887543
2131 0.0019832798539833503 0.001603538696236506
0245 0.0013681661758698869 0.0018286079450810014
2109 0.0034279388313019953 0.0002730770005459543
2119 0.0001905015675266007 0.002438364026164563
0599 0.00778975602277766 0.0005981345024337113
1112 0.0004230764104975305 0.00016658841962919203
2118 0.0011340921617788836 0.0008683943865425349
2127 0.012497194253358013 0.0061740691340689295
2114 0.00080087188235378 0.003147630988449207
2115 0.0017851695634849808 0.001832869459517333
2123 0.0017292504696663487 0.005512406006592706
2116 0.014536001394335536 0.020910221999336516
2124 6.400172472177063e-05 0.005390220121781167
0253 0.00953947912143455 0.0005556732457998448
0247 0.002549154478033673 0.0009263454389497346
0238 0.006491795660357971 0.0015076918541642899
0235 0.00011450564551355106 0.002199297690736111
2130 0.007884987038907292 0.0006794752926557369
0448 0.001351924273221617 0.0016836739088879956
0254 0.009642427402373891 0.0006260396579830391
0256 0.00010245645170815624 0.0024076530977782348
0244 0.00220070232442885 8.649333453771964e-05
0237 0.004001075519553068 0.00524256481169654
0251 0.0004209465427306527 0.003892061395317389
2120 0.00213421797328677 0.0014628188961593094
0249 0.003096699032542949 0.004170431422244633
0242 0.0028918616246125595 0.0010498312782197272
0240 0.0027264291579628427 4.492946048511763e-05
2111 0.008972541215213441 0.012856986468327121
0554 0.0008973905154696768 0.0031673494514770115
0184 0.0025125641794814008 0.0009066504085152273
0255 0.0008400956029320901 0.002358318178378726
2112 0.002554420210276233 4.4407561046040684e-05
0236 0.0023712703188587497 0.0013018328622461943
0169 0.0035328779723427404 0.00019650091438194067
2129 0.00040128916922981634 0.0001455141632783301
0461 0.0024405293061817426 5.8844434778777035e-05
1166 0.002538851417871726 5.030780355671843e-05
0513 0.002924956586002734 0.0021125429447145547
0387 0.0035684537322930913 0.008786972821856759
2125 0.0012324027816010355 0.002995617057288985
0412 0.017397795456419285 0.003031083264028383
1164 0.0030962514111954696 0.0036396396363082414
2110 0.011730314152673182 0.011427573977313577
0241 0.002997008051046126 9.219094063401161e-05
0250 0.0011206908118222248 0.0023625998034823817
1167 0.0701194904859045 0.07741108834454487
1165 0.0020044625627775063 0.001613978521079125
1148 0.001171452988438018 0.0001800461002922972
1147 0.00198638027916359 0.002515101885130583
1494 0.003527653010088637 0.0001089735624765325
1467 0.0034030998137003963 0.00012845876203259693
1459 0.00624471069576575 0.00040584069228808583
1468 0.00044884805223623575 0.005762222235721239
0201 0.007470666997408177 0.0003908702398513484
0631 0.007104346914370572 0.013985097265523005
1453 0.001473059876143907 0.0015612838504648128
1472 0.003235938379860354 0.01604600079193888
1512 0.03040380175205374 0.02192157259134758
1454 0.009425965831181526 4.899991290063219e-05
0259 0.03256909083497886 0.011039282587969882
0191 0.0008821802337816913 0.0009542589541057202
1462 0.011061411054231144 0.00019714605201607448
1461 0.005400954765236742 0.011373970687719438
1484 0.004664657239604361 0.018957873802209056
1387 0.00024794931235496434 0.008246527766926415
1456 0.029664160762399455 0.009262042909763686
2151 0.09787339120332535 0.10966393389061896
0280 0.0001021498665025515 0.009361651267941097
0261 0.005537740962902188 0.0001685705734935282
2146 0.035132669279491206 0.025948633099621456
0293 0.007055941443861228 0.017058796334801327
2133 0.011533363497843068 0.0001446586478775571
0260 0.009448963049687757 5.332015972501359e-05
0279 0.0004889946145432045 0.005880882219367454
2145 0.017120402230346214 0.0014973254271418335
0274 0.0008522543876709702 0.0030318137825154946
0292 0.0026150421611940444 0.0024567589566704237
0273 0.0010563785261302164 0.0010273844384949679
1221 0.010843785580551848 0.0015201823189532593
2152 0.0010606447418559468 0.001031810347360769
2156 0.0009360753062236105 0.004076023855385086
2135 0.0011060435616417942 0.001074189140928752
0263 0.0108407336311126 0.007107518443135745
0268 0.002303062954082318 0.0018264391647345975
2141 0.0012743197363673509 0.0038568137522524307
0264 0.015448365092520336 0.024984928018553242
2142 0.002862327014717061 0.0016281685172691014
1152 0.022162907225223467 0.00808901897853705
0277 0.002799594668485213 0.001583874823888609
1151 0.0009891366561590132 0.0020304930196925145
0046 0.013246231150306112 0.009087211994745653
1150 0.00852404924328079 0.019318884021816543
0285 0.0012581056565298314 0.002838037561925257
0291 0.001846142041386368 0.0019477932093108065
2139 6.457181260218932e-05 0.007436853873352327
0045 0.015198558369645471 0.000950169954527462
0047 0.03614428978989457 0.046591233239596776
0278 0.0003342454783841375 0.004544602875963761
0286 0.032234537844205956 0.04219342728277601
0267 0.0018322162085944035 0.0019334130251733815
2157 0.001824325134618563 0.0019196126727122292
0284 0.0018571451953909902 0.001906010057537434
2136 0.004437435364086414 0.0010651450227019217
1172 0.0005889950444541913 0.005515789705011449
0275 0.0096465882315308 0.00015106370718253893
0269 0.001948996503233157 0.0029639790324352284
0287 0.0011091481392134085 0.004473814723102384
2153 0.025461186401767352 0.010076112385639026
2159 0.00021959172694668844 0.005874369656702417
1175 0.004376549264240162 0.0004339450367128194
1174 0.002733132982459742 0.0018260948634005192
1173 0.004395689042181246 0.00040340643663827554
0283 0.006495131522774055 0.00036594545138755375
0281 0.00027930888896929236 0.0004744427775944263
0272 0.0042609647329251155 0.00024785971654458903
0270 0.008037002835344293 0.00023293593141785168
2140 0.004147785527705137 0.0002654842425123947
2150 0.0011587262128510978 0.002930975615622153
2147 0.0014335331416599456 0.0020968784858392746
1178 0.025724109630485225 0.03326821915617402
0262 0.008251855715286862 0.01119000662252465
1179 0.0008717177830811332 0.0005016627533636483
0266 0.003776499587799224 0.0012921655135517273
0290 0.013679730224980834 0.0026384085258104833
0183 0.0034937885591424726 0.002883882527467972
2138 0.005295658921607006 0.0007100050562082802
0168 0.02398817740262272 0.031315355682096674
0265 0.00044172153097339113 0.0004521291669469914
2148 0.011238773557826072 0.0003748464553599478
0288 0.0008719798997966359 0.004492498670693108
0289 0.0017014617745724821 0.0026260752975285724
2154 0.004947944501863739 0.003253912218297711
2134 0.005936922452533221 0.001775141072906579
2149 0.0068182999760687925 0.009460168351201418
2163 0.005706602804324788 0.0004902725191012628
2143 0.0003806266279059639 0.0007589677223372858
2160 0.00469494196047538 0.008531242249000733
2162 0.0031914785039627233 0.001648287695109666
2144 0.0020809906249073984 0.0047688218464131205
2265 0.0028360794737073538 0.005899687556423233
2137 0.17717953122692776 0.14399659090269673
2158 0.0033527218747054677 0.0017133311159348954
2155 0.002381096086998977 0.009418940670881578
2161 0.008625283445410702 0.00030306639909148875
0271 0.005064585119942553 0.005280753153398171
0282 0.011062886476406027 0.016348956638440784
0174 0.01784323575774405 0.01569897961171223
0036 0.0045706925013599 0.00035345148403636504
0041 0.017288927304865406 0.02693219896721703
0031 0.00015104297244488747 0.0029960995034290705
0040 0.0048949607178936675 0.00044003857001508203
0038 0.005551915503324075 0.0003467613488620985
1485 0.12252818719123616 0.12796512547545627
1446 0.0004184643279413323 0.0032619541532749596
1447 0.04162680795687164 0.015621857061581106
1483 0.004553976831127947 0.00048401570505125774
1457 0.04032203258534523 0.01607678790885197
0200 0.0008440816833237974 0.0057625344893530335
0317 0.018654378125563035 0.001195490609847261
1489 0.006785706299957916 0.021132617883422147
0193 0.01878392460732417 0.03834242336238316
0294 0.00037403104072022915 0.011930314017847806
1452 0.033634316535252645 0.02403915954647706
1486 0.00685414752478209 0.0004242683251711295
1458 0.0031967008889675357 0.0008338092939661328
1932 0.00020601916072375553 0.0021287563692575584
1907 0.0007178010720812692 0.00576311678975255
1966 0.019460360671044345 0.0033938788792086034
1962 0.005064846835121089 0.0015579159020407904
1936 0.01738253739316039 0.017804556472762908
1942 0.0052791196633947225 0.000676950432405908
1911 0.003930515714274652 0.003884291716376227
1938 0.003988699401255837 0.0074691671752296135
1906 0.005605542605300981 0.0006034069902907136
2018 0.009642008508039214 0.02810385180673894
1937 0.0007350595462750117 0.007749448921830382
1417 0.0031900091370959736 0.008089983874446607
2036 0.0023240106386856452 0.0022772681894954894
2013 0.005226068115962454 0.0010457491456838267
1961 0.005487113412086009 0.0009159097510089789
2014 0.010137053941167491 0.0003381335478532986
1418 0.0029808662289237064 0.005554337079613706
0182 0.00511356701753698 0.0013865158362781774
0167 0.005110985313406286 0.0014044879705329561
1931 0.005116636506274957 0.001406767003716554
2040 0.014436038103876121 0.06880583762015528
1220 0.00433932715199515 0.03857287550694999
1451 0.004089401878426333 0.011157147131452924
1450 0.0016572042754290565 0.0019316175544420156
1449 0.005025249614361163 0.00148651572517525
1434 0.005103464550382305 0.0016659652455211073
0190 0.00642261088194898 0.06729675887281976
0295 0.0048762706290247995 0.0018966034454810676
1445 0.02607144799374862 0.028839753588461053
1463 0.025963413601400503 0.052529722854219356
0112 0.017563188654552114 0.013735758769019182
0055 0.04752461290683272 0.018231828863647975
0056 0.00046883670113350936 0.014588303421272418
1111 0.005036576299763256 0.002059651043734956
0208 0.005900195211402811 0.0015741771971398758
0110 0.07072781954041525 0.0751707439508697
0109 0.0017539305302170767 0.01708748117059859
0187 0.0008783496889567476 0.018681349961336764
0296 0.00192312562314673 0.03852849534982706
1428 0.11945271367827015 0.13386960391586739
0197 0.004453415851773722 0.0025138888515927648
1440 0.0008853066368267378 0.00787396370704453
1443 0.004426089318176173 0.0027313746835069684
1432 0.0010965693139946982 0.030379891376417573
1438 0.0016966223577082127 0.052652153936478284
1444 0.0013011772695891485 0.0010596153881473848
0181 0.006731747934799253 0.011632734917703112
0166 0.0023502210776413187 0.013028264648554872
1437 0.003738186948651153 0.003401822833503932
1425 0.005610254810187834 0.00579196727930063
1436 0.000596407223985975 0.0016938791325803628
1424 0.00018442533958910987 0.006359162598419206
1439 0.0006906511004147071 0.0015746289174864978
0297 0.0001889269379809334 0.006724583986300178
1464 0.004003941749287983 0.0031117360209910586
0192 0.000723904282432511 0.0335597969382704
1442 0.003614698618398915 0.003279167449092402
1435 0.0006891717052254605 0.008008059918083728
1448 0.004128993074241441 0.0030006475524664094
0202 0.0012700099521467008 0.011625520533480215
0207 0.0022675004585485884 0.2064533189978102
0298 0.0013831694395694872 0.08775062020163962
1110 0.0008464980671905807 0.04641189273087645
0205 0.0034071829085012173 0.32588808418998433
0204 0.010739846810139054 0.04039265835059687
0206 0.07132981304611759 0.09675721513518509
0203 0.0016525216452371115 0.0663761873264556
0188 0.0006890788035095131 0.016878311783966947
1427 0.002575461858608357 0.0038426558745063145
0299 0.007588551215341311 0.0019140729173876005
1429 0.0002647387362330056 0.00581305160809282
0195 0.000403834651848199 0.004539518625911825
1421 0.003956088275020384 0.0029349639085170186
1422 0.3083882406214802 0.301679558168941
1426 0.0036597694151217744 0.003234282419787718
1420 0.30489990742349593 0.3180419964754958
1419 0.004206418411311787 0.002302908901903512
1423 0.004884409306273507 0.0017724290061561243
1375 0.28792521020530754 0.30767504331370715
1430 0.007589234325599734 0.0010564261190266265
1441 0.004070144454762129 0.0021076151729430893
1433 0.004934413682320878 0.0013673396561136517
1431 0.27833069977913216 0.33590579187900044
0063  
1455  
1460  
0064  
0114  
0186  
0300  
0199  
0301  
0189  
1108  
0302  
0196  
0185  
1107  
0303  
