0226 0.00021412648025850766 6.677442451783463e-05
0219 0.00014612319401110849 5.647007161685157e-05
2100 0.00046931549688109984 0.00017409589035719103
2093 0.00031865906827348257 0.00014076743094748118
0325 0.00029350770744836923 0.00010876341691329459
0326 0.00045359398718956324 0.00028191644096696574
0224 0.0002357204395034452 6.976159994615309e-05
1492 0.0003491004712693536 0.00023315742172368392
0225 0.000385782407597473 0.0003580544939000712
0221 0.0002020640154579899 6.774792076976316e-05
2099 0.0006935804045584266 0.0005832267496010712
2098 0.0004054034899583058 0.00013831057819935485
0220 0.00025085228696899374 0.00020747282034958
2095 0.0004989266719694882 0.00022730554204328078
2094 0.0002467767971992179 0.00016257910883072212
1503 0.0004421885558607609 0.000265577421302407
1502 0.0006339660090544079 0.000300602412780735
1481 0.002142595252220794 0.001920280580554001
0436 0.00038412609278020766 0.00015922845874416768
0415 0.0007693527811437033 0.0003685050514899755
0418 0.0005802719135974517 0.00027687357997723894
0327 0.0005566366089696342 0.00024559428206843845
0304 0.0007052740490862564 0.0003356691248421528
0459 0.0006122170503527063 0.00027086720250703067
0370 0.0008863774031932633 0.0004678616342453895
1124 0.004628668113843869 0.004422699106735045
2092 0.0005290663474748386 0.00022278915901526174
0159 0.0002984297503792189 7.421934540821818e-05
0218 7.791030202406636e-05 5.661171320343805e-05
0228 0.0003953377846716012 0.00035200208523722523
0389 0.0008826480941806857 0.00046641626722924133
0328 0.0023861797965091525 0.002166941106810525
1475 0.00041139309323013284 0.0002198350836067199
0212 0.0003058661053040005 0.00013644545362985055
2102 0.0009236414443794642 0.0007496747515824231
0070 0.0009478909838939117 0.0005081976809835406
0072 0.0008462439239349815 0.0004394643268912123
0073 0.0009620885190406732 0.0005469405729310611
0001 0.000929141028145492 0.0004934537788225396
0066 0.001127392545340703 0.0006548515922025135
0086 0.0009303336549652669 0.0004968622725426633
0067 0.0008889219832345586 0.0004661578005151688
0071 0.0010061294031469938 0.0005493513623880081
0068 0.0011907697025619172 0.0006892296481083969
0090 0.0011188813116163238 0.0007054265056285223
1137 0.0004930314443844046 0.00022405436308763904
0152 0.00033498192194748763 0.0003185855255464941
1135 0.00013453503804372016 8.490433252268006e-05
0002 0.00016744358438030448 0.0002666275719212848
0150 0.0003303494195330127 0.00012449825047797773
0171 0.00046031723097503913 0.0003173287321700546
0170 0.0005022049968856916 0.0002956045143429656
1132 0.0004198530811211528 0.00017841161146766826
0180 0.0006269888389959839 0.00028827261218227146
0153 0.0015917597236507375 0.001449634337819711
0160 0.0020974774303876968 0.0019355602385964271
0148 0.00014788427177907354 8.280874109308336e-05
1154 0.0007415130028255533 0.00036199107421800846
1122 0.00017908047583742334 0.00010417267089866966
1155 0.0007486863074182955 0.0003667255875420462
1123 0.0001792259940445459 0.00015301075849348983
0158 0.0036712186224540162 0.0034732199405484183
0149 0.0003035064729142668 9.974436966139019e-05
2089 0.0002347385216108116 0.00015368460554136555
2104 0.0025825079399494195 0.0023483558315501893
0157 0.002908670715069943 0.0027281045323484677
1153 0.0007038274597300998 0.00033685485446879963
0178 0.004442746003075996 0.00423904449861478
0154 0.0002828203429274212 0.00012276658350655764
0176 0.0034045964701157586 0.003209779037820689
0155 0.0010624841001280786 0.0009662937732439092
1114 0.000934716954933493 0.000708132686004666
2086 0.00031095845073225226 0.00012548472984821014
1141 0.0007186185924035549 0.00043645508497334215
0215 0.00024361307002475038 0.00020335428206889628
0230 0.001215391979217178 0.0010989290347297412
0151 0.0002476021097904948 0.00018130965459286168
1477 0.0024392344527213857 0.0022165608019142444
0366 0.0009962633618689723 0.0005473127345756915
1134 0.00014190636228217406 8.312227891602299e-05
0172 0.003711262523346823 0.003519063428669378
0329 0.0004015199755863945 0.00022352678531568576
1509 0.0006127773036328163 0.00028321283951294584
2096 0.0006205561146015651 0.0002775957475921337
1125 0.0014351417350698858 0.0013844494372061075
2097 0.0008794601545872852 0.0004675647575491044
1506 0.0007420643746617454 0.0003695729226769004
0217 0.00031844484680496553 0.00011311478537552316
1497 0.0012553340014101384 0.0010866502936972963
0330 0.0005550164522949039 0.0002433841964137678
2085 0.0005351130488506821 0.0002583115961976716
0213 0.00024694235279438365 8.934239484033935e-05
2091 0.0006189304871019021 0.000282604723811942
2087 0.00037547817598100917 0.0001535069188616811
1476 0.0005687688399099665 0.0002545145970140597
0211 0.0002043050683829698 8.632770409792555e-05
1507 0.0006232662099278183 0.00037566635177030774
0156 0.00035981006658926845 0.0001406295375201587
0376 0.0007454481446792905 0.00037408245782174923
0394 0.0004983264141708243 0.00035102748151061454
0462 0.0003387772558343045 0.0001657988283785489
0447 0.0005358740061244889 0.0002255904414363795
0216 0.00019331963446364792 5.3809837516978566e-05
2090 0.0003127026416684125 0.00010778358163540216
0227 0.00019797607763906365 6.701020901040508e-05
2088 0.0002351559739973599 8.105069076413905e-05
2101 0.00048167977764347733 0.00022710322506134316
0214 0.0001555235800871746 7.441629356913555e-05
0585 0.0003963253158907091 0.00015992113370445974
0229 0.00016680257427525202 0.0001110996270421023
2103 0.0004280676333284282 0.0002620893533075024
1495 0.001046046775611371 0.000900056742021527
1501 0.0004065317867012234 0.00023772494643627693
0222 0.0009274895914188383 0.0005406261498233947
1499 0.0006450610853904218 0.00028876811718216925
1500 0.00026729056183648407 0.00016710144331469538
2106 0.0011658355166527254 0.001029052323439464
2083 0.0003247645610736069 0.00017979374529541661
2084 0.00020935830670406848 9.217910486810536e-05
0209 0.0003119311172101133 0.0001887812700010397
2105 0.0003274539254833172 0.00022498064521219035
0210 0.0001647706790384202 0.00010691162776637726
0232 0.0006319238542468342 0.0005929683595986061
0231 0.0001324716424354935 0.00014294184310988114
0004 0.0007153213110518676 0.00033331653745682417
0005 0.0013408010420001624 0.0008571989507688077
1376 0.0005151537500985186 0.00027315469033186297
1498 0.00040788363583951786 0.00016760517549372478
1351 0.000895737819925518 0.00048063485483546936
0544 0.001280494244538681 0.0008333307440379604
0518 0.0014552441922989197 0.0008953392958225783
0396 0.0016138539754563658 0.0011009733527373546
1513 0.0007779520755043357 0.00037886306844581635
1352 0.00031496374757267393 0.0005770496021195141
1496 0.00044683198278233155 0.0006513765105100451
0626 0.0026029029775004593 0.0018328291622444189
0311 0.0006808553386272194 0.000409671536475578
0523 0.0002528138023586791 0.00010329695128179084
0198 0.0006095770099187641 0.0002768703324120779
0312 0.00013244987200313016 0.00020096619531154557
0313 0.0001542758658376262 0.0001490775759077519
1353 0.00015340259544408046 0.0001497698424805691
0318 0.00023075164556154846 0.00013516702567955557
0310 0.0012014565793561727 0.0007046829415999462
0305 0.0001872957212361157 0.00013281693890076902
0314 0.00019978384302974208 0.0001094916576683381
0307 0.0002413590159140387 0.00018598568979958033
1490 0.001962537351015507 0.0015529550280792774
0465 0.0005966176279540028 0.001004013540232577
0486 0.0037363370364610475 0.002910725158589294
0438 0.00032679895891423626 0.00019638380785681346
0559 0.0044865873764361845 0.0034876880913409674
0475 0.004556728041621794 0.0034922553271815953
0409 0.0024977121244423206 0.0020316194220191797
0503 0.005191550408074664 0.004007484798306621
0535 0.000138085795903647 0.00017624506027299767
0386 0.0002458151729753269 0.00022628304533261142
0398 0.00014763743452049898 0.00018572711505681708
1223 0.00015978496470910443 0.00037818519236214586
0591 0.002381248209997877 0.0016554976345170207
0464 0.00029749066728811005 0.00010935268139977193
1143 0.0015782667649811759 0.0009986050393281777
0466 0.0003547144865268581 0.000156376059870246
1142 0.001721188670311276 0.0011662056681856533
0377 0.002012757943255968 0.001337384375428174
0525 0.0016050622913878624 0.002217323423715404
0507 0.0007652444425882125 0.0009074353012089898
1487 0.0023186837823108075 0.0015661198794257453
0315 0.0001557904791733726 0.00017652416811998582
1508 0.00038854236287717283 0.00016087654596798632
1474 0.0015599101376252782 0.00222310668120884
1493 0.004427010401785974 0.0035158902144539917
0306 0.0063525972462289545 0.007632411759089304
1505 0.003819502846246686 0.002874136803638337
1471 0.0003717889153018562 0.00014053778331649003
1482 0.00784370203732423 0.00633121900505536
0625 0.002147384934881555 0.0014184624745648875
1413 2.788839420504231e-05 0.0001722377680780079
1473 0.0025482551840746086 0.002241882028825667
1511 0.0012352090757422375 0.0007070208656580157
1146 0.00410512991892053 0.00388993173235676
0437 0.0001655161312401753 0.00019048306668932415
0404 0.0002393766871181426 0.00044758617035983776
0579 0.001146982141884906 0.0017741864195234551
0361 0.009139482071994868 0.007700547392473193
0369 0.003721044877432947 0.0048009782398660515
0392 0.010484772473981958 0.008811644790065333
0019 0.006377823707500201 0.005024418072950129
0025 0.002093142640902122 0.0029095146268256207
0441 0.003670921998603291 0.003207854097409989
0385 0.005013124496948415 0.005838490617207855
0008 0.0014627709881144717 0.0008765590278111375
0007 0.0014527765574247867 0.0008607376962461636
0593 0.0013059729702101365 0.0007584036149773546
0397 0.0004258469127339887 0.00019195398951682405
1415 3.267003658556055e-05 0.00019491249652620496
0440 0.004190715196004437 0.003160058470036789
0372 0.008047537773165707 0.00932599808939859
0016 0.001370876284960804 0.0008185819189135073
0014 0.0015633881496351894 0.0009840709079768886
0013 0.0001286474763494593 0.00025247464239390596
0012 0.00093172815752636 0.0004959001477153698
0009 0.00012980069838990449 0.0002809977057492289
0194 0.001074476117144227 0.0005868550295289318
1470 0.0004836479087025807 0.00017685136307208084
0499 0.00944016470946788 0.007951489098407627
1480 0.000601207506008175 0.000277788114330484
1479 0.0002594495715379456 0.00017909643586397746
1488 0.6808924628934039 0.6826117611765723
1412 1.9759797040839e-05 0.00026874505124697474
1491 0.0004013109199817999 0.0007969483021515137
1465 0.009002576997807384 0.007345568768046368
0501 0.005125412495813516 0.004525667013276481
0423 0.00021504439465151902 0.00046363613890080445
0488 0.009393788905175513 0.011076276879323565
0473 0.0008298136048864209 0.0014016528352019976
0435 0.00864467032951921 0.007578487329847678
0355 0.013418075111960779 0.011293975244295327
0414 0.00018461084547351938 0.00016431503500599225
0566 0.012250862008280223 0.010686949351814695
0512 0.00029653081884662634 0.00014710435444746067
0451 0.0067836790694681915 0.005393407597128058
0550 0.017003106566831745 0.014705216684160092
0382 0.015088655723539244 0.013096648796636278
0402 0.004124938688585724 0.0030527694471487662
0371 0.00039877767638320406 0.0001362548599798658
0454 0.0007180381975351397 0.00037481209016142604
0552 0.018728365609680338 0.02054993624056995
0388 0.0028631969044276766 0.0032781777832891724
1510 0.004647898650356779 0.0035177692830989423
1416 0.00011773714628868238 2.7538238195738845e-05
0545 0.0001852347553599804 0.00041882651014616583
1414 0.0001988879263339252 3.81185431183975e-05
1354 0.0022011347152115675 0.0014045793832911126
1469 0.0009593030379898948 0.0009336527247948633
1466 0.022000690650022976 0.02436138606059802
0580 0.0003184214892905606 0.0007018422431416743
0530 0.011694261080246373 0.009814301411539755
1478 0.011789863047805738 0.012835592883807277
1504 0.0013608821276647131 0.0007922642552494091
0482 0.0018214137902436223 0.0010972064761630277
0239 0.01961625436549422 0.016880675143237753
0252 0.0052236749001004805 0.0066404709449837665
2113 0.020509241014560985 0.01771199471120283
0248 0.018286404309212283 0.016157978081809254
2126 0.004328713431232532 0.0056179158828685545
2122 0.020222894650417267 0.01795360014140956
0332 0.02184148858605578 0.019282723435972374
2117 0.00015617073537215148 0.0004236143968729985
0243 0.0001699167173238241 0.00045302127566143884
0258 0.06335846480847876 0.06670514534235295
0399 0.005884842732713444 0.004654251301057219
0333 0.0025872008744599697 0.0023526824346187226
1222 0.0024989814528726018 0.0016220508705197896
0410 0.0031022162504158093 0.003868889440676612
0233 0.009256937057772535 0.007435034275709713
0234 0.0014981164377785123 0.0009594592788079776
0331 0.00020053777377590455 0.0004572940250909387
0407 0.009559764697183793 0.0078081996918425815
0375 0.0004835805610441125 0.0001699684529887459
0584 0.0010310245103118808 0.000527893410484182
0257 0.0011520689453063061 0.0010485931230223681
2107 0.010415062867326139 0.008471988686222464
0354 0.010530031225962641 0.008577803087475584
2108 0.0015870060621254636 0.0010095344352401012
0334 0.0010924278724447714 0.0006366909593719782
0335 0.012270545939226789 0.0101318296818166
2128 0.012783781364089471 0.01463869469793238
2121 0.013638851817156385 0.011580863410893039
0574 0.002357192982436422 0.0017414525692848082
2132 0.05513844823291937 0.05830005854343685
2131 0.0027129565124740036 0.0025024589412690665
0245 0.0010205167011850668 0.0004913034305469293
2109 0.00045016066548549734 0.00016520573824712432
2119 0.0006346537298131612 0.00025499754192852557
0599 0.001286976653628686 0.0007245619462453837
1112 0.0034399435572982054 0.0025134489966510422
2118 6.499922665837347e-05 0.00012089863320201313
2127 0.0019832798539833503 0.0014941980486562621
2114 0.0013681661758698869 0.0007479291505249491
2115 0.0034279388313019953 0.002364564130576349
2123 0.0001905015675266007 0.00047077056024326456
2116 0.00778975602277766 0.006100354439797062
2124 0.0004230764104975305 0.0001714328658663984
0253 0.0011340921617788836 0.0007749055886932897
0247 0.012497194253358013 0.010519173408683625
0238 0.00080087188235378 0.0003730207368854117
0235 0.0004123820385791121 0.00013115504708401904
2130 0.0017851695634849808 0.0014238553451332602
0448 0.0017292504696663487 0.0025132065252941984
0254 0.014536001394335536 0.016508710540374054
0256 0.0009333392312058155 0.0006891331861595472
0244 6.400172472177063e-05 0.00024170114534903504
0237 0.00953947912143455 0.0076707569522668755
0251 0.002549154478033673 0.0017987979043269768
2120 0.006491795660357971 0.005054199714699226
0249 0.00011450564551355106 0.0003525272717348985
0242 0.007884987038907292 0.006205231469562603
0240 0.001351924273221617 0.0007386739794022942
2111 0.009642427402373891 0.007771877728446136
0554 0.00010245645170815624 0.00017322583380765795
0184 0.00220070232442885 0.001386443336680872
0255 0.004001075519553068 0.004887551617726384
2112 0.0004209465427306527 0.0001525803020350894
0236 0.00213421797328677 0.0013409410392682028
0169 0.002114905815663707 0.001319963954228579
2129 0.003096699032542949 0.00386563633220058
0461 0.0028918616246125595 0.001949994631422035
1166 0.0027264291579628427 0.0018022738399461236
0513 0.008972541215213441 0.010459685392345847
0387 0.0008973905154696768 0.00046763217998170136
2125 0.0025125641794814008 0.0017787069183382528
0412 0.0008400956029320901 0.0003792102127538991
1164 0.002554420210276233 0.0016625766265484312
2110 0.0023712703188587497 0.0015442857533352226
0241 0.0035328779723427404 0.0024550300625254327
0250 0.00040128916922981634 0.00014660080942122298
1167 0.0024405293061817426 0.0015746201867046302
1165 0.002538851417871726 0.001652422756304505
1148 0.002924956586002734 0.0022542389862483937
1147 0.0035684537322930913 0.004680788698945749
1494 0.0012324027816010355 0.0006454285234081318
1467 0.017397795456419285 0.014606509916539629
1459 0.0030962514111954696 0.0027861785693034944
1468 0.011730314152673182 0.010568439829981143
0201 0.002997008051046126 0.001965370330446569
0631 0.0011206908118222248 0.0005773609977760439
1453 0.0701194904859045 0.07350437292700307
1472 0.0020044625627775063 0.0012985776647171385
1512 0.001171452988438018 0.000646219059633523
1454 0.00198638027916359 0.001253179511580826
0259 0.003527653010088637 0.0023506208700070697
0191 0.0034030998137003963 0.002258899093990343
1462 0.00624471069576575 0.0045806243886563945
1461 0.00044884805223623575 0.00018868192276155605
1484 0.007470666997408177 0.0054655365885068
1387 0.007104346914370572 0.008669894874404229
1456 0.001473059876143907 0.0012920793270943802
2151 0.003235938379860354 0.004604985698977803
0280 0.03040380175205374 0.027426612321818287
0261 0.009425965831181526 0.00704427472625007
2146 0.03256909083497886 0.028216605245373987
0293 0.0008821802337816913 0.0008457572932712731
2133 0.011061411054231144 0.00847518662551067
0260 0.005400954765236742 0.004208276305777606
0279 0.004664657239604361 0.0062786510798663615
2145 0.00024794931235496434 0.00014706344590447156
0274 0.029664160762399455 0.025427988758267392
0292 0.09787339120332535 0.10185885557479997
0273 0.0001021498665025515 0.00017792214064911015
1221 0.005537740962902188 0.0038635820614290866
2152 0.035132669279491206 0.03192252964719858
2156 0.007055941443861228 0.008781826652964531
2135 0.011533363497843068 0.008848581384716676
0263 0.009448963049687757 0.0070474659955796345
0268 0.0004889946145432045 0.00011134834486955238
2141 0.017120402230346214 0.01381171907688642
0264 0.0008522543876709702 0.00032264564609943755
2142 0.0026150421611940444 0.0014795259604634772
1152 0.0010563785261302164 0.0008948781431824586
0277 0.010843785580551848 0.008509287554465606
1151 0.0010606447418559468 0.0008976975278035132
0046 0.0009360753062236105 0.0003439606863992832
1150 0.0011060435616417942 0.0009468040404366559
0285 0.0108407336311126 0.00928835899263989
0291 0.002303062954082318 0.0018262167851877424
2139 0.0012743197363673509 0.0005718612688513302
0045 0.015448365092520336 0.017648380285853263
0047 0.002862327014717061 0.0022026182843953887
0278 0.022162907225223467 0.01885132840241712
0286 0.002799594668485213 0.002138792210595044
0267 0.0009891366561590132 0.0003674999545990775
2157 0.013246231150306112 0.011535282703436615
0284 0.00852404924328079 0.010417944952521777
2136 0.0012581056565298314 0.000604248384962215
1172 0.001846142041386368 0.001080535936297063
0275 6.457181260218932e-05 0.00019556365138052227
0269 0.015198558369645471 0.012099503791823863
0287 0.03614428978989457 0.0390519420776211
2153 0.0003342454783841375 0.0007839466207862929
2159 0.032234537844205956 0.03500454926910038
1175 0.0018322162085944035 0.001070955748553511
1174 0.001824325134618563 0.001066255872466609
1173 0.0018571451953909902 0.0010917544776078982
0283 0.004437435364086414 0.003291405616000363
0281 0.0005889950444541913 0.0011797961361449862
0272 0.0096465882315308 0.00724704779852905
0270 0.001948996503233157 0.0009743064473478648
2140 0.0011091481392134085 0.00045790364958916746
2150 0.025461186401767352 0.021883216369986656
2147 0.00021959172694668844 9.600429063124036e-05
1178 0.004376549264240162 0.0029819086849697815
0262 0.002733132982459742 0.001583015250750648
1179 0.004395689042181246 0.0029937084424415065
0266 0.006495131522774055 0.004560326010574334
0290 0.00027930888896929236 0.0003793600893403155
0183 0.0042609647329251155 0.002835654706951788
2138 0.008037002835344293 0.005877711715523012
0168 0.004147785527705137 0.0027395913179433834
0265 0.0011587262128510978 0.0005007522230337445
2148 0.0014335331416599456 0.0006989086170938308
0288 0.025724109630485225 0.02809696956063142
0289 0.008251855715286862 0.009493365757473428
2154 0.0008717177830811332 0.0004584715132757715
2134 0.003776499587799224 0.0024071722325259425
2149 0.013679730224980834 0.011053297970341925
2163 0.0034937885591424726 0.0028966745070937413
2143 0.005295658921607006 0.0036037640142119977
2160 0.02398817740262272 0.026290952581125168
2162 0.00044172153097339113 0.0004217115069785564
2144 0.011238773557826072 0.008667218741402498
2265 0.0008719798997966359 0.00015564918961765426
2137 0.0017014617745724821 0.0008829025513218134
2158 0.004947944501863739 0.004067743926705577
2155 0.005936922452533221 0.004573438781901217
2161 0.0068182999760687925 0.007911869149676015
0271 0.005706602804324788 0.0039064292824059115
0282 0.0003806266279059639 0.00013315743891234477
0174 0.00469494196047538 0.0058628806202792655
0036 0.0031914785039627233 0.0018977359718398866
0041 0.0020809906249073984 0.0028488836300049006
0031 0.0028360794737073538 0.0037318125836450534
0040 0.17717953122692776 0.17080359747503213
0038 0.0033527218747054677 0.0020263400945872605
1485 0.002381096086998977 0.0034722093616855847
1446 0.008625283445410702 0.006357747929730237
1447 0.005064585119942553 0.004588639120131374
1483 0.011062886476406027 0.01266070079497736
1457 0.01784323575774405 0.016335888798998985
0200 0.0045706925013599 0.003018850643187074
0317 0.017288927304865406 0.01955405707133498
1489 0.00015104297244488747 0.00026021615318696183
0193 0.0048949607178936675 0.0032316827189629175
0294 0.005551915503324075 0.003763484753488377
1452 0.12252818719123616 0.12552981500192656
1486 0.0004184643279413323 0.0008183060393202042
1458 0.04162680795687164 0.036324639295964294
1932 0.004553976831127947 0.0030485206549459363
1907 0.04032203258534523 0.03534059506938237
1966 0.0008440816833237974 0.00039101466371667745
1962 0.018654378125563035 0.01471884499721786
1936 0.006785706299957916 0.005546217732707825
1942 0.01878392460732417 0.021768024809718952
1911 0.00037403104072022915 0.0006630740996562556
1938 0.033634316535252645 0.030646266834322294
1906 0.00685414752478209 0.004724707347716835
2018 0.0031967008889675357 0.002109142651002296
1937 0.00020601916072375553 0.00029903176329290393
1417 0.010343412260857223 0.008670370947016068
2036 0.0007178010720812692 0.00027581028025569206
2013 0.019460360671044345 0.015833988822035308
1961 0.005064846835121089 0.0031311116851644154
2014 0.01738253739316039 0.018172855279488555
1418 0.0017441393221636283 0.0005154988004571388
0182 0.0052791196633947225 0.0034475040433123963
0167 0.004608207786291177 0.0029052549694069054
1931 0.003930515714274652 0.002672913750533493
2040 0.003988699401255837 0.002928004713399893
1220 0.005605542605300981 0.0037126978343865
1451 0.009642008508039214 0.011972784147501135
1450 0.0007350595462750117 0.0003357772994400414
1449 0.0031900091370959736 0.0023026045447920923
1434 0.0023240106386856452 0.0021195160944337934
0190 0.005226068115962454 0.0033456631276715014
0295 0.005487113412086009 0.003549589835096556
1445 0.010137053941167491 0.007192401022056733
1463 0.0029808662289237064 0.0035458899633392968
0112 0.00511356701753698 0.003208604388857946
0055 0.005110985313406286 0.00321761055546145
0056 0.005116636506274957 0.003226838881555491
1111 0.014436038103876121 0.013111782210565089
0208 0.00433932715199515 0.0038008362086162676
0110 0.004089401878426333 0.005335922494617385
0109 0.0016572042754290565 0.0006614670527229921
0187 0.005025249614361163 0.0031523762022712923
0296 0.005103464550382305 0.0031984556149015674
1428 0.00642261088194898 0.006306751664236085
0197 0.0048762706290247995 0.0030196947948851038
1440 0.02607144799374862 0.027002723787719733
1443 0.025963413601400503 0.029543739548829266
1432 0.017563188654552114 0.016312621519653677
1438 0.04752461290683272 0.04204909562774242
1444 0.00046883670113350936 0.0008839393950749116
0181 0.005036576299763256 0.0030688210520029677
0166 0.005900195211402811 0.003805531516019907
1437 0.07072781954041525 0.07211335284124926
1425 0.0017539305302170767 0.0016012251655364111
1436 0.0008783496889567476 0.0018071058183725878
1424 0.00192312562314673 0.0018434767208692863
1439 0.11945271367827015 0.1222818387671985
0297 0.004453415851773722 0.0027203290429995033
1464 0.0008853066368267378 0.00043980927089083753
0192 0.004426089318176173 0.002651396224618103
1442 0.0010965693139946982 0.0010954853368779162
1435 0.0016966223577082127 0.0018853879669160109
1448 0.0013011772695891485 0.0008336964124568177
0202 0.006731747934799253 0.0072548360023555
0207 0.0023502210776413187 0.002056689557388568
0298 0.003738186948651153 0.002267779907003165
1110 0.005610254810187834 0.004045539070217741
0205 0.000596407223985975 0.00015785062810999787
0204 0.00018442533958910987 0.0005071747188249681
0206 0.0006906511004147071 0.00021451809699613833
0203 0.0001889269379809334 0.0005528622867987387
0188 0.004003941749287983 0.0023971685446508417
1427 0.000723904282432511 0.0007648362765561712
0299 0.003614698618398915 0.002171113717405753
1429 0.0006891717052254605 0.0009717484373353386
0195 0.004128993074241441 0.002555595810722531
1421 0.0012700099521467008 0.0011434490944895554
1422 0.0022675004585485884 0.003726363654929327
1426 0.03671596137899621 0.03373206357502899
1420 0.0013831694395694872 0.001422720316712247
1419 0.0038263157581261364 0.006919065056743048
1423 0.0008464980671905807 0.0006939204522561673
1375 0.0034071829085012173 0.00663285093240164
1430 0.010739846810139054 0.013483384496838897
1441 0.07132981304611759 0.07456509157632815
1433 0.0016525216452371115 0.0013405423310149198
1431 0.0006890788035095131 0.0012392179737519585
0063 0.00419858720807072 0.0026410430739384847
1455 0.002575461858608357 0.001798477539743144
1460 0.007588551215341311 0.005630762750656421
0064 0.0002647387362330056 0.00023451863458770104
0114 0.000403834651848199 0.00048292372025261353
0186 0.003956088275020384 0.0025019163808473596
0300 0.3083882406214802 0.30767134230669874
0199 0.0036597694151217744 0.002408484850292808
0301 0.30489990742349593 0.30705513253185507
0189 0.004206418411311787 0.0028055545289001516
1108 0.004884409306273507 0.0033288472554246283
0302 0.28792521020530754 0.2910909297417555
0196 0.007589234325599734 0.0056069210331491075
0185 0.004070144454762129 0.0029176542338477593
1107 0.004934413682320878 0.00350727321415895
0303 0.27833069977913216 0.2858238389009082
