0226 0.00021412648025850766 0.0005353338712333949
0219 0.00014612319401110849 0.0010325877184362612
2100 0.00046931549688109984 0.00028431880641670743
2093 0.00031865906827348257 0.0007171717713934254
0325 0.00029350770744836923 0.0002482714242746185
0326 0.00045359398718956324 0.0006320184507623373
0224 0.0002357204395034452 0.0004665936777021893
1492 0.0003491004712693536 0.00026580550082323865
0225 0.000385782407597473 0.0009120652862781297
0221 0.0002020640154579899 0.0008538746292217185
2099 0.0006935804045584266 0.0006946658107179818
2098 0.0004054034899583058 0.0003038171146676292
0220 0.00025085228696899374 0.0003269992640001908
2095 0.0004989266719694882 0.0004898159329079577
2094 0.0002467767971992179 0.0002674490355589849
1503 0.0004421885558607609 0.000548160653991784
1502 0.0006339660090544079 0.0003568529659444109
1481 0.002142595252220794 0.000983767686972336
0436 0.00038412609278020766 0.00020429075253877886
0415 0.0007693527811437033 0.00016809765430219768
0418 0.0005802719135974517 0.00037531970956688744
0327 0.0005566366089696342 0.0004006572641399583
0304 0.0007052740490862564 0.00025118011544651687
0459 0.0006122170503527063 0.0002577777306780547
0370 0.0008863774031932633 0.00021298651038850037
1124 0.004628668113843869 0.0031435040266974204
2092 0.0005290663474748386 0.00034026217622238876
0159 0.0002984297503792189 5.693972305167168e-05
0218 7.791030202406636e-05 2.7723964268940387e-05
0228 0.0003953377846716012 0.0008302297255534102
0389 0.0008826480941806857 0.00019566605195097406
0328 0.0023861797965091525 0.0011315903704524509
1475 0.00041139309323013284 0.0002084684575108739
0212 0.0003058661053040005 0.00013576176078764822
2102 0.0009236414443794642 0.0005681269665011294
0070 0.0009478909838939117 0.00012672372927187948
0072 0.0008462439239349815 0.0001675671635173076
0073 0.0009620885190406732 0.0002585695252402218
0001 0.000929141028145492 0.00011943271592397141
0066 0.001127392545340703 0.00014593936226693844
0086 0.0009303336549652669 0.00012671927157992244
0067 0.0008889219832345586 0.00013942649521447116
0071 0.0010061294031469938 0.00010247879151355865
0068 0.0011907697025619172 8.615599856685178e-05
0090 0.0011188813116163238 0.0003718674726621947
1137 0.0004930314443844046 0.00010965357113600786
0152 0.00033498192194748763 0.0009420131021373619
1135 0.00013453503804372016 0.00037834257717007225
0002 0.00016744358438030448 0.00018983677437188652
0150 0.0003303494195330127 0.0006242175919560915
0171 0.00046031723097503913 0.00039009289025421207
0170 0.0005022049968856916 0.0004480896777872388
1132 0.0004198530811211528 0.00048494737836652003
0180 0.0006269888389959839 0.0002740270506570039
0153 0.0015917597236507375 0.0007841674360231986
0160 0.0020974774303876968 0.0010696878624231717
0148 0.00014788427177907354 0.00033602552617949987
1154 0.0007415130028255533 0.00021482445219172036
1122 0.00017908047583742334 0.0008207499021371633
1155 0.0007486863074182955 0.00021216756994102168
1123 0.0001792259940445459 0.0009764649193572074
0158 0.0036712186224540162 0.0022906651239921047
0149 0.0003035064729142668 0.0003688885404584368
2089 0.0002347385216108116 0.0002574286385332732
2104 0.0025825079399494195 0.0012332319700712525
0157 0.002908670715069943 0.0016772385779480984
1153 0.0007038274597300998 0.00023875528478882013
0178 0.004442746003075996 0.002978063416043639
0154 0.0002828203429274212 0.00012555352142244402
0176 0.0034045964701157586 0.002060652028742967
0155 0.0010624841001280786 0.0006609427465675805
1114 0.000934716954933493 0.0006052993910219131
2086 0.00031095845073225226 0.00012116676500271722
1141 0.0007186185924035549 0.0004026814189061957
0215 0.00024361307002475038 0.0003229966119179841
0230 0.001215391979217178 0.0006750480368119391
0151 0.0002476021097904948 0.0002862925896408643
1477 0.0024392344527213857 0.0011604374776627159
0366 0.0009962633618689723 0.00018049243391579206
1134 0.00014190636228217406 0.00034730237886370496
0172 0.003711262523346823 0.002358810112752987
0329 0.0004015199755863945 0.00021488075073024536
1509 0.0006127773036328163 0.00021134237582124982
2096 0.0006205561146015651 0.00017148182318843167
1125 0.0014351417350698858 0.0014805935908947198
2097 0.0008794601545872852 0.00021531091143791532
1506 0.0007420643746617454 0.000268524588023631
0217 0.00031844484680496553 0.000551906820383237
1497 0.0012553340014101384 0.0006845738456474242
0330 0.0005550164522949039 0.0004139610953976794
2085 0.0005351130488506821 0.000497758297426956
0213 0.00024694235279438365 0.0007087099407501284
2091 0.0006189304871019021 0.00030024584691059746
2087 0.00037547817598100917 0.0005349923308900977
1476 0.0005687688399099665 0.00038718245699255287
0211 0.0002043050683829698 0.000847196455865234
1507 0.0006232662099278183 0.000416935726625621
0156 0.00035981006658926845 7.352963110666039e-05
0376 0.0007454481446792905 0.00028993462918104797
0394 0.0004983264141708243 0.0005719568116832213
0462 0.0003387772558343045 0.0001910243959046552
0447 0.0005358740061244889 0.00029799985440150665
0216 0.00019331963446364792 0.00037046970366975995
2090 0.0003127026416684125 0.00020833846238236183
0227 0.00019797607763906365 0.000791781176606015
2088 0.0002351559739973599 0.0001954496946868944
2101 0.00048167977764347733 0.0004389536964619137
0214 0.0001555235800871746 0.0003067358268097091
0585 0.0003963253158907091 0.00020076122436092
0229 0.00016680257427525202 0.0009017349175812832
2103 0.0004280676333284282 0.0005421094601813397
1495 0.001046046775611371 0.0006683970036242956
1501 0.0004065317867012234 0.0005806616755558893
0222 0.0009274895914188383 0.00031321724566811055
1499 0.0006450610853904218 0.00020852752253803434
1500 0.00026729056183648407 0.00030494189141401745
2106 0.0011658355166527254 0.0007214259736831362
2083 0.0003247645610736069 0.00018204240162999127
2084 0.00020935830670406848 0.00027434150233224865
0209 0.0003119311172101133 0.00020940675342101336
2105 0.0003274539254833172 0.0007852854363619949
0210 0.0001647706790384202 0.0003714819460507462
0232 0.0006319238542468342 0.0008204046225411491
0231 0.0001324716424354935 0.0012192430770257908
0004 0.0007153213110518676 8.081403840120558e-05
0005 0.0013408010420001624 9.982891085409898e-05
1376 0.0005151537500985186 0.00040067208624930726
1498 0.00040788363583951786 0.00028792538273123545
1351 0.000895737819925518 0.00023211757965146038
0544 0.001280494244538681 0.0001519162405264841
0518 0.0014552441922989197 9.143092313990051e-05
0396 0.0016138539754563658 9.42437482376197e-05
1513 0.0007779520755043357 0.0001805008944691427
1352 0.00031496374757267393 0.0028664799002426833
1496 0.00044683198278233155 0.0026610940526378057
0626 0.0026029029775004593 0.0004976212804227508
0311 0.0006808553386272194 0.00034519887247164713
0523 0.0002528138023586791 0.00031323933344715556
0198 0.0006095770099187641 0.00029450920831159777
0312 0.00013244987200313016 0.001617943952645558
0313 0.0001542758658376262 0.0013205831811154076
1353 0.00015340259544408046 0.0012782864953741887
0318 0.00023075164556154846 0.0010131700747508252
0310 0.0012014565793561727 0.00017213972018769995
0305 0.0001872957212361157 0.0011063337583497145
0314 0.00019978384302974208 0.0010099761577466238
0307 0.0002413590159140387 0.0011785563313745527
1490 0.001962537351015507 0.00035097854085499415
0465 0.0005966176279540028 0.003677185326055204
0486 0.0037363370364610475 0.0005756496856704069
0438 0.00032679895891423626 0.00022628640722906166
0559 0.0044865873764361845 0.0008303952166972472
0475 0.004556728041621794 0.0009155864667027951
0409 0.0024977121244423206 0.0005346539396527198
0503 0.005191550408074664 0.0013108261227762568
0535 0.000138085795903647 0.001176840860558042
0386 0.0002458151729753269 0.0005547033770719328
0398 0.00014763743452049898 0.0008256188886278099
1223 0.00015978496470910443 0.0023334951913392583
0591 0.002381248209997877 0.00017597122298648485
0464 0.00029749066728811005 0.00045218831174160016
1143 0.0015782667649811759 0.00030571816640916825
0466 0.0003547144865268581 0.00012952033023864396
1142 0.001721188670311276 0.0005564553460026393
0377 0.002012757943255968 0.00040272811814924623
0525 0.0016050622913878624 0.00622141960239833
0507 0.0007652444425882125 0.0022363669038792553
1487 0.0023186837823108075 0.00044090362132721123
0315 0.0001557904791733726 0.0014435898230126891
1508 0.00038854236287717283 0.0006124314499104326
1474 0.0015599101376252782 0.006218365662173406
1493 0.004427010401785974 0.000844777813817434
0306 0.0063525972462289545 0.014543615619069961
1505 0.003819502846246686 0.0005767442861583555
1471 0.0003717889153018562 0.00013210174675600366
1482 0.00784370203732423 0.002790629654437466
0625 0.002147384934881555 0.0004936019944845378
1413 2.788839420504231e-05 0.000928554917408165
1473 0.0025482551840746086 0.000990029031731297
1511 0.0012352090757422375 0.00018883228217162563
1146 0.00410512991892053 0.002627410334585035
0437 0.0001655161312401753 0.0007561703208819404
0404 0.0002393766871181426 0.0016449465129569757
0579 0.001146982141884906 0.005118459668778247
0361 0.009139482071994868 0.003295397438816582
0369 0.003721044877432947 0.010336523715406139
0392 0.010484772473981958 0.004073497426846895
0019 0.006377823707500201 0.002177088971609547
0025 0.002093142640902122 0.0074449147323001974
0441 0.003670921998603291 0.0013552655626001765
0385 0.005013124496948415 0.010771550691600407
0008 0.0014627709881144717 7.987595751798418e-05
0007 0.0014527765574247867 6.973834991018813e-05
0593 0.0013059729702101365 0.00010482410864292667
0397 0.0004258469127339887 0.00011507254432545693
1415 3.267003658556055e-05 0.0010465889357607187
0440 0.004190715196004437 0.0007035979284729895
0372 0.008047537773165707 0.016391060323319964
0016 0.001370876284960804 0.00016765384794314086
0014 0.0015633881496351894 0.00023678561989340691
0013 0.0001286474763494593 0.0020298461746200676
0012 0.00093172815752636 8.134138117198049e-05
0009 0.00012980069838990449 0.002161493552315072
0194 0.001074476117144227 0.00013562336363201496
1470 0.0004836479087025807 0.0001039577918888658
0499 0.00944016470946788 0.0034338383213715577
1480 0.000601207506008175 0.00010568432507917548
1479 0.0002594495715379456 0.000304844156190434
1488 0.6808924628934039 0.6829289182277846
1412 1.9759797040839e-05 0.000598007856194507
1491 0.0004013109199817999 0.0032344545783288083
1465 0.009002576997807384 0.004318311548516354
0501 0.005125412495813516 0.0022097024679049943
0423 0.00021504439465151902 0.002037287415736599
0488 0.009393788905175513 0.01937574611914879
0473 0.0008298136048864209 0.004402659365306858
0435 0.00864467032951921 0.0037985939864632868
0355 0.013418075111960779 0.006690035456021987
0414 0.00018461084547351938 0.0005141678446434953
0566 0.012250862008280223 0.005571234966179504
0512 0.00029653081884662634 0.00022595598326516163
0451 0.0067836790694681915 0.001824782160190031
0550 0.017003106566831745 0.008255136879055831
0382 0.015088655723539244 0.007083946320814585
0402 0.004124938688585724 0.0015264024776557295
0371 0.00039877767638320406 0.0005203927309645191
0454 0.0007180381975351397 0.00016216923088945438
0552 0.018728365609680338 0.0302013792811638
0388 0.0028631969044276766 0.005768379969126957
1510 0.004647898650356779 0.0008531631764032679
1416 0.00011773714628868238 0.00010355368969784892
0545 0.0001852347553599804 0.0019725733254790712
1414 0.0001988879263339252 7.424902524598462e-05
1354 0.0022011347152115675 0.00011405264115368856
1469 0.0009593030379898948 0.0010112177689805592
1466 0.022000690650022976 0.03599676559689081
0580 0.0003184214892905606 0.002743974325619792
0530 0.011694261080246373 0.004604720466924933
1478 0.011789863047805738 0.01856985326972408
1504 0.0013608821276647131 9.074563236392812e-05
0482 0.0018214137902436223 0.00011013871935109876
0239 0.01961625436549422 0.010246221382993746
0252 0.0052236749001004805 0.013057483827776935
2113 0.020509241014560985 0.010879412105803553
0248 0.018286404309212283 0.009585896984622519
2126 0.004328713431232532 0.011605387641322965
2122 0.020222894650417267 0.01105204667695378
0332 0.02184148858605578 0.011697785357103453
2117 0.00015617073537215148 0.0019000675309775732
0243 0.0001699167173238241 0.0019637037706292317
0258 0.06335846480847876 0.08389070519611648
0399 0.005884842732713444 0.0014065098827928774
0333 0.0025872008744599697 0.0012824680496147608
1222 0.0024989814528726018 0.00015050946715122166
0410 0.0031022162504158093 0.008214574958896955
0233 0.009256937057772535 0.004468494915554844
0234 0.0014981164377785123 0.0003323758719785427
0331 0.00020053777377590455 0.002186766870375021
0407 0.009559764697183793 0.0032450564861919305
0375 0.0004835805610441125 0.0005016211070428394
0584 0.0010310245103118808 0.00013462762552830907
0257 0.0011520689453063061 0.0006274682817787399
2107 0.010415062867326139 0.005244160561493999
0354 0.010530031225962641 0.004004432189468149
2108 0.0015870060621254636 0.0003785781305952453
0334 0.0010924278724447714 0.00027166900640906755
0335 0.012270545939226789 0.00641577888869018
2128 0.012783781364089471 0.023813960096557507
2121 0.013638851817156385 0.005853152117437069
0574 0.002357192982436422 0.00023099358708283013
2132 0.05513844823291937 0.07422118050816773
2131 0.0027129565124740036 0.001511894941156706
0245 0.0010205167011850668 9.827031547420048e-05
2109 0.00045016066548549734 8.623196019156544e-05
2119 0.0006346537298131612 0.0003483469623163029
0599 0.001286976653628686 0.00011993603871291578
1112 0.0034399435572982054 0.001284515280261451
2118 6.499922665837347e-05 0.0014536902064965552
2127 0.0019832798539833503 0.00023997672040491712
2114 0.0013681661758698869 8.021384384199662e-05
2115 0.0034279388313019953 0.000564826869191807
2123 0.0001905015675266007 0.0028877040177677084
2116 0.00778975602277766 0.0025784077196025143
2124 0.0004230764104975305 0.0005833395136101298
0253 0.0011340921617788836 8.826889322854537e-05
0247 0.012497194253358013 0.005117256776909126
0238 0.00080087188235378 3.8181022887860524e-05
0235 0.0004123820385791121 7.253995961041895e-05
2130 0.0017851695634849808 0.0003685831627787324
0448 0.0017292504696663487 0.006942261958095408
0254 0.014536001394335536 0.026176041645210115
0256 0.0009333392312058155 0.00018728089022056722
0244 6.400172472177063e-05 0.0018948698973675565
0237 0.00953947912143455 0.004163537438315237
0251 0.002549154478033673 0.00015912717625418102
2120 0.006491795660357971 0.0016193191650804972
0249 0.00011450564551355106 0.0025697490825280596
0242 0.007884987038907292 0.0027056855541192737
0240 0.001351924273221617 5.156226293870747e-05
2111 0.009642427402373891 0.004235876463449226
0554 0.00010245645170815624 0.0018429653382696593
0184 0.00220070232442885 0.00011941010352556536
0255 0.004001075519553068 0.00971628712235561
2112 0.0004209465427306527 8.962937742507327e-05
0236 0.00213421797328677 0.00033538848161176836
0169 0.002114905815663707 0.00010657064377788069
2129 0.003096699032542949 0.008194634495625517
0461 0.0028918616246125595 0.0006791333681365389
1166 0.0027264291579628427 0.00017818239773682458
0513 0.008972541215213441 0.018041544205389084
0387 0.0008973905154696768 0.00014299204399849795
2125 0.0025125641794814008 0.00017488296773400243
0412 0.0008400956029320901 0.00015748857012922677
1164 0.002554420210276233 0.0001494750570014603
2110 0.0023712703188587497 0.00044459486412110364
0241 0.0035328779723427404 0.0006262583277230135
0250 0.00040128916922981634 0.0005185776587984576
1167 0.0024405293061817426 0.00012972594855900074
1165 0.002538851417871726 0.00015112219327422405
1148 0.002924956586002734 0.0004179852204431625
1147 0.0035684537322930913 0.010339847421977787
1494 0.0012324027816010355 0.00011339776532559055
1467 0.017397795456419285 0.008951916501283345
1459 0.0030962514111954696 0.0015483946820726653
1468 0.011730314152673182 0.006592410359283244
0201 0.002997008051046126 0.0002077211851158101
0631 0.0011206908118222248 0.00025808029591610206
1453 0.0701194904859045 0.09049511503918915
1472 0.0020044625627775063 0.00045551257770556875
1512 0.001171452988438018 0.0001914120697870319
1454 0.00198638027916359 0.00046128794307154756
0259 0.003527653010088637 0.0003056471776058929
0191 0.0034030998137003963 0.00027387261119460386
1462 0.00624471069576575 0.00206489670274864
1461 0.00044884805223623575 0.0006624409590090496
1484 0.007470666997408177 0.0020941574959839736
1387 0.007104346914370572 0.01532188264957807
1456 0.001473059876143907 0.0007344736906602072
2151 0.003235938379860354 0.010638692036533249
0280 0.03040380175205374 0.019428756958247976
0261 0.009425965831181526 0.003118641028200563
2146 0.03256909083497886 0.01793260124086939
0293 0.0008821802337816913 0.0008436078176382679
2133 0.011061411054231144 0.00408339699952784
0260 0.005400954765236742 0.001745601977716478
0279 0.004664657239604361 0.013318547528110793
2145 0.00024794931235496434 0.0013479431122406698
0274 0.029664160762399455 0.015814532911812822
0292 0.09787339120332535 0.11977340834775242
0273 0.0001021498665025515 0.001810550104046362
1221 0.005537740962902188 0.0008127270364318761
2152 0.035132669279491206 0.023215077287092874
2156 0.007055941443861228 0.016206118395430638
2135 0.011533363497843068 0.004107466031266923
0263 0.009448963049687757 0.0029239502567904568
0268 0.0004889946145432045 0.0005051647419181487
2141 0.017120402230346214 0.0071847491978263315
0264 0.0008522543876709702 0.00013840559824623304
2142 0.0026150421611940444 0.00013036063791507476
1152 0.0010563785261302164 0.0005259787704116805
0277 0.010843785580551848 0.00341502728004169
1151 0.0010606447418559468 0.0005268504796495418
0046 0.0009360753062236105 0.00014944645091880424
1150 0.0011060435616417942 0.0005512064037920113
0285 0.0108407336311126 0.005121775474152349
0291 0.002303062954082318 0.0006382227120304208
2139 0.0012743197363673509 0.00014802421544345685
0045 0.015448365092520336 0.026839024637223746
0047 0.002862327014717061 0.0006024297278957122
0278 0.022162907225223467 0.010858020178676894
0286 0.002799594668485213 0.0005862103360735879
0267 0.0009891366561590132 0.00013754068174720452
2157 0.013246231150306112 0.006810180006212994
0284 0.00852404924328079 0.018394160855797433
2136 0.0012581056565298314 0.00014285612539523767
1172 0.001846142041386368 0.0002581354826415495
0275 6.457181260218932e-05 0.0023184614349961523
0269 0.015198558369645471 0.005947166898186302
0287 0.03614428978989457 0.05142460235957921
2153 0.0003342454783841375 0.003731455194321128
2159 0.032234537844205956 0.046703282750379445
1175 0.0018322162085944035 0.0002620855634343526
1174 0.001824325134618563 0.0002617920890442994
1173 0.0018571451953909902 0.000264136916819797
0283 0.004437435364086414 0.0008067684655806554
0281 0.0005889950444541913 0.004629780612873263
0272 0.0096465882315308 0.0027013263407716414
0270 0.001948996503233157 3.911040978731461e-05
2140 0.0011091481392134085 0.00022651454476248301
2150 0.025461186401767352 0.0131685511302034
2147 0.00021959172694668844 0.001547363489442434
1178 0.004376549264240162 0.0005536842598447077
0262 0.002733132982459742 0.00017602398648387796
1179 0.004395689042181246 0.0005442010420827518
0266 0.006495131522774055 0.0014757269149822563
0290 0.00027930888896929236 0.0011575554866545658
0183 0.0042609647329251155 0.00041634551709864373
2138 0.008037002835344293 0.0022820542949607407
0168 0.004147785527705137 0.00038281811814152347
0265 0.0011587262128510978 8.065888845414624e-05
2148 0.0014335331416599456 0.00024816539272039804
0288 0.025724109630485225 0.03809118509527151
0289 0.008251855715286862 0.0146695460342601
2154 0.0008717177830811332 0.00036821375379164325
2134 0.003776499587799224 0.0005181566573129956
2149 0.013679730224980834 0.005029197113254009
2163 0.0034937885591424726 0.001294048841237494
2143 0.005295658921607006 0.0008000912345284954
2160 0.02398817740262272 0.035980272905528576
2162 0.00044172153097339113 0.0007169765700198329
2144 0.011238773557826072 0.0035785962575737946
2265 0.0008719798997966359 0.0007619440116272514
2137 0.0017014617745724821 0.0001160207948627437
2158 0.004947944501863739 0.001690094925015857
2155 0.005936922452533221 0.0014376834752404767
2161 0.0068182999760687925 0.012683855078271898
0271 0.005706602804324788 0.0008978100315782591
0282 0.0003806266279059639 0.0006622346877709069
0174 0.00469494196047538 0.010508886326163777
0036 0.0031914785039627233 0.00022300556057872385
0041 0.0020809906249073984 0.006420534028980942
0031 0.0028360794737073538 0.007702329927440608
0040 0.17717953122692776 0.1590653057372055
0038 0.0033527218747054677 0.0002551882041688598
1485 0.002381096086998977 0.008470767110117686
1446 0.008625283445410702 0.002765743157105228
1447 0.005064585119942553 0.0033345396592473274
1483 0.011062886476406027 0.01920427467096825
1457 0.01784323575774405 0.012326092320203916
0200 0.0045706925013599 0.00045236550689688914
0317 0.017288927304865406 0.02832359180447457
1489 0.00015104297244488747 0.0018633064877541772
0193 0.0048949607178936675 0.000516424605603192
0294 0.005551915503324075 0.0007138911037643774
1452 0.12252818719123616 0.13736947315854398
1486 0.0004184643279413323 0.002876120095463332
1458 0.04162680795687164 0.024197613575488337
1932 0.004553976831127947 0.0011521978562135293
1907 0.04032203258534523 0.023864774259294137
1966 0.0008440816833237974 0.0011244817162290274
1962 0.018654378125563035 0.00716402316466444
1936 0.006785706299957916 0.0027426435784036383
1942 0.01878392460732417 0.03226299070453791
1911 0.00037403104072022915 0.003793654251623358
1938 0.033634316535252645 0.024247137400661638
1906 0.00685414752478209 0.0011142017221859115
2018 0.0031967008889675357 0.0009421130724344576
1937 0.00020601916072375553 0.001378875319325638
1417 0.010343412260857223 0.00502314111054903
2036 0.0007178010720812692 0.0010852335644264534
2013 0.019460360671044345 0.008197484925805484
1961 0.005064846835121089 0.0004889214984585955
2014 0.01738253739316039 0.019782646322596124
1418 0.0017441393221636283 0.00031115035485338095
0182 0.0052791196633947225 0.0005795839008910799
0167 0.004608207786291177 0.0003938245291335908
1931 0.003930515714274652 0.000859910711984812
2040 0.003988699401255837 0.0012185366147624724
1220 0.005605542605300981 0.0006780338212989429
1451 0.009642008508039214 0.020634146155089995
1450 0.0007350595462750117 0.001464496681118887
1449 0.0031900091370959736 0.0009764407987329635
1434 0.0023240106386856452 0.0020873860423544456
0190 0.005226068115962454 0.0005689437983198835
0295 0.005487113412086009 0.0006227320032254832
1445 0.010137053941167491 0.0024656277867100562
1463 0.0029808662289237064 0.004368959319894271
0112 0.00511356701753698 0.0005469500215319134
0055 0.005110985313406286 0.0005626643246094938
0056 0.005116636506274957 0.0005678011126520597
1111 0.014436038103876121 0.009523444004743153
0208 0.00433932715199515 0.0024412255733923752
0110 0.004089401878426333 0.007778774425441651
0109 0.0016572042754290565 0.00019759080166331235
0187 0.005025249614361163 0.0005540142080303562
0296 0.005103464550382305 0.0006188153639766957
1428 0.00642261088194898 0.005310158704154674
0197 0.0048762706290247995 0.000590126562895674
1440 0.02607144799374862 0.02597915536739884
1443 0.025963413601400503 0.03770295189556598
1432 0.017563188654552114 0.017355294041340893
1438 0.04752461290683272 0.032344410627386896
1444 0.00046883670113350936 0.0039537524100248115
0181 0.005036576299763256 0.0006682471901693961
0166 0.005900195211402811 0.0009447249987567409
1437 0.07072781954041525 0.06927745537844157
1425 0.0017539305302170767 0.00125703550566993
1436 0.0008783496889567476 0.005689710661264227
1424 0.00192312562314673 0.0016788920591098066
1439 0.11945271367827015 0.11997768593817743
0297 0.004453415851773722 0.0006736485667362787
1464 0.0008853066368267378 0.0009373525601695299
0192 0.004426089318176173 0.0006905079683127617
1442 0.0010965693139946982 0.0010132849522621803
1435 0.0016966223577082127 0.0021471222512532456
1448 0.0013011772695891485 0.0006018406948257877
0202 0.006731747934799253 0.006547524056796172
0207 0.0023502210776413187 0.0014474595054629995
0298 0.003738186948651153 0.0007241520301132225
1110 0.005610254810187834 0.002688196234271986
0205 0.000596407223985975 0.00022576892844758406
0204 0.00018442533958910987 0.0008320997282963113
0206 0.0006906511004147071 0.00017804793139615099
0203 0.0001889269379809334 0.0008842146123939156
0188 0.004003941749287983 0.0007673400176842701
1427 0.000723904282432511 0.0009045522982507041
0299 0.003614698618398915 0.0007294259250231219
1429 0.0006891717052254605 0.0023121521548850822
0195 0.004128993074241441 0.001052317644096552
1421 0.0012700099521467008 0.0010344599874964207
1422 0.0022675004585485884 0.011609840753401036
1426 0.03671596137899621 0.03719366207489598
1420 0.0013831694395694872 0.0029669305910290287
1419 0.0038263157581261364 0.020714472043901987
1423 0.0008464980671905807 0.0010272303647288772
1375 0.0034071829085012173 0.02225608885887579
1430 0.010739846810139054 0.016402264708209772
1441 0.07132981304611759 0.06991855662031707
1433 0.0016525216452371115 0.0012907243763292703
1431 0.0006890788035095131 0.002977026983263579
0063 0.00419858720807072 0.0011303579323398607
1455 0.002575461858608357 0.0011880824018564544
1460 0.007588551215341311 0.0036528814925381363
0064 0.0002647387362330056 0.00018994668609128567
0114 0.000403834651848199 0.00042111134085684535
0186 0.003956088275020384 0.001253877191382694
0300 0.3083882406214802 0.3067025359517348
0199 0.0036597694151217744 0.0014957691669846686
0301 0.30489990742349593 0.308794208542407
0189 0.004206418411311787 0.002026029868720774
1108 0.004884409306273507 0.002460329602691227
0302 0.28792521020530754 0.29273172824275434
0196 0.007589234325599734 0.005031298933918482
0185 0.004070144454762129 0.002929188870915534
1107 0.004934413682320878 0.003546771608377906
0303 0.27833069977913216 0.2872577669088748
