0226 0.00021412648025850766 8.779395185818142e-05
0219 0.00014612319401110849 6.711047435261536e-05
2100 0.00046931549688109984 0.00012078654691468438
2093 0.00031865906827348257 0.000125445407540306
0325 0.00029350770744836923 0.00013190525175932837
0326 0.00045359398718956324 0.0002638887584824263
0224 0.0002357204395034452 7.45700084494421e-05
1492 0.0003491004712693536 0.0003215310336770298
0225 0.000385782407597473 0.00036651671324762773
0221 0.0002020640154579899 6.0520677041123357e-05
2099 0.0006935804045584266 0.0005754043036398014
2098 0.0004054034899583058 9.548585341999689e-05
0220 0.00025085228696899374 0.00032132751135122145
2095 0.0004989266719694882 0.00017151089561833223
2094 0.0002467767971992179 0.0002544901355624317
1503 0.0004421885558607609 0.000241769234174257
1502 0.0006339660090544079 0.00021191379966541195
1481 0.002142595252220794 0.0018900826447338255
0436 0.00038412609278020766 0.00014115857559052585
0415 0.0007693527811437033 0.00023707231645748693
0418 0.0005802719135974517 0.0002070660284545048
0327 0.0005566366089696342 0.00016924510575817795
0304 0.0007052740490862564 0.00022428903791053164
0459 0.0006122170503527063 0.00017592335878066566
0370 0.0008863774031932633 0.00033875635149977634
1124 0.004628668113843869 0.004397208795408172
2092 0.0005290663474748386 0.00014299556452044608
0159 0.0002984297503792189 7.947802835459938e-05
0218 7.791030202406636e-05 0.00022144579925234285
0228 0.0003953377846716012 0.0003568825118683846
0389 0.0008826480941806857 0.00032615409354473424
0328 0.0023861797965091525 0.0021375887260330476
1475 0.00041139309323013284 0.00022688695339723354
0212 0.0003058661053040005 0.00014497964172706325
2102 0.0009236414443794642 0.0007283343538947425
0070 0.0009478909838939117 0.0003522614587848974
0072 0.0008462439239349815 0.0002980929526411785
0073 0.0009620885190406732 0.0003951024133564146
0001 0.000929141028145492 0.0003372602588137582
0066 0.001127392545340703 0.00048226856394567553
0086 0.0009303336549652669 0.00033867402978937666
0067 0.0008889219832345586 0.0003147824809587546
0071 0.0010061294031469938 0.0003826050078858443
0068 0.0011907697025619172 0.0005004622590388387
0090 0.0011188813116163238 0.0005542909746294446
1137 0.0004930314443844046 0.00033060513189258847
0152 0.00033498192194748763 0.00032883896595041983
1135 0.00013453503804372016 0.0001768628589967482
0002 0.00016744358438030448 0.000567951516724157
0150 0.0003303494195330127 8.237594463716147e-05
0171 0.00046031723097503913 0.00038230322183113133
0170 0.0005022049968856916 0.00026231471388328716
1132 0.0004198530811211528 0.00011102088603297681
0180 0.0006269888389959839 0.0001787125655404363
0153 0.0015917597236507375 0.0014318819410703294
0160 0.0020974774303876968 0.0019150330561563773
0148 0.00014788427177907354 0.00017195766813008813
1154 0.0007415130028255533 0.00023570971960753238
1122 0.00017908047583742334 0.00010658553434228798
1155 0.0007486863074182955 0.00023944401166601197
1123 0.0001792259940445459 0.0001654120711243522
0158 0.0036712186224540162 0.003448444322409544
0149 0.0003035064729142668 6.257959021145554e-05
2089 0.0002347385216108116 0.00024264242111172646
2104 0.0025825079399494195 0.0023166780942444026
0157 0.002908670715069943 0.002705379454304934
1153 0.0007038274597300998 0.0002162609584646657
0178 0.004442746003075996 0.004213779021989576
0154 0.0002828203429274212 0.00013146609427896192
0176 0.0034045964701157586 0.003185330896669465
0155 0.0010624841001280786 0.0009559242988892267
1114 0.000934716954933493 0.0006275590193780691
2086 0.00031095845073225226 0.00013239476420029916
1141 0.0007186185924035549 0.00037765905241191267
0215 0.00024361307002475038 0.0003164028582497544
0230 0.001215391979217178 0.001085363069259995
0151 0.0002476021097904948 0.0002835726597696894
1477 0.0024392344527213857 0.002186687312637481
0366 0.0009962633618689723 0.0004048338439473301
1134 0.00014190636228217406 0.00017371912035627217
0172 0.003711262523346823 0.003495138154853714
0329 0.0004015199755863945 0.0002315895710046403
1509 0.0006127773036328163 0.0001860966172273529
2096 0.0006205561146015651 0.0001669586702945047
1125 0.0014351417350698858 0.0014897822568569813
2097 0.0008794601545872852 0.000345957459679422
1506 0.0007420643746617454 0.0002625012369753167
0217 0.00031844484680496553 7.778434585578645e-05
1497 0.0012553340014101384 0.0010660254597901718
0330 0.0005550164522949039 0.00016842111318098336
2085 0.0005351130488506821 0.00021760044993895838
0213 0.00024694235279438365 8.903380481450231e-05
2091 0.0006189304871019021 0.00018753953248475808
2087 0.00037547817598100917 0.00012679266623109961
1476 0.0005687688399099665 0.00017621234230562094
0211 0.0002043050683829698 0.00011031421947574658
1507 0.0006232662099278183 0.00033284151333187853
0156 0.00035981006658926845 0.00020428612935581689
0376 0.0007454481446792905 0.00027225486560639904
0394 0.0004983264141708243 0.00033545864825702473
0462 0.0003387772558343045 0.0002145927749005651
0447 0.0005358740061244889 0.00015166064907679667
0216 0.00019331963446364792 7.42490844748389e-05
2090 0.0003127026416684125 9.63169441204366e-05
0227 0.00019797607763906365 5.473660215819161e-05
2088 0.0002351559739973599 0.00011685095216472171
2101 0.00048167977764347733 0.00017613481523215939
0214 0.0001555235800871746 0.0001542431307061316
0585 0.0003963253158907091 0.00014615765275864055
0229 0.00016680257427525202 0.00011834338357967376
2103 0.0004280676333284282 0.00024094928392800368
1495 0.001046046775611371 0.0008838876068617522
1501 0.0004065317867012234 0.0002163480919601736
0222 0.0009274895914188383 0.00040933591207137284
1499 0.0006450610853904218 0.00018986071960127104
1500 0.00026729056183648407 0.00026084635503826063
2106 0.0011658355166527254 0.0010138313821220462
2083 0.0003247645610736069 0.00023201791068466133
2084 0.00020935830670406848 0.00016835835450050904
0209 0.0003119311172101133 0.0002492686047907154
2105 0.0003274539254833172 0.00022308355381862874
0210 0.0001647706790384202 0.00021325349351398657
0232 0.0006319238542468342 0.000595052887557845
0231 0.0001324716424354935 0.0001701806171771963
0004 0.0007153213110518676 0.00021685428895922996
0005 0.0013408010420001624 0.0007199478598792421
1376 0.0005151537500985186 0.0002278828573621041
1498 0.00040788363583951786 0.0001649496047912449
1351 0.000895737819925518 0.0003185148570461128
0544 0.001280494244538681 0.0007240686999476618
0518 0.0014552441922989197 0.0006985530011562832
0396 0.0016138539754563658 0.0009695165189468295
1513 0.0007779520755043357 0.000246408973734787
1352 0.00031496374757267393 0.0007634654782935527
1496 0.00044683198278233155 0.0007349446232659745
0626 0.0026029029775004593 0.0015027847353483908
0311 0.0006808553386272194 0.00035741705621020805
0523 0.0002528138023586791 0.00013274651807156782
0198 0.0006095770099187641 0.0001702874659765053
0312 0.00013244987200313016 0.00030963908131618367
0313 0.0001542758658376262 0.00021686706143709687
1353 0.00015340259544408046 0.00023162793551753896
0318 0.00023075164556154846 0.00015485196249883366
0310 0.0012014565793561727 0.0005334766401050435
0305 0.0001872957212361157 0.0001793674037039536
0314 0.00019978384302974208 0.00012836056137000812
0307 0.0002413590159140387 0.00022397323787790542
1490 0.001962537351015507 0.0014744957302525376
0465 0.0005966176279540028 0.0012796748342960797
0486 0.0037363370364610475 0.002679783796947142
0438 0.00032679895891423626 0.00023701316807115435
0559 0.0044865873764361845 0.0031536762510085115
0475 0.004556728041621794 0.003072802666963397
0409 0.0024977121244423206 0.0019407894405629278
0503 0.005191550408074664 0.003494433999887555
0535 0.000138085795903647 0.000297896641294445
0386 0.0002458151729753269 0.0003686529576697309
0398 0.00014763743452049898 0.00032073937845922376
1223 0.00015978496470910443 0.000541198847389383
0591 0.002381248209997877 0.0014030282566131623
0464 0.00029749066728811005 9.88669561841735e-05
1143 0.0015782667649811759 0.0007728290978073486
0466 0.0003547144865268581 0.00019270562989801398
1142 0.001721188670311276 0.0009485682230517825
0377 0.002012757943255968 0.0010371556372073497
0525 0.0016050622913878624 0.0024644652021582393
0507 0.0007652444425882125 0.0009514389704496847
1487 0.0023186837823108075 0.0012322289766772661
0315 0.0001557904791733726 0.0002696666556316125
1508 0.00038854236287717283 0.00011814803671765507
1474 0.0015599101376252782 0.00256348623568534
1493 0.004427010401785974 0.0032564728259035568
0306 0.0063525972462289545 0.008137982009532415
1505 0.003819502846246686 0.002531384729446068
1471 0.0003717889153018562 0.00013677970474912805
1482 0.00784370203732423 0.005649357512723804
0625 0.002147384934881555 0.0011040692346594625
1413 2.788839420504231e-05 0.000342739965091837
1473 0.0025482551840746086 0.002194656555354707
1511 0.0012352090757422375 0.0005162818424478704
1146 0.00410512991892053 0.003862109853964452
0437 0.0001655161312401753 0.0003142173625114362
0404 0.0002393766871181426 0.0006777991069235625
0579 0.001146982141884906 0.0021466995666189533
0361 0.009139482071994868 0.007235706689026873
0369 0.003721044877432947 0.005305859103926596
0392 0.010484772473981958 0.008171131566841764
0019 0.006377823707500201 0.00436991921507714
0025 0.002093142640902122 0.003282984527609118
0441 0.003670921998603291 0.0031279464916518936
0385 0.005013124496948415 0.006063688933941656
0008 0.0014627709881144717 0.000662999321826857
0007 0.0014527765574247867 0.0006403981057957941
0593 0.0013059729702101365 0.0005703502541500908
0397 0.0004258469127339887 0.00018333211569819113
1415 3.267003658556055e-05 0.0003518172368877886
0440 0.004190715196004437 0.002776670982196871
0372 0.008047537773165707 0.009745119730056368
0016 0.001370876284960804 0.0005719950378210508
0014 0.0015633881496351894 0.0007144406515579979
0013 0.0001286474763494593 0.00033044929591656216
0012 0.00093172815752636 0.00031528147276334685
0009 0.00012980069838990449 0.00036688121283077866
0194 0.001074476117144227 0.0004120743969362002
1470 0.0004836479087025807 0.0001583271844863352
0499 0.00944016470946788 0.0074648984023555414
1480 0.000601207506008175 0.00023794513833735398
1479 0.0002594495715379456 0.00022840265640997303
1488 0.6808924628934039 0.6835184975462382
1412 1.9759797040839e-05 0.0006063817979479338
1491 0.0004013109199817999 0.0010510606290626782
1465 0.009002576997807384 0.006516260349228154
0501 0.005125412495813516 0.004417121334085242
0423 0.00021504439465151902 0.0006672385108228942
0488 0.009393788905175513 0.011731787068563194
0473 0.0008298136048864209 0.001735635160049794
0435 0.00864467032951921 0.007337959605798314
0355 0.013418075111960779 0.010275582523647141
0414 0.00018461084547351938 0.0002277207722619829
0566 0.012250862008280223 0.010252383378952606
0512 0.00029653081884662634 0.0001545143679944965
0451 0.0067836790694681915 0.004887765191491134
0550 0.017003106566831745 0.013826607935095336
0382 0.015088655723539244 0.012430438773584258
0402 0.004124938688585724 0.002589423574580066
0371 0.00039877767638320406 8.933197595790721e-05
0454 0.0007180381975351397 0.0003238696852014956
0552 0.018728365609680338 0.02107347894144281
0388 0.0028631969044276766 0.00336969739254523
1510 0.004647898650356779 0.0031214511321234406
1416 0.00011773714628868238 5.352773703673525e-05
0545 0.0001852347553599804 0.0006127456623005044
1414 0.0001988879263339252 8.277638605232715e-05
1354 0.0022011347152115675 0.001123233900066049
1469 0.0009593030379898948 0.0009353054039665614
1466 0.022000690650022976 0.02515734188657522
0580 0.0003184214892905606 0.0009627258578099979
0530 0.011694261080246373 0.009169332516858215
1478 0.011789863047805738 0.013068878617283182
1504 0.0013608821276647131 0.0006335919717721302
0482 0.0018214137902436223 0.0008472690298990988
0239 0.01961625436549422 0.01574030927373494
0252 0.0052236749001004805 0.00727777926530913
2113 0.020509241014560985 0.016553771682372258
0248 0.018286404309212283 0.015534919358940802
2126 0.004328713431232532 0.006208118179435332
2122 0.020222894650417267 0.01727875457184497
0332 0.02184148858605578 0.018443535923055154
2117 0.00015617073537215148 0.0006247101594617077
0243 0.0001699167173238241 0.0006582809800927601
0258 0.06335846480847876 0.06764075395452958
0399 0.005884842732713444 0.0042808713753097055
0333 0.0025872008744599697 0.002318524083223474
1222 0.0024989814528726018 0.0013058713520518056
0410 0.0031022162504158093 0.0040982928339371805
0233 0.009256937057772535 0.006652155217815333
0234 0.0014981164377785123 0.0011103460552208976
0331 0.00020053777377590455 0.000658789423249131
0407 0.009559764697183793 0.0071922738548368635
0375 0.0004835805610441125 9.775380611095266e-05
0584 0.0010310245103118808 0.00036736151609889736
0257 0.0011520689453063061 0.0010355049458065444
2107 0.010415062867326139 0.007654575868645254
0354 0.010530031225962641 0.007789850487751525
2108 0.0015870060621254636 0.0011536079016601565
0334 0.0010924278724447714 0.0006700877827195624
0335 0.012270545939226789 0.009194715925823861
2128 0.012783781364089471 0.015268106683837592
2121 0.013638851817156385 0.010874803089070307
0574 0.002357192982436422 0.00159840069028514
2132 0.05513844823291937 0.059219526576801476
2131 0.0027129565124740036 0.0024731832728091692
0245 0.0010205167011850668 0.000325160038690781
2109 0.00045016066548549734 0.00012285500280982364
2119 0.0006346537298131612 0.00015229595688314598
0599 0.001286976653628686 0.0005666589565709632
1112 0.0034399435572982054 0.0020384916699406706
2118 6.499922665837347e-05 0.00021537854909368337
2127 0.0019832798539833503 0.0013929387652157886
2114 0.0013681661758698869 0.0005313404454894792
2115 0.0034279388313019953 0.0019377420476886249
2123 0.0001905015675266007 0.0006289184043592571
2116 0.00778975602277766 0.005394051475999918
2124 0.0004230764104975305 0.00012770874568503155
0253 0.0011340921617788836 0.0007038191592908961
0247 0.012497194253358013 0.009836708733525231
0238 0.00080087188235378 0.00026325195190633174
0235 0.0004123820385791121 9.257238489693428e-05
2130 0.0017851695634849808 0.0013592187842529438
0448 0.0017292504696663487 0.0028374556193163465
0254 0.014536001394335536 0.017173409440052773
0256 0.0009333392312058155 0.0006482354388440182
0244 6.400172472177063e-05 0.00038867499243830605
0237 0.00953947912143455 0.00683048467691301
0251 0.002549154478033673 0.0015948322686076188
2120 0.006491795660357971 0.004538370960185799
0249 0.00011450564551355106 0.000497885016639173
0242 0.007884987038907292 0.0054775398495169846
0240 0.001351924273221617 0.0005138833965473166
2111 0.009642427402373891 0.006936623814611618
0554 0.00010245645170815624 0.0002626209563539239
0184 0.00220070232442885 0.0011016389338132633
0255 0.004001075519553068 0.005148795769294794
2112 0.0004209465427306527 9.798655736417381e-05
0236 0.00213421797328677 0.0010530253246415907
0169 0.002114905815663707 0.0010441949910858406
2129 0.003096699032542949 0.00409663622549936
0461 0.0028918616246125595 0.001607668686908719
1166 0.0027264291579628427 0.0014795179166098124
0513 0.008972541215213441 0.010945904796919637
0387 0.0008973905154696768 0.00035917508587304537
2125 0.0025125641794814008 0.0015817587002644683
0412 0.0008400956029320901 0.0002350740605156058
1164 0.002554420210276233 0.0013505662560437395
2110 0.0023712703188587497 0.001243412161385832
0241 0.0035328779723427404 0.002002168895094813
0250 0.00040128916922981634 0.00010194835200005742
1167 0.0024405293061817426 0.0012739967970590857
1165 0.002538851417871726 0.00134247798297564
1148 0.002924956586002734 0.002101849647481163
1147 0.0035684537322930913 0.005128279900839636
1494 0.0012324027816010355 0.000488654983476399
1467 0.017397795456419285 0.013462803244819447
1459 0.0030962514111954696 0.0027389670867282094
1468 0.011730314152673182 0.010336724338232477
0201 0.002997008051046126 0.0016278963635992221
0631 0.0011206908118222248 0.00043206252601506276
1453 0.0701194904859045 0.07440499843015884
1472 0.0020044625627775063 0.001199341263531532
1512 0.001171452988438018 0.0005207209047511498
1454 0.00198638027916359 0.0013447949848154602
0259 0.003527653010088637 0.0019783559683100903
0191 0.0034030998137003963 0.0019033441345250371
1462 0.00624471069576575 0.004198718064543448
1461 0.00044884805223623575 0.00017060444654352696
1484 0.007470666997408177 0.004969569886663081
1387 0.007104346914370572 0.009116459651714108
1456 0.001473059876143907 0.0012663929530349705
2151 0.003235938379860354 0.005109056604186937
0280 0.03040380175205374 0.026752951204662975
0261 0.009425965831181526 0.00650746583443543
2146 0.03256909083497886 0.026941973761458092
0293 0.0008821802337816913 0.0008444927901482028
2133 0.011061411054231144 0.00789080905887421
0260 0.005400954765236742 0.004936363432427069
0279 0.004664657239604361 0.0068468779914414935
2145 0.00024794931235496434 0.00018161665515158663
0274 0.029664160762399455 0.02418362371007496
0292 0.09787339120332535 0.10286620668961494
0273 0.0001021498665025515 0.0002570235376395906
1221 0.005537740962902188 0.00340290381477346
2152 0.035132669279491206 0.03119535364038642
2156 0.007055941443861228 0.009320053925026384
2135 0.011533363497843068 0.008180415083136439
0263 0.009448963049687757 0.006453931067603693
0268 0.0004889946145432045 7.460520006189771e-05
2141 0.017120402230346214 0.012857275953904578
0264 0.0008522543876709702 0.00030116825298407617
2142 0.0026150421611940444 0.0012135370574053706
1152 0.0010563785261302164 0.0008733728752394344
0277 0.010843785580551848 0.007856920183840571
1151 0.0010606447418559468 0.0008760256103350365
0046 0.0009360753062236105 0.0002740254937622475
1150 0.0011060435616417942 0.0009248812981027713
0285 0.0108407336311126 0.00895816906960431
0291 0.002303062954082318 0.0017447587849090554
2139 0.0012743197363673509 0.0004840424485266765
0045 0.015448365092520336 0.018266280041576544
0047 0.002862327014717061 0.002075463664300087
0278 0.022162907225223467 0.017933916533524788
0286 0.002799594668485213 0.0020126529647719305
0267 0.0009891366561590132 0.0003113505720659807
2157 0.013246231150306112 0.011169505399193808
0284 0.00852404924328079 0.011004417311186223
2136 0.0012581056565298314 0.0005743640029149675
1172 0.001846142041386368 0.0011271074402585065
0275 6.457181260218932e-05 0.0003081674373976082
0269 0.015198558369645471 0.01120913940924027
0287 0.03614428978989457 0.039819069249138014
2153 0.0003342454783841375 0.0009560367505696643
2159 0.032234537844205956 0.035738635800781224
1175 0.0018322162085944035 0.001115640555501871
1174 0.001824325134618563 0.0011114553509388519
1173 0.0018571451953909902 0.0011399229772863508
0283 0.004437435364086414 0.0030253703980982886
0281 0.0005889950444541913 0.0013931486949396448
0272 0.0096465882315308 0.006564493789558172
0270 0.001948996503233157 0.0007537221213024624
2140 0.0011091481392134085 0.00035764180556388086
2150 0.025461186401767352 0.02088896761682487
2147 0.00021959172694668844 0.00012567424992054088
1178 0.004376549264240162 0.002606135512632404
0262 0.002733132982459742 0.0013905675110450772
1179 0.004395689042181246 0.0026156368788499257
0266 0.006495131522774055 0.0041229571177717585
0290 0.00027930888896929236 0.0004101292973683192
0183 0.0042609647329251155 0.00245161688115826
2138 0.008037002835344293 0.005385243838926815
0168 0.004147785527705137 0.0023610862408604194
0265 0.0011587262128510978 0.0004447275696884786
2148 0.0014335331416599456 0.0005309267195311582
0288 0.025724109630485225 0.02870038009882673
0289 0.008251855715286862 0.009786811387825358
2154 0.0008717177830811332 0.0003818620076239342
2134 0.003776499587799224 0.002174121862166681
2149 0.013679730224980834 0.010314626896803849
2163 0.0034937885591424726 0.00279264045656463
2143 0.005295658921607006 0.0031526164075683506
2160 0.02398817740262272 0.026877178962621373
2162 0.00044172153097339113 0.0004278231203630644
2144 0.011238773557826072 0.00793380661291842
2265 0.0008719798997966359 0.00013765645063847827
2137 0.0017014617745724821 0.000809099644007207
2158 0.004947944501863739 0.0038939943551353448
2155 0.005936922452533221 0.004252731258118123
2161 0.0068182999760687925 0.008173387032965836
0271 0.005706602804324788 0.0034232925395145768
0282 0.0003806266279059639 0.00010188675232893052
0174 0.00469494196047538 0.006162642436773458
0036 0.0031914785039627233 0.0016259464077477102
0041 0.0020809906249073984 0.003055084724345467
0031 0.0028360794737073538 0.003968775632648239
0040 0.17717953122692776 0.169243146379447
0038 0.0033527218747054677 0.0017446886729084855
1485 0.002381096086998977 0.00381599942965464
1446 0.008625283445410702 0.0060145215650216485
1447 0.005064585119942553 0.00451834457907289
1483 0.011062886476406027 0.013053042901886679
1457 0.01784323575774405 0.016070276405021733
0200 0.0045706925013599 0.0026352780787395843
0317 0.017288927304865406 0.020129691280448798
1489 0.00015104297244488747 0.00032319294815649405
0193 0.0048949607178936675 0.002847665689387421
0294 0.005551915503324075 0.003346939355774149
1452 0.12252818719123616 0.1261694582016034
1486 0.0004184643279413323 0.0009288696954213053
1458 0.04162680795687164 0.03511814889058
1932 0.004553976831127947 0.003009056945314319
1907 0.04032203258534523 0.03425971741430923
1966 0.0008440816833237974 0.00039412922435660063
1962 0.018654378125563035 0.01395278695274708
1936 0.006785706299957916 0.006444762237376231
1942 0.01878392460732417 0.02250148580384571
1911 0.00037403104072022915 0.0008078644580050273
1938 0.033634316535252645 0.030124528772860138
1906 0.00685414752478209 0.0042906065478214555
2018 0.0031967008889675357 0.0021548115995434027
1937 0.00020601916072375553 0.0003389255336211361
1417 0.010343412260857223 0.008363940535405413
2036 0.0007178010720812692 0.0002284716287373171
2013 0.019460360671044345 0.015061394556109943
1961 0.005064846835121089 0.002863584550324604
2014 0.01738253739316039 0.018318372120681558
1418 0.0017441393221636283 0.0005043686196896073
0182 0.0052791196633947225 0.0030812313030761677
0167 0.004608207786291177 0.0025698560662439727
1931 0.003930515714274652 0.0029177898314928165
2040 0.003988699401255837 0.003293827966662265
1220 0.005605542605300981 0.003331160166314412
1451 0.009642008508039214 0.012568640698710642
1450 0.0007350595462750117 0.0003369588831698066
1449 0.0031900091370959736 0.002635987431534852
1434 0.0023240106386856452 0.0020989038557706233
0190 0.005226068115962454 0.0030148608912656046
0295 0.005487113412086009 0.003206512994506284
1445 0.010137053941167491 0.006858238786709405
1463 0.0029808662289237064 0.003650282606619547
0112 0.00511356701753698 0.0029092668325878947
0055 0.005110985313406286 0.002919025268388891
0056 0.005116636506274957 0.0029276862103444026
1111 0.014436038103876121 0.014976336256898573
0208 0.00433932715199515 0.004596949104136238
0110 0.004089401878426333 0.00554517758742488
0109 0.0016572042754290565 0.0006501742365685002
0187 0.005025249614361163 0.0028590323977378466
0296 0.005103464550382305 0.002923004564593091
1428 0.00642261088194898 0.007544929083307549
0197 0.0048762706290247995 0.0027561724793268264
1440 0.02607144799374862 0.027177975184724253
1443 0.025963413601400503 0.030182629098966667
1432 0.017563188654552114 0.01616207779993135
1438 0.04752461290683272 0.0411985146017951
1444 0.00046883670113350936 0.0009878846584275862
0181 0.005036576299763256 0.0028253282064738755
0166 0.005900195211402811 0.0035305273101770666
1437 0.07072781954041525 0.07238632583269769
1425 0.0017539305302170767 0.0016877431833377525
1436 0.0008783496889567476 0.0019744522228910457
1424 0.00192312562314673 0.002279177736613636
1439 0.11945271367827015 0.1227839125021054
0297 0.004453415851773722 0.0025050763163935396
1464 0.0008853066368267378 0.0003889331238487541
0192 0.004426089318176173 0.0024494793630981462
1442 0.0010965693139946982 0.0012357000870619238
1435 0.0016966223577082127 0.0021372965898030696
1448 0.0013011772695891485 0.0008382560697091789
0202 0.006731747934799253 0.0073735924437480505
0207 0.0023502210776413187 0.002197516463888187
0298 0.003738186948651153 0.0020906728944833867
1110 0.005610254810187834 0.00388179230098818
0205 0.000596407223985975 0.00017309659654432926
0204 0.00018442533958910987 0.0005603351004763523
0206 0.0006906511004147071 0.00022554812614177398
0203 0.0001889269379809334 0.000609315055636606
0188 0.004003941749287983 0.002221627613685044
1427 0.000723904282432511 0.0007731449914408074
0299 0.003614698618398915 0.0020060354236156232
1429 0.0006891717052254605 0.001002573621951666
0195 0.004128993074241441 0.0023892984419551936
1421 0.0012700099521467008 0.0012064035350023718
1422 0.0022675004585485884 0.0043437909037607365
1426 0.03671596137899621 0.0333986512044769
1420 0.0013831694395694872 0.001427958869966514
1419 0.0038263157581261364 0.008334929714527928
1423 0.0008464980671905807 0.0006433705864420628
1375 0.0034071829085012173 0.008095948671462438
1430 0.010739846810139054 0.01384946906664053
1441 0.07132981304611759 0.0750692951418744
1433 0.0016525216452371115 0.0010270209791366403
1431 0.0006890788035095131 0.0013663922672939018
0063 0.00419858720807072 0.0024682535916616772
1455 0.002575461858608357 0.0018809081845632429
1460 0.007588551215341311 0.0053796441396958905
0064 0.0002647387362330056 0.00021150408081252196
0114 0.000403834651848199 0.0004003338050146083
0186 0.003956088275020384 0.002344166243429182
0300 0.3083882406214802 0.30729744647252694
0199 0.0036597694151217744 0.0022624950981149253
0301 0.30489990742349593 0.3069150486163707
0189 0.004206418411311787 0.002655092277563956
1108 0.004884409306273507 0.0031645698970823983
0302 0.28792521020530754 0.2909964740507575
0196 0.007589234325599734 0.0054241291355252635
0185 0.004070144454762129 0.0027725654326741446
1107 0.004934413682320878 0.0033560749278422537
0303 0.27833069977913216 0.28622824362341526
