0226 0.0002299079925044986 9.281876387458967e-05
0219 0.00015112249055302955 7.539079393289251e-05
2100 0.0004588646494830522 0.0001428589346019468
2093 0.00031715322994245384 0.00014119920559838104
0325 0.00031548042431708405 0.00012592800599737838
0326 0.0004734004514659589 0.0002983765370229432
0224 0.00024207387571837033 8.324521629843377e-05
1492 0.0003686889824034173 0.00023590117166664547
0225 0.0004299854338408214 0.00039509929855585906
0221 0.00019550824511372774 7.247200357743462e-05
2099 0.0007632807526542567 0.0006430427239206552
2098 0.0003893112295720002 0.00011056964556274309
0220 0.00026822245014908325 0.00023330154339215015
2095 0.0004584012679309848 0.00018426344151630832
2094 0.0002820947552594201 0.00019802530398319227
1503 0.00044853849302694377 0.00027248033232224516
1502 0.0005482606588882557 0.00020948545892916475
1481 0.002224003157496996 0.001987543455117763
0436 0.00038571327585517034 0.00013810809055061327
0415 0.0006708205514183704 0.00022924029232816379
0418 0.0005105470402453235 0.000203222519323131
0327 0.0005071230499144047 0.00018424206551511944
0304 0.0006185915979526027 0.00022735861032633715
0459 0.0005325716104090678 0.00017375368699342424
0370 0.0007519964114341966 0.00031682363445020904
1124 0.004510016918411203 0.004295513938103229
2092 0.00046577503441873336 0.0001495861954345089
0159 0.0003728582658356644 9.055612463819873e-05
0218 9.336144760593734e-05 0.00014567020337603358
0228 0.0004398886363542515 0.0003896356548006613
0389 0.0007405303977148956 0.000296225653127233
0328 0.0024616063652085503 0.0022278860502200517
1475 0.00043248064516973687 0.00017720682150475442
0212 0.0003620353052390486 0.00012947587971713813
2102 0.0009854026802030686 0.0008004704487188541
0070 0.0007821040612384142 0.0003155335904049081
0072 0.0006976860753109432 0.00026975741253823217
0073 0.0008095373752867905 0.0003756146769851297
0001 0.0009495883841035381 0.00044667305616590843
0066 0.0007537732723519355 0.0002969389813624843
0086 0.0007243780379372394 0.00027903068260468945
0067 0.0008197903989291784 0.00033489365219291237
0071 0.0009754155157773787 0.0004388240338169335
0068 0.0010143146790911517 0.0005840541705447064
0090 0.0005167599746830937 0.0002562405259530588
1137 0.00016130791630257496 0.00013810905312441887
0152 0.00024504312142637456 0.0003658214117210113
1135 0.00028768714434677955 9.038246085707e-05
0002 0.0004511465540265771 0.0002828635854990177
0150 0.000490348346198396 0.00028450440176528135
0171 0.0003654201165191886 0.00012624339822675583
0170 0.00052408923188565 0.0001729520524400533
1132 0.0016675649991842293 0.001514579194838557
0180 0.002153104322270906 0.0019814599165690356
0153 0.00017925851392535348 0.00013469935926627442
0160 0.0006209426936604433 0.0002216712803182208
0148 0.00019165605794081174 0.000120741697044524
1154 0.0006271919025984288 0.00022501389508494131
1122 0.00020262084364191775 0.00017701756506865657
1155 0.003624200843970629 0.0034175618742826597
1123 0.00027701168844367595 7.586803530759406e-05
0158 0.00027166291225059705 0.00019019852771044388
0149 0.002654475057409065 0.0024055754010196715
2089 0.0029109432824642443 0.002721543092469822
2104 0.000585950114983213 0.00020289957223759003
0157 0.004337696313238358 0.004125406102904954
1153 0.0003435781142943836 0.0001216781897588061
0178 0.003373786144439204 0.0031704346955726535
0154 0.0011455932581533512 0.001038406173151256
0176 0.000687312427799652 0.000509102190486578
0155 0.00037345994225546097 0.00012358640930541
1114 0.0006519872889674306 0.00031705276838733955
2086 0.00026004309098695837 0.00022978109956866023
1141 0.0013005906049102529 0.001172975246291339
0215 0.0025146876195143737 0.0022773871562924803
0230 0.0008397298838228955 0.0003708215698647262
0151 0.00017319371341552593 0.0001364228771143805
1477 0.0004203191458937925 0.00017820901731660624
0366 0.0005372252510330833 0.00017837369215486075
1134 0.0005376724522173171 0.00016836476402623993
0172 0.0014303133067729854 0.0014606150823478204
0329 0.000745738728440133 0.0003209188113643979
1509 0.0006412356889530673 0.0002538660954362881
2096 0.0002933774280104007 9.20710627125842e-05
1125 0.0013435951565528399 0.0011613255579865965
2097 0.0005065183822407734 0.00018305335975451087
1506 0.000548316936573426 0.00025328360432185236
0217 0.0002523267389794905 0.0001035347980126067
1497 0.0005458797297007428 0.00019241667176764436
0330 0.0003667917598652452 0.00014016957402159623
2085 0.0005194419720482072 0.00019215062334357303
0213 0.00022340154064314494 0.00011866158753937559
2091 0.000610764371952024 0.0003597809704839951
2087 0.0006575093463714982 0.00027234125184211547
1476 0.0005246702426650892 0.0003726399773154945
0211 0.0004031084298693994 0.0001967515570291943
1507 0.0004821356229847294 0.00015715950741237582
0156 0.000205173904655864 7.55883166874026e-05
0376 0.0003214843439890548 0.00010159371445692743
0394 0.00018625741553389346 6.482893795315697e-05
0462 0.000278032883441743 0.0001140729050492983
0447 0.0004347586780633746 0.00018146567913846016
0216 0.00018985193322948332 0.00012437851886655074
2090 0.0004067041870237088 0.0001475124948916037
0227 0.00018289697345655017 0.00013057589356535638
2088 0.0004375275095040183 0.00027140939743015423
2101 0.0011288433007331602 0.0009701001312183403
0214 0.00041218592357419913 0.00024468160970996406
0585 0.0008648632944393063 0.0004541077037803975
0229 0.0005961757762766511 0.0002029233245257318
2103 0.00030037401494090323 0.00019736904579068307
1495 0.0012593274826227156 0.0011097360074951745
1501 0.0003857804672163051 0.00019156862395319912
0222 0.0002521884552810471 0.00014197849081879635
1499 0.00035421981275997116 0.0001956058103656956
1500 0.0003581106566312056 0.0002557008005863242
2106 0.00019779416662432637 0.00016187093392786117
2083 0.0006969640033842241 0.0006475078332893981
2084 0.00015261849680225727 0.00016680731756203398
0209 0.0006441867780995607 0.0002194877239172722
2105 0.001155734710014647 0.0006611403057898951
0210 0.00047854390997792765 0.00023827131810464562
0232 0.00043519769425990636 0.00017513786306876268
0231 0.0007138426822295951 0.0002687386794037844
0004 0.0011420038639267467 0.0006825195811644846
0005 0.0011710118104100043 0.0005870983024551931
1376 0.001396568711213572 0.000872281353822154
1498 0.0006517437975382117 0.0002294822935688889
1351 0.00027484720138899954 0.0005850413993274277
0544 0.00042205980409501016 0.0006291319223010472
0518 0.0021628183438494853 0.0012768008894029454
0396 0.0006435421409482639 0.0003709403568962048
1513 0.00026844665605756096 0.00011582827697557328
1352 0.0005053987940883145 0.00016525706662158526
1496 0.00013634378041729235 0.00023996634303997293
0626 0.00016478805261093302 0.00018782025006592904
0311 0.00016105984357866506 0.00018518900008334234
0523 0.00022278508214099458 0.0001439523010319953
0198 0.001008065571948131 0.0004716570916226735
0312 0.00019314972865022652 0.00015741344272886054
0313 0.00019095150977768143 0.00012337613513844557
1353 0.0002169711527136978 0.0001948034253134546
0318 0.0018443510554079833 0.0014309188538919793
0310 0.0005023737526871619 0.0009856943966832506
0305 0.003147260995863994 0.0023018937117481857
0314 0.00037928667301348744 0.0001928576547478614
0307 0.0036937321655817253 0.002649682544455345
1490 0.0036426111458643354 0.0025070111569469207
0465 0.0023259339519643937 0.0018565681746081156
0486 0.004138365107316661 0.0028338147057997386
0438 0.00016378496502204536 0.00024454701391493075
0559 0.00025738710533433157 0.0002605454293194518
0475 0.00015851774926049694 0.00023849182690744613
0409 0.0001653205441306592 0.00044726355567221467
0503 0.0019437778891885729 0.0011815575526055674
0535 0.00028757539638700637 9.884120125833278e-05
0386 0.0012184986236232719 0.0006083588071299452
0398 0.00041383717756080483 0.00016997817490102364
1223 0.0012984476082201263 0.0007213402039525903
0591 0.0017283517483853619 0.0009204429078137645
0464 0.0013060537352051857 0.0019575393241864606
1143 0.0007438436271452461 0.00087188919498248
0466 0.001953906455369703 0.0010755361090164055
1142 0.00016617653484898308 0.00022761513645135658
0377 0.00035397151612660274 0.00012868642608813486
0525 0.0012870970839062741 0.0020387177430748267
0507 0.003698645049475538 0.0027671772382447685
1487 0.00515269095006026 0.006541074021071332
0315 0.0030727326481192496 0.0020799310620487105
1508 0.00042751959616769655 0.0001273347497633896
1474 0.006147350128085141 0.004487918356143091
1493 0.0017922349139928699 0.0009469600773479491
0306 4.707950063817258e-05 0.00014312366872523235
1505 0.0025301752627471617 0.002216544412259986
1471 0.000977658925864734 0.00042620604287345
1482 0.004047840763213993 0.003822381771196459
0625 0.0001699015231846193 0.00023514864482715534
1413 0.00019604200259721124 0.00047666531313608713
1473 0.0009233671749084305 0.001655779666451078
1511 0.0073023920430291605 0.005848257169664853
1146 0.002973679565756726 0.004173719945566769
0437 0.008228987029447429 0.006492277638125385
0404 0.004962979139841947 0.003460714782906337
0579 0.0017091805971664463 0.002616481019152934
0361 0.0034736464597411917 0.0030066676754629137
0369 0.004093227038771253 0.004918827255952419
0392 0.001180067882746016 0.0005694811391384757
0019 0.00115104301515715 0.0005332819704471259
0025 0.0010709200130651578 0.0004943131411364111
0441 0.0004742765646556991 0.00017027216200202522
0385 5.88617584281979e-05 0.00015681639349626275
0008 0.003285381499009767 0.0022176109644453886
0007 0.006503750126085793 0.007828655727255345
0593 0.0011105328274968376 0.0004865210261593441
0397 0.0012675227467253102 0.0006154326498121393
1415 0.00013549168291538506 0.0002736381832845666
0440 0.0007491385788762345 0.00027455666958183195
0372 0.00012960586599609664 0.0002993185946826342
0016 0.0008581452372874147 0.0003562553010200208
0014 0.0005350220517702024 0.00015875145187390984
0013 0.0075930520969701605 0.006078631487719833
0012 0.000650430747815544 0.000246083888563333
0009 0.0002926935292219373 0.00016992762831483107
0194 0.6783767269768465 0.6820119052376964
1470 3.87790376561088e-05 0.0002467718796625946
0499 0.0003475025074014272 0.0008299192652992514
1480 0.007013789897465755 0.005160993034299127
1479 0.004643010929898709 0.004053529130081126
1488 0.00019007006974270798 0.0005165434958293428
1412 0.00754969132924734 0.009356231155174333
1491 0.0006821871311987528 0.0013591929506254535
1465 0.0073103919738853615 0.006272065419643014
0501 0.010284562604457495 0.007990825519326346
0423 0.000192073178071621 0.00016918845446030334
0488 0.009929207062768092 0.008396453354011324
0473 0.0003302273119037552 0.00012739528938295245
0435 0.005353576703042275 0.003925226564093533
0355 0.013194172800596564 0.010843207534926885
0414 0.011873213572147462 0.009887937721850796
0566 0.003359712451515401 0.002153726181396728
0512 0.00034304248904161563 9.422335706981174e-05
0451 0.0006893331934702498 0.0002803664053777143
0550 0.015193644515946628 0.017046920908453802
0382 0.0024292232844598757 0.0028229134636102377
0402 0.0037246492455822113 0.002562449332534263
0371 7.155980608604097e-05 4.1469665325964636e-05
0454 0.00016892919169583586 0.00047254540962933175
0552 0.00010993825811481938 6.476892735230344e-05
0388 0.001724911259647025 0.0009147483814722872
1510 0.0010503158212570856 0.0010110876380554081
1416 0.017714265491665673 0.02017794248853621
0545 0.00025327249856898094 0.0007021311758839797
1414 0.009256776009513119 0.00736884546003369
1354 0.00971550399810123 0.010739589069053661
1469 0.0010845583794229189 0.0005334166968699084
1466 0.0014207947522841516 0.0006927755337146363
0580 0.01485910539987217 0.012095561870752355
0530 0.004135228668635269 0.005667253409047628
1478 0.015619604720325616 0.012787944186927285
1504 0.01447062849847756 0.012416787268463679
0482 0.0033779283518229814 0.004764384395083689
0239 0.01599974297040166 0.013820010487897747
0252 0.017087977455741327 0.014577438656892382
2113 0.00013749673473673939 0.0004546041514910476
0248 0.00015557418539368853 0.0005010737776449328
2126 0.05210401766816874 0.05554298860312043
2122 0.004697085444763253 0.003485460995954975
0332 0.0026288070279878607 0.002383583210377939
2117 0.00192251172175138 0.00104927537646293
0243 0.0025146205062538097 0.003277606684963779
0258 0.0071018868899344716 0.005198652089013385
0399 0.0011839162611189456 0.0007592658819954661
0333 0.00018754769934400343 0.0004919123978199295
1222 0.007505993449030514 0.0057416580723336835
0410 0.00037235159736926965 8.964584811139815e-05
0233 0.0007680230584640753 0.00027618760462046107
0234 0.0012191660835467228 0.0011086605521661579
0331 0.008194629223374012 0.00613720895289382
0407 0.008042007760395162 0.006054220016789655
0375 0.0012792391277468647 0.0008112635389416946
0584 0.0009724831950790124 0.0005212247590950221
0257 0.009369549689405706 0.007129361194762437
2107 0.010222461887292051 0.012135635153746943
0354 0.010710005322905274 0.008662256933081007
2108 0.0020456338697188744 0.0014342362471743537
0334 0.04488308653857679 0.04811276213265302
0335 0.0027434688187134935 0.0025247007535129998
2128 0.0007938452123687134 0.00027820833630428445
2121 0.00039189907304078666 0.00010407091046173984
0574 0.0004922868475380879 0.00013443064955544624
2132 0.001043614888671221 0.0004941054301923987
2131 0.0026491196986550467 0.0017677632624758994
0245 6.918658879353881e-05 0.00017908929058126107
2109 0.0017721643694198362 0.0012924462953527538
2119 0.0010686149592522664 0.0004373817669483209
0599 0.0026236961773125323 0.0015292554785879791
1112 0.0001766153334940234 0.0004848817510179164
2118 0.0059042944140820395 0.004173659061966271
2127 0.0003732812511969657 0.00013429132535588232
2114 0.0010143684714569745 0.0006653024771586974
2115 0.009690754364322509 0.007736045853946841
2123 0.0006774305696484484 0.00024288512724946872
2116 0.0003849552540486835 9.174860265966758e-05
2124 0.001694998068150414 0.0013360464581698957
0253 0.001395300880942602 0.002224416351555565
0247 0.01170797348901935 0.013748442010141259
0238 0.0009050730256110088 0.0006646553781579334
0235 7.55732874175524e-05 0.0003150583026016725
2130 0.007189862904407311 0.005252348227334055
0448 0.0020742920030541803 0.0013424282219981622
0254 0.0050766081269311685 0.003631045382902199
0256 0.00010923119031059259 0.0003834537108390162
0244 0.005949895475998766 0.004233967485967543
0237 0.0010345212844189008 0.0004186388633129562
0251 0.007351463185347069 0.005402510803337242
2120 0.00011954133438901602 0.00022545089436384758
0249 0.0016865737165588479 0.0008808302609261863
0242 0.0032310357710900635 0.004112487078282675
0240 0.00036291964457670734 9.242327501394703e-05
2111 0.00164413817202046 0.0008333654411354743
0554 0.0016303081239344827 0.0008433403481220592
0184 0.002495562781477195 0.0032569617812355316
0255 0.0022841944633751037 0.0013026314346870132
2112 0.002125369462876241 0.0011963386302892068
0236 0.007193025116218232 0.008708337933787016
0169 0.0007037971754551184 0.000275914947345687
2129 0.0020703368398168184 0.001348196088266415
0461 0.0006289623096239481 0.00018844152705781525
1166 0.001971464520319655 0.001080289038741194
0513 0.0018734038748779052 0.001010828193191163
0387 0.0026516235505720308 0.0015543657167469474
2125 0.0003454925036380306 0.00010804056833274926
0412 0.0018929104388111422 0.0010279567359602647
1164 0.00196208844094986 0.0010760494197661636
2110 0.002486826527212291 0.001832414215604069
0241 0.0028312707475516676 0.0039956780991280295
0250 0.0009906500762196955 0.00041364847310185714
1167 0.012880754831683593 0.010139162111013953
1165 0.0030183095528683334 0.002707487730977758
1148 0.009896164843840557 0.00879619827899056
1147 0.002272507448414799 0.0012854031911831009
1494 0.0009100490098545012 0.00037937292128429007
1467 0.05742088309729986 0.06084444703460079
1459 0.0015581791082300124 0.0009165745584940429
1468 0.0009872718237599232 0.0004831073141240549
0201 0.001582523892396272 0.0010029456943965323
0631 0.002645433927345183 0.001550139696922772
1453 0.002581518712222923 0.0015089661506199165
1472 0.004512804257629345 0.003101760242588651
1512 0.0003736537598337608 0.00014361509463956193
1454 0.005556368619975916 0.0038091415064128798
0259 0.005510429923454561 0.006982449878807952
0191 0.0015353424707667685 0.0013555159407967095
1462 0.002543086896560354 0.0038685058208094876
1461 0.02389988322685678 0.021249332730442543
1484 0.0068854502358379555 0.004934874545695868
1387 0.024637971542856418 0.0207191428225519
1456 0.0009223634578842123 0.000887999163396844
2151 0.008144477458086205 0.005989402318953091
0280 0.003872228617283193 0.003399621413984154
0261 0.003695183092445668 0.0052747194875219835
2146 0.0001692806886978675 0.0001531245568342029
0293 0.022052712613192527 0.01832179497833009
2133 0.07978119664330077 0.08370058939199658
0260 8.940799698491259e-05 0.00022882361988792784
0279 0.004088258486265849 0.002624090743539999
2145 0.027710457949033956 0.02484691112386484
0274 0.005504093542664003 0.007150421443892769
0292 0.008272402646784319 0.0060245734583564275
0273 0.006822970853444837 0.004812941425947544
1221 0.0003171792757368052 5.849536604540041e-05
2152 0.01248947533536418 0.009611810620842194
2156 0.0005923514609325086 0.0002124362835902406
2135 0.0018302934699905673 0.0008805662939483846
0263 0.001112302116626707 0.0009558375128554498
0268 0.008144724260052905 0.006067832803572242
2141 0.0011161584688665898 0.0009587298007071587
0264 0.0006234986958942136 0.00018833361654210543
2142 0.0011718372145756535 0.0010137967587360772
1152 0.008713029895633466 0.007306549481234011
0277 0.0020180358995944667 0.0015780145122797728
1151 0.0008224912223575564 0.00030803614916895576
0046 0.012209697030921998 0.014307561613879596
1150 0.002410256301782091 0.0018016343819738285
0285 0.0168127061599416 0.013859484333856302
0291 0.0023564207983372437 0.0017523127017929723
2139 0.000552873224329457 0.00018634710013928755
0045 0.010726353418645402 0.009167981134598279
0047 0.0066525469568931885 0.008457988671538892
0278 0.0008820622815921673 0.00039781330697539227
0286 0.0013336558676360453 0.000792685124974618
0267 7.177880139783106e-05 0.00025763387473816174
2157 0.011092218953013317 0.008393776094403031
0284 0.028978480778469505 0.031784798990467086
2136 0.0002737558301263863 0.0007067315322397848
1172 0.025787705104151883 0.02845022787398128
0275 0.0013333916087312657 0.0007914304018741184
0269 0.0013277285798365451 0.0007887083275691881
0287 0.0013426108452274754 0.0008031953460634205
2153 0.0035273215948982872 0.0024907562505682803
2159 0.00048291755042103836 0.0010590406381223757
1175 0.006996154251652883 0.004913534992404207
1174 0.0013303120502701621 0.0005400292536150149
1173 0.00074410274185379 0.000247680556930786
0283 0.019240691578798947 0.016058756128146966
0281 0.00016068771265667308 0.00011462525525997591
0272 0.0033795611677101332 0.0021207249342447563
0270 0.0019197281740828667 0.00101619112915896
2140 0.003383211949260036 0.0021190708187063226
2150 0.004642110859529402 0.0030499389003231284
2147 0.00030768870212224465 0.00039678068193901015
1178 0.003169438526217295 0.0019148957242160452
0262 0.00582335160657988 0.0040224503303106385
1179 0.003082081302868801 0.001845795831388113
0266 0.0008002428768582106 0.00031583801189081205
0290 0.001098554950434468 0.0004514176165488408
0183 0.020629663410459836 0.022899837052002846
2138 0.006634592326141289 0.007799224708443266
0168 0.0007645108471045867 0.00038189701805172474
0265 0.002636950920947728 0.0015603946178688645
2148 0.010332180575055349 0.007970258432982496
0288 0.0030502030844108616 0.002497698690488412
0289 0.00391643729343469 0.0024322317318960104
2154 0.01914447915134956 0.021342608433690326
2134 0.0005173298147540366 0.0004876033116781105
2149 0.008322240453643132 0.006041070771130588
2163 0.00048285890782948467 0.00016430695460039363
2143 0.0011625261588652114 0.0005521858480932656
2160 0.004190823729635368 0.003374741077491247
2162 0.0046606487648155415 0.003433753928247189
2144 0.005518574972389373 0.0065524756310876234
2265 0.004069410150913133 0.002533501483865804
2137 0.0003276813844565187 0.00011457695219808582
2158 0.0035383985884045338 0.004599951429372058
2155 0.002153084294784428 0.001144721930917539
2161 0.0016601144295635426 0.002377980911646364
0271 0.0022420725477205654 0.003074494046641237
0282 0.09063507911470026 0.08622802831799263
0174 0.0023217678658575395 0.0012522261260181264
0036 0.0018090130924098848 0.002827494945719779
0041 0.006216347773030688 0.004473264466638442
0031 0.004514225884276486 0.004068508056541437
0040 0.008753021648804192 0.010248850639292635
0038 0.014791973424072022 0.013427881583546466
1485 0.0033824080447015666 0.002056166867394773
1446 0.013607986466463173 0.01571079306741913
1447 0.0001626795132094604 0.00025717490643060846
1483 0.003615551266288257 0.0022217645715679473
1457 0.0041021523024223384 0.0026024782153471577
0200 0.10197578535136592 0.10490892645842215
0317 0.0003584718205335574 0.0007139634444646272
1489 0.031127918669372104 0.026701131787125226
0193 0.003606693382417274 0.002555658131381119
0294 0.03077734782340194 0.0265986505671747
1452 0.0005086015263257917 0.00026405791551681193
1486 0.013696483438681276 0.010592216508837411
1458 0.004937872827825946 0.004600167608488234
1932 0.014393120268039754 0.017052531577385004
1907 0.0003203172869608613 0.0006650217406819461
1966 0.026498404177259877 0.02396700260898599
1962 0.004932024333879029 0.003230750583378678
1936 0.0026647140601300003 0.001905467474278979
1942 0.00022112409983959292 0.0002950419474043584
1911 0.0005594228194559479 0.00020616863237810798
1938 0.014557622614616926 0.01156824344138921
1906 0.0032694827642121864 0.00190308450441897
2018 0.014866636256854047 0.015618020336588745
1937 0.003872234477562501 0.00239323431262729
1417 0.002772910680297286 0.0020852433271187584
2036 0.0030654631209604912 0.002521101696777322
2013 0.004127664821274375 0.002595631969270876
1961 0.0074315554827336094 0.00950950388727555
2014 0.000443217288128278 0.0002463748403459848
1418 0.0024145303528141644 0.001989775181925887
0182 0.002211232457900424 0.0020294334836043243
0167 0.003837553978278294 0.0023593810214261003
1931 0.004009888857252059 0.0024876391432802725
2040 0.007082730379380893 0.005030304421186194
1220 0.0026512041909139777 0.0031489650315236536
1451 0.0037270520515152693 0.002268386954780012
1450 0.0037473314513953543 0.002292173863105669
1449 0.0037613296362310794 0.0023060325777583437
1434 0.007860602479542062 0.008102448869439192
0190 0.0036571097234125377 0.0037546209531977605
0295 0.0032080190824050597 0.004229447513015008
1445 0.000999619540123902 0.00041367770244776775
1463 0.003697076733941421 0.0022587633351619616
0112 0.00374380886671401 0.0023039497495107677
0055 0.0046703644346388325 0.005335787960388581
0056 0.0036065515471169047 0.002206896434275624
1111 0.02258713133763664 0.023456811889328293
0208 0.01974693387702682 0.02270311691222874
0110 0.014124542948871603 0.013074809167252854
0109 0.03628295848221347 0.03200286385365851
0187 0.00038270440070797704 0.0007516050190766881
0296 0.0036495375503674387 0.002226962428774214
1428 0.004272793229337178 0.002728228096578763
0197 0.060432564565007896 0.06174840531736997
1440 0.0016851870688202168 0.0016166349405947172
1443 0.0006947297066114719 0.0014207382930109212
1432 0.001227996655867279 0.0014209984977638724
1438 0.09881255280533921 0.10134195738028028
1444 0.003318609407401738 0.0020452438200325774
0181 0.0007453639345130864 0.00039612221082804236
0166 0.003281081977399406 0.0020071120464027507
1437 0.0008839671534072357 0.0009456300569556306
1425 0.0017570795384712718 0.002051348240668348
1436 0.0010317239193042 0.0007463233188266564
1424 0.006716366268578775 0.007182560630685276
1439 0.0021677318468431347 0.002062468368576631
0297 0.0028940351609083714 0.001805744813216617
1464 0.006204107442604975 0.005113521320098128
0192 0.00035080755780326773 0.0001226032358919864
1442 0.0001976748906025082 0.00045426526910222935
1435 0.00042134625363290023 0.00016473030652443052
1448 0.00019106607922970796 0.0004774522336372322
0202 0.003018921550808371 0.0018720030611111519
0207 0.0006972972268621569 0.0007189429497064066
0298 0.002753698574409063 0.001713651165470621
1110 0.0005957752518597321 0.00080179635677227
0205 0.003136905294071413 0.002023884442017547
0204 0.0011351170310024822 0.0010952806284387114
0206 0.002508356164665656 0.004178189611104707
0203 0.0016382015603578126 0.0016435446911147581
0188 0.0007667137974961258 0.0006071727386817162
1427 0.004074639619217194 0.007332461226101564
0299 0.00786805429041719 0.009917207946231382
1429 0.05836912724799556 0.06106704397936408
0195 0.001374245249018376 0.0010465482213534646
1421 0.0006405674785257773 0.0011145285969063963
1422 0.0015319552002078004 0.0011616761271904938
1426 0.005987942563108888 0.004547460096403696
1420 0.0002981410745563398 0.0002390507930669755
1419 0.00037308127474277133 0.00034339167839871976
1423 0.003033406939831718 0.0020087421460158175
1375 0.16172640972579244 0.16098609481525397
1430 0.002910908455808615 0.002010807620514927
1441 0.16049821969096897 0.16143857981538867
1433 0.003214752952776581 0.0022551596437211893
1431 0.0036457916765072003 0.0025887383878601283
0063 0.15142039244353248 0.15292277201945975
1455 0.00505351617099014 0.00379291803257529
1460 0.0032527898153059437 0.0024555521645034644
0064 0.0037124811982062345 0.0027687986263848774
0114 0.1574553831494836 0.16185096587550976
0186  
0300  
0199  
0301  
0189  
1108  
0302  
0196  
0185  
1107  
0303  
