0226 0.00021412648025850766 0.0006102922651341168
0219 0.00014612319401110849 0.0009736132578740913
2100 0.00046931549688109984 0.0003259066631420435
2093 0.00031865906827348257 0.0006696352116478935
0325 0.00029350770744836923 0.00032920294926791694
0326 0.00045359398718956324 0.0005696427873156959
0224 0.0002357204395034452 0.0005337715737961011
1492 0.0003491004712693536 0.0004038070472433261
0225 0.000385782407597473 0.0008712394638418768
0221 0.0002020640154579899 0.0008006007810209258
2099 0.0006935804045584266 0.0006625814774452656
2098 0.0004054034899583058 0.0003494570524380858
0220 0.00025085228696899374 0.00048610384454355357
2095 0.0004989266719694882 0.000451599632053456
2094 0.0002467767971992179 0.0003996364063355674
1503 0.0004421885558607609 0.0004949451475667268
1502 0.0006339660090544079 0.00033475957082114606
1481 0.002142595252220794 0.0009981736834259985
0436 0.00038412609278020766 0.0002701783587556675
0415 0.0007693527811437033 0.0001702744996477747
0418 0.0005802719135974517 0.00034103871408246427
0327 0.0005566366089696342 0.0004051730308884956
0304 0.0007052740490862564 0.00025163801219119065
0459 0.0006122170503527063 0.0002728150770684871
0370 0.0008863774031932633 0.00019982465518688896
1124 0.004628668113843869 0.003062809621383499
2092 0.0005290663474748386 0.0003440563634867345
0159 0.0002984297503792189 5.034236575556066e-05
0218 7.791030202406636e-05 2.5975948829217193e-05
0228 0.0003953377846716012 0.0007922188071500528
0389 0.0008826480941806857 0.00019257447771129152
0328 0.0023861797965091525 0.0011447955047652809
1475 0.00041139309323013284 0.00025766529904503734
0212 0.0003058661053040005 0.00017816869837322566
2102 0.0009236414443794642 0.0005505190587835209
0070 0.0009478909838939117 0.0001233124719726146
0072 0.0008462439239349815 0.00016548760978781388
0073 0.0009620885190406732 0.0002523668204484771
0001 0.000929141028145492 0.00011561209189522811
0066 0.001127392545340703 0.00014113846226131163
0086 0.0009303336549652669 0.00012208041468705243
0067 0.0008889219832345586 0.00013550592160807448
0071 0.0010061294031469938 9.768480109764527e-05
0068 0.0011907697025619172 7.911053410218222e-05
0090 0.0011188813116163238 0.00036832911506797937
1137 0.0004930314443844046 0.00015252308869084943
0152 0.00033498192194748763 0.0009001138817877078
1135 0.00013453503804372016 0.0005129328621186847
0002 0.00016744358438030448 0.00019835475278637334
0150 0.0003303494195330127 0.0005794305044770549
0171 0.00046031723097503913 0.000516992422966698
0170 0.0005022049968856916 0.0004029679022553509
1132 0.0004198530811211528 0.00048642628215286946
0180 0.0006269888389959839 0.00027264833421256773
0153 0.0015917597236507375 0.0007973581876848174
0160 0.0020974774303876968 0.0010673814346365313
0148 0.00014788427177907354 0.0004697497382830174
1154 0.0007415130028255533 0.0002122475920016587
1122 0.00017908047583742334 0.0007480233123549645
1155 0.0007486863074182955 0.00020948899250185763
1123 0.0001792259940445459 0.0009073246268036855
0158 0.0036712186224540162 0.0022374796019309627
0149 0.0003035064729142668 0.00041231662604684384
2089 0.0002347385216108116 0.00038529021911519473
2104 0.0025825079399494195 0.0012458289027339295
0157 0.002908670715069943 0.0016456559508585514
1153 0.0007038274597300998 0.00023581385102105164
0178 0.004442746003075996 0.0029022635470322715
0154 0.0002828203429274212 0.0001637036326438379
0176 0.0034045964701157586 0.0020162305572413186
0155 0.0010624841001280786 0.0006769392040326586
1114 0.000934716954933493 0.000606005099903887
2086 0.00031095845073225226 0.00015932675832944598
1141 0.0007186185924035549 0.0004016893890744687
0215 0.00024361307002475038 0.00048070142546387517
0230 0.001215391979217178 0.0006902573280939816
0151 0.0002476021097904948 0.00043272452027068797
1477 0.0024392344527213857 0.0011734659404724753
0366 0.0009962633618689723 0.00016809255102503103
1134 0.00014190636228217406 0.000480558314760397
0172 0.003711262523346823 0.002300749991973257
0329 0.0004015199755863945 0.00026594951179986206
1509 0.0006127773036328163 0.00023291563619652752
2096 0.0006205561146015651 0.00018488829043441696
1125 0.0014351417350698858 0.0014920063672794403
2097 0.0008794601545872852 0.00019675573413315643
1506 0.0007420643746617454 0.00025910998608481367
0217 0.00031844484680496553 0.0005609998116439984
1497 0.0012553340014101384 0.000682220302534014
0330 0.0005550164522949039 0.00041750583118452657
2085 0.0005351130488506821 0.0005119452386673864
0213 0.00024694235279438365 0.0007237531475160054
2091 0.0006189304871019021 0.00030352281571048047
2087 0.00037547817598100917 0.0005497757583915181
1476 0.0005687688399099665 0.0003923906800951514
0211 0.0002043050683829698 0.0008658011071136975
1507 0.0006232662099278183 0.00037107646046454526
0156 0.00035981006658926845 8.519913528131147e-05
0376 0.0007454481446792905 0.0002758304465528088
0394 0.0004983264141708243 0.0005245164870668674
0462 0.0003387772558343045 0.0002880856356157481
0447 0.0005358740061244889 0.0003215223671811572
0216 0.00019331963446364792 0.00045354384307307657
2090 0.0003127026416684125 0.00027542661229812534
0227 0.00019797607763906365 0.0007248525371379014
2088 0.0002351559739973599 0.00028138712446170914
2101 0.00048167977764347733 0.0003924342548212321
0214 0.0001555235800871746 0.0004320377526934321
0585 0.0003963253158907091 0.00027021626234061
0229 0.00016680257427525202 0.0008283827518381178
2103 0.0004280676333284282 0.0004895509373432561
1495 0.001046046775611371 0.0006590186593134638
1501 0.0004065317867012234 0.0005244681269655644
0222 0.0009274895914188383 0.00031917539759939974
1499 0.0006450610853904218 0.00022736716621357778
1500 0.00026729056183648407 0.0004495134747148151
2106 0.0011658355166527254 0.0007211209052595355
2083 0.0003247645610736069 0.00027814257811855096
2084 0.00020935830670406848 0.0003970405073522451
0209 0.0003119311172101133 0.00031581290943788747
2105 0.0003274539254833172 0.0007178075395424595
0210 0.0001647706790384202 0.000521290360583766
0232 0.0006319238542468342 0.0008119847200813742
0231 0.0001324716424354935 0.0011300275875086553
0004 0.0007153213110518676 9.047666828104856e-05
0005 0.0013408010420001624 9.28978719976827e-05
1376 0.0005151537500985186 0.0003553248793952353
1498 0.00040788363583951786 0.0003661660737339163
1351 0.000895737819925518 0.00022201844231601914
0544 0.001280494244538681 0.00013693313497973594
0518 0.0014552441922989197 8.413666274729995e-05
0396 0.0016138539754563658 9.402593943736253e-05
1513 0.0007779520755043357 0.00018178489820083228
1352 0.00031496374757267393 0.002839481788359262
1496 0.00044683198278233155 0.002534542377009732
0626 0.0026029029775004593 0.00044035265493601815
0311 0.0006808553386272194 0.00030754598417793175
0523 0.0002528138023586791 0.0004128942624166189
0198 0.0006095770099187641 0.00029223908777481635
0312 0.00013244987200313016 0.0016392022856552303
0313 0.0001542758658376262 0.0013471653583650815
1353 0.00015340259544408046 0.0013070003035614522
0318 0.00023075164556154846 0.001029057842868394
0310 0.0012014565793561727 0.0001675791373673892
0305 0.0001872957212361157 0.0011293506482087246
0314 0.00019978384302974208 0.0010300236242247315
0307 0.0002413590159140387 0.0012184867052612912
1490 0.001962537351015507 0.0003673497877086312
0465 0.0005966176279540028 0.0037190495252191064
0486 0.0037363370364610475 0.0006340164845290385
0438 0.00032679895891423626 0.00031079622008694553
0559 0.0044865873764361845 0.0008856536245216011
0475 0.004556728041621794 0.0009332127844849159
0409 0.0024977121244423206 0.0005632933778053632
0503 0.005191550408074664 0.0012690384744171287
0535 0.000138085795903647 0.0013073562896017935
0386 0.0002458151729753269 0.0007521742211368962
0398 0.00014763743452049898 0.0009987987850362302
1223 0.00015978496470910443 0.002348963355966088
0591 0.002381248209997877 0.0001866024993122754
0464 0.00029749066728811005 0.0005128672626453025
1143 0.0015782667649811759 0.00028792739222681607
0466 0.0003547144865268581 0.000211129309252793
1142 0.001721188670311276 0.0005381505674547797
0377 0.002012757943255968 0.0002931634896960481
0525 0.0016050622913878624 0.00603757454076231
0507 0.0007652444425882125 0.0021838788860015497
1487 0.0023186837823108075 0.000333914451360186
0315 0.0001557904791733726 0.0014896890157677927
1508 0.00038854236287717283 0.0005817575344177388
1474 0.0015599101376252782 0.0061660866704646485
1493 0.004427010401785974 0.0009202626062517239
0306 0.0063525972462289545 0.01433643633416534
1505 0.003819502846246686 0.0006104791298689686
1471 0.0003717889153018562 0.00015904124703586516
1482 0.00784370203732423 0.0027119322827222478
0625 0.002147384934881555 0.00035553236736133236
1413 2.788839420504231e-05 0.0004475839227675024
1473 0.0025482551840746086 0.0010046809366193676
1511 0.0012352090757422375 0.00017964065402117812
1146 0.00410512991892053 0.0025678033674071603
0437 0.0001655161312401753 0.0009318193031742854
0404 0.0002393766871181426 0.001868521180450846
0579 0.001146982141884906 0.005196761927238987
0361 0.009139482071994868 0.003464007962882886
0369 0.003721044877432947 0.010263296044058767
0392 0.010484772473981958 0.004195828491550201
0019 0.006377823707500201 0.002029505758353959
0025 0.002093142640902122 0.007333379781522299
0441 0.003670921998603291 0.0013837054196981164
0385 0.005013124496948415 0.010560015234085205
0008 0.0014627709881144717 7.31784021165783e-05
0007 0.0014527765574247867 5.995719434947203e-05
0593 0.0013059729702101365 9.848614106355354e-05
0397 0.0004258469127339887 0.00015720332534082865
1415 3.267003658556055e-05 0.0005060421440850159
0440 0.004190715196004437 0.0007409832122464965
0372 0.008047537773165707 0.016077822579939047
0016 0.001370876284960804 8.900731509372e-05
0014 0.0015633881496351894 0.0001441154426417298
0013 0.0001286474763494593 0.0019144032141338175
0012 0.00093172815752636 4.46403780672881e-05
0009 0.00012980069838990449 0.0020419237745587376
0194 0.001074476117144227 0.00012719759807186813
1470 0.0004836479087025807 0.0001085142019749419
0499 0.00944016470946788 0.003596829357841019
1480 0.000601207506008175 0.0001233348937384386
1479 0.0002594495715379456 0.00042167307758270015
1488 0.6808924628934039 0.6829093359238434
1412 1.9759797040839e-05 0.0004645355981101302
1491 0.0004013109199817999 0.003321276521141311
1465 0.009002576997807384 0.003994089087930877
0501 0.005125412495813516 0.0022513904085731517
0423 0.00021504439465151902 0.0022035238589019107
0488 0.009393788905175513 0.01914618198492819
0473 0.0008298136048864209 0.004510398618511537
0435 0.00864467032951921 0.003941509454257632
0355 0.013418075111960779 0.0064735383097333865
0414 0.00018461084547351938 0.0006494308785028071
0566 0.012250862008280223 0.005810506595705442
0512 0.00029653081884662634 0.0002963155378270092
0451 0.0067836790694681915 0.0018966085829514006
0550 0.017003106566831745 0.008425291143639723
0382 0.015088655723539244 0.007342523743432584
0402 0.004124938688585724 0.0012965288837657098
0371 0.00039877767638320406 0.0005475331656010728
0454 0.0007180381975351397 0.000162840445020152
0552 0.018728365609680338 0.02980688650063983
0388 0.0028631969044276766 0.005741069778735793
1510 0.004647898650356779 0.0008903688562843068
1416 0.00011773714628868238 4.440232327337004e-05
0545 0.0001852347553599804 0.0021302528151673486
1414 0.0001988879263339252 5.8247944518767865e-05
1354 0.0022011347152115675 0.000106636591956794
1469 0.0009593030379898948 0.00104052154875826
1466 0.022000690650022976 0.03557436973503146
0580 0.0003184214892905606 0.002902235233060793
0530 0.011694261080246373 0.004769141155168056
1478 0.011789863047805738 0.018464013770148845
1504 0.0013608821276647131 7.721699972385474e-05
0482 0.0018214137902436223 0.00010463220812654318
0239 0.01961625436549422 0.010282686576028571
0252 0.0052236749001004805 0.012987803094214162
2113 0.020509241014560985 0.010918653998609152
0248 0.018286404309212283 0.009931675651890272
2126 0.004328713431232532 0.011537545269415896
2122 0.020222894650417267 0.011437449582784918
0332 0.02184148858605578 0.012046127287993475
2117 0.00015617073537215148 0.0020861495780550676
0243 0.0001699167173238241 0.0021529126804542983
0258 0.06335846480847876 0.08330609351208146
0399 0.005884842732713444 0.0015161146912258052
0333 0.0025872008744599697 0.0012774447465488659
1222 0.0024989814528726018 0.0001477395997567453
0410 0.0031022162504158093 0.007992243547975333
0233 0.009256937057772535 0.004137826187372718
0234 0.0014981164377785123 0.00039211400166708915
0331 0.00020053777377590455 0.0023248727184890495
0407 0.009559764697183793 0.0033589927901778007
0375 0.0004835805610441125 0.0005140445445024719
0584 0.0010310245103118808 0.0001252403462280869
0257 0.0011520689453063061 0.0006400661634559458
2107 0.010415062867326139 0.004908016979515724
0354 0.010530031225962641 0.00401127095428046
2108 0.0015870060621254636 0.0004364581915473976
0334 0.0010924278724447714 0.0002794941300081671
0335 0.012270545939226789 0.006051172703511837
2128 0.012783781364089471 0.023439454421539267
2121 0.013638851817156385 0.006056110385853539
0574 0.002357192982436422 0.0002506739947516489
2132 0.05513844823291937 0.07364502418905568
2131 0.0027129565124740036 0.0014911560057681039
0245 0.0010205167011850668 0.00010148268493419488
2109 0.00045016066548549734 0.0001165312789763846
2119 0.0006346537298131612 0.0003525499453800693
0599 0.001286976653628686 0.0001005216532075733
1112 0.0034399435572982054 0.001180484985975505
2118 6.499922665837347e-05 0.0015184862390073299
2127 0.0019832798539833503 0.0002594279878012502
2114 0.0013681661758698869 6.600205853497516e-05
2115 0.0034279388313019953 0.0004966202936251467
2123 0.0001905015675266007 0.002781598840897613
2116 0.00778975602277766 0.0024963401429662826
2124 0.0004230764104975305 0.0005201205195850911
0253 0.0011340921617788836 8.411554735370532e-05
0247 0.012497194253358013 0.005310046616277041
0238 0.00080087188235378 4.83794865937939e-05
0235 0.0004123820385791121 0.00010820428055178043
2130 0.0017851695634849808 0.00038320946041498616
0448 0.0017292504696663487 0.006758695058289414
0254 0.014536001394335536 0.025784873694213943
0256 0.0009333392312058155 0.00018667899271967552
0244 6.400172472177063e-05 0.001971654882926976
0237 0.00953947912143455 0.003923689852774638
0251 0.002549154478033673 0.00018884712721528566
2120 0.006491795660357971 0.001681235560588018
0249 0.00011450564551355106 0.0024725619449772734
0242 0.007884987038907292 0.0026141056372986156
0240 0.001351924273221617 3.230376095140208e-05
2111 0.009642427402373891 0.004000226487467545
0554 0.00010245645170815624 0.0018041639390582282
0184 0.00220070232442885 0.00011414764739067144
0255 0.004001075519553068 0.009468458662595495
2112 0.0004209465427306527 0.00013812187880066318
0236 0.00213421797328677 0.00024342825715900558
0169 0.002114905815663707 0.00010043983276779907
2129 0.003096699032542949 0.007968571878128957
0461 0.0028918616246125595 0.0005558815171357031
1166 0.0027264291579628427 0.00017724334695611984
0513 0.008972541215213441 0.01769421414573488
0387 0.0008973905154696768 0.0001328987389099358
2125 0.0025125641794814008 0.00019981436235833687
0412 0.0008400956029320901 0.0001726432023279857
1164 0.002554420210276233 0.00014755078465241366
2110 0.0023712703188587497 0.00034895271847307837
0241 0.0035328779723427404 0.0005432680420230243
0250 0.00040128916922981634 0.00045557745000492393
1167 0.0024405293061817426 0.0001267906107379654
1165 0.002538851417871726 0.00014895461284380898
1148 0.002924956586002734 0.00046327613186710224
1147 0.0035684537322930913 0.010119022970917407
1494 0.0012324027816010355 0.00011164684614550602
1467 0.017397795456419285 0.008770018852423076
1459 0.0030962514111954696 0.0015282431466717022
1468 0.011730314152673182 0.006709536785911407
0201 0.002997008051046126 0.00021620947687770074
0631 0.0011206908118222248 0.0002721411175801094
1453 0.0701194904859045 0.0899705835514759
1472 0.0020044625627775063 0.00043871108817882275
1512 0.001171452988438018 0.0001505442668356613
1454 0.00198638027916359 0.0004955305824357125
0259 0.003527653010088637 0.0003260091262556056
0191 0.0034030998137003963 0.0002912427286668248
1462 0.00624471069576575 0.001971478707793025
1461 0.00044884805223623575 0.0006811869991039869
1484 0.007470666997408177 0.0020776124605679756
1387 0.007104346914370572 0.014928781944147247
1456 0.001473059876143907 0.000740320025973213
2151 0.003235938379860354 0.01037529699927469
0280 0.03040380175205374 0.019923785068403865
0261 0.009425965831181526 0.0030985319463106733
2146 0.03256909083497886 0.0183600818183242
0293 0.0008821802337816913 0.0008810944705196812
2133 0.011061411054231144 0.004076823420229085
0260 0.005400954765236742 0.002126574294237424
0279 0.004664657239604361 0.01302476719278368
2145 0.00024794931235496434 0.0013636754959710947
0274 0.029664160762399455 0.01621999133408854
0292 0.09787339120332535 0.11933270318057589
0273 0.0001021498665025515 0.0018295836254838976
1221 0.005537740962902188 0.0008836354511002017
2152 0.035132669279491206 0.023760625546831896
2156 0.007055941443861228 0.015788543954231002
2135 0.011533363497843068 0.0041005471636318585
0263 0.009448963049687757 0.0029170673920476415
0268 0.0004889946145432045 0.000516999642546037
2141 0.017120402230346214 0.0072841795169327804
0264 0.0008522543876709702 0.0001321683571747158
2142 0.0026150421611940444 0.000132331552001156
1152 0.0010563785261302164 0.0005514893435265482
0277 0.010843785580551848 0.0036106644722194658
1151 0.0010606447418559468 0.000552349698557889
0046 0.0009360753062236105 0.0001574550201865754
1150 0.0011060435616417942 0.0005735202603265785
0285 0.0108407336311126 0.005304377392757253
0291 0.002303062954082318 0.0006511775651121123
2139 0.0012743197363673509 0.000152213739446234
0045 0.015448365092520336 0.026363120123202008
0047 0.002862327014717061 0.0006357889361890078
0278 0.022162907225223467 0.0112713597387302
0286 0.002799594668485213 0.0006197849546619557
0267 0.0009891366561590132 0.00016233025121708584
2157 0.013246231150306112 0.007018587910296906
0284 0.00852404924328079 0.017946338045328653
2136 0.0012581056565298314 0.00014546557083621657
1172 0.001846142041386368 0.0002729476148429559
0275 6.457181260218932e-05 0.002243538019427827
0269 0.015198558369645471 0.00603731756669731
0287 0.03614428978989457 0.05093137449621656
2153 0.0003342454783841375 0.0035076648434621827
2159 0.032234537844205956 0.04622255146250678
1175 0.0018322162085944035 0.00027602899949315187
1174 0.001824325134618563 0.0002752996545256611
1173 0.0018571451953909902 0.00027888563998948126
0283 0.004437435364086414 0.0008883290034209323
0281 0.0005889950444541913 0.004383145715718469
0272 0.0096465882315308 0.0027630856814850908
0270 0.001948996503233157 3.777073872061388e-05
2140 0.0011091481392134085 0.000230692635333316
2150 0.025461186401767352 0.013631143377470891
2147 0.00021959172694668844 0.0014847510277865435
1178 0.004376549264240162 0.0005886141807947934
0262 0.002733132982459742 0.00017543902103935645
1179 0.004395689042181246 0.0005800910857441022
0266 0.006495131522774055 0.0014644771875846172
0290 0.00027930888896929236 0.0011406186306622784
0183 0.0042609647329251155 0.00045981380770037305
2138 0.008037002835344293 0.00227399976453657
0168 0.004147785527705137 0.00042322708003728423
0265 0.0011587262128510978 8.393916875254449e-05
2148 0.0014335331416599456 0.00021594086089842326
0288 0.025724109630485225 0.037699046260171905
0289 0.008251855715286862 0.014489890862760995
2154 0.0008717177830811332 0.00028913607700169317
2134 0.003776499587799224 0.0005167403364628529
2149 0.013679730224980834 0.005271177932417231
2163 0.0034937885591424726 0.0013117214228891736
2143 0.005295658921607006 0.0008147962269076213
2160 0.02398817740262272 0.035596154676749946
2162 0.00044172153097339113 0.0007027618361420449
2144 0.011238773557826072 0.003656291914516346
2265 0.0008719798997966359 0.0005596987396408784
2137 0.0017014617745724821 0.00012357764462393432
2158 0.004947944501863739 0.0017516155042168278
2155 0.005936922452533221 0.0015673793241616685
2161 0.0068182999760687925 0.012537286502497448
0271 0.005706602804324788 0.0009143662922726355
0282 0.0003806266279059639 0.0005585530577271237
0174 0.00469494196047538 0.010205914246940563
0036 0.0031914785039627233 0.00021549050757319467
0041 0.0020809906249073984 0.006208352960269721
0031 0.0028360794737073538 0.00746480767168165
0040 0.17717953122692776 0.15869140500255566
0038 0.0033527218747054677 0.0002503695405332495
1485 0.002381096086998977 0.008134648133456043
1446 0.008625283445410702 0.0027939598920781925
1447 0.005064585119942553 0.0032235738296593785
1483 0.011062886476406027 0.018935209777388308
1457 0.01784323575774405 0.012341746231995111
0200 0.0045706925013599 0.0005052881710029385
0317 0.017288927304865406 0.027892246652713337
1489 0.00015104297244488747 0.0016661304713987317
0193 0.0048949607178936675 0.0005792805885243613
0294 0.005551915503324075 0.0007947803791971159
1452 0.12252818719123616 0.13802690400701867
1486 0.0004184643279413323 0.0027169141316176725
1458 0.04162680795687164 0.02496842293801829
1932 0.004553976831127947 0.0011996232616447607
1907 0.04032203258534523 0.024596823513506217
1966 0.0008440816833237974 0.0010414532505858226
1962 0.018654378125563035 0.007481758383116995
1936 0.006785706299957916 0.0032262406615160702
1942 0.01878392460732417 0.03166959855033749
1911 0.00037403104072022915 0.003577175298718003
1938 0.033634316535252645 0.02448544582202266
1906 0.00685414752478209 0.0012403322378637396
2018 0.0031967008889675357 0.0009587171718176994
1937 0.00020601916072375553 0.0012615442992129442
1417 0.010343412260857223 0.005142053783766472
2036 0.0007178010720812692 0.0009396894462508556
2013 0.019460360671044345 0.008622566341879332
1961 0.005064846835121089 0.0005443470016451147
2014 0.01738253739316039 0.020436903561518695
1418 0.0017441393221636283 0.00027249981248335885
0182 0.0052791196633947225 0.0006556251083579301
0167 0.004608207786291177 0.0004478567406880936
1931 0.003930515714274652 0.000960498188107886
2040 0.003988699401255837 0.0013549977234648114
1220 0.005605542605300981 0.0007622203881310673
1451 0.009642008508039214 0.02009820523577882
1450 0.0007350595462750117 0.0013641044259090772
1449 0.0031900091370959736 0.0010617687383792159
1434 0.0023240106386856452 0.001960979993176276
0190 0.005226068115962454 0.0006408589617693429
0295 0.005487113412086009 0.0007059413297061227
1445 0.010137053941167491 0.0026729936549909506
1463 0.0029808662289237064 0.004618749436434501
0112 0.00511356701753698 0.0006152939806989171
0055 0.005110985313406286 0.0006294429095986541
0056 0.005116636506274957 0.0006338005776924362
1111 0.014436038103876121 0.010616019743588733
0208 0.00433932715199515 0.002876667613127848
0110 0.004089401878426333 0.0077745014798456785
0109 0.0016572042754290565 0.0001350420101776155
0187 0.005025249614361163 0.0006154134581016207
0296 0.005103464550382305 0.0006841038438535525
1428 0.00642261088194898 0.006064798381526739
0197 0.0048762706290247995 0.0006420654618552405
1440 0.02607144799374862 0.027295708602042154
1443 0.025963413601400503 0.03752881560821466
1432 0.017563188654552114 0.01642297566459423
1438 0.04752461290683272 0.032831455537103954
1444 0.00046883670113350936 0.003651591539016276
0181 0.005036576299763256 0.0007288664659157384
0166 0.005900195211402811 0.001042352674635569
1437 0.07072781954041525 0.0717054374476575
1425 0.0017539305302170767 0.0012901328902825155
1436 0.0008783496889567476 0.005349948637437471
1424 0.00192312562314673 0.0018893980626859604
1439 0.11945271367827015 0.122914135335248
0297 0.004453415851773722 0.0007059868862650969
1464 0.0008853066368267378 0.000788704646949896
0192 0.004426089318176173 0.0007200383657003498
1442 0.0010965693139946982 0.0010794865111255951
1435 0.0016966223577082127 0.0023691664138879745
1448 0.0013011772695891485 0.0005794771742952295
0202 0.006731747934799253 0.007180243070687326
0207 0.0023502210776413187 0.0015965106899566307
0298 0.003738186948651153 0.0007175035436201797
1110 0.005610254810187834 0.002673922272654936
0205 0.000596407223985975 0.00017023221766572977
0204 0.00018442533958910987 0.0009154419450806741
0206 0.0006906511004147071 0.0001314911190970043
0203 0.0001889269379809334 0.0009643680250139986
0188 0.004003941749287983 0.0007739106727918031
1427 0.000723904282432511 0.0009648218989171803
0299 0.003614698618398915 0.0007243196004512283
1429 0.0006891717052254605 0.0021881502104676475
0195 0.004128993074241441 0.001045533212384835
1421 0.0012700099521467008 0.0011142912204675814
1422 0.0022675004585485884 0.01181480556481094
1426 0.03671596137899621 0.03537415425378254
1420 0.0013831694395694872 0.0030717230276369563
1419 0.0038263157581261364 0.021020843828246056
1423 0.0008464980671905807 0.0010616717239208663
1375 0.0034071829085012173 0.02254892187658468
1430 0.010739846810139054 0.0167012403037551
1441 0.07132981304611759 0.07274105293331143
1433 0.0016525216452371115 0.001321827327458903
1431 0.0006890788035095131 0.0029525366112624985
0063 0.00419858720807072 0.0011211412662270135
1455 0.002575461858608357 0.0012701323325643422
1460 0.007588551215341311 0.0035637675721700195
0064 0.0002647387362330056 0.00017599581132875017
0114 0.000403834651848199 0.00037702879701303826
0186 0.003956088275020384 0.001216105602462533
0300 0.3083882406214802 0.30649578210211015
0199 0.0036597694151217744 0.0014146329932527852
0301 0.30489990742349593 0.30855092487769264
0189 0.004206418411311787 0.001901749490865882
1108 0.004884409306273507 0.0023265738016767976
0302 0.28792521020530754 0.2926037875446418
0196 0.007589234325599734 0.004792312205236774
0185 0.004070144454762129 0.0026519942030412773
1107 0.004934413682320878 0.003244576037888734
0303 0.27833069977913216 0.28809689481870837
