0226 0.00021412648025850766 0.00011840030013001579
0219 0.00014612319401110849 9.925925927245755e-05
2100 0.00046931549688109984 9.001765297499698e-05
2093 0.00031865906827348257 0.00010860783374070907
0325 0.00029350770744836923 0.00015368313606684708
0326 0.00045359398718956324 0.0002237290517635006
0224 0.0002357204395034452 9.396740223718562e-05
1492 0.0003491004712693536 0.00041496679937026585
0225 0.000385782407597473 0.00039390257014302135
0221 0.0002020640154579899 6.902905413541386e-05
2099 0.0006935804045584266 0.0005421865486477213
2098 0.0004054034899583058 7.427105221961885e-05
0220 0.00025085228696899374 0.0004339657802178476
2095 0.0004989266719694882 0.00011086518769213849
2094 0.0002467767971992179 0.00034856062720645565
1503 0.0004421885558607609 0.00019779868405947566
1502 0.0006339660090544079 0.0001317241401961618
1481 0.002142595252220794 0.0017314003825857588
0436 0.00038412609278020766 0.00012590766739363311
0415 0.0007693527811437033 0.00015247133850333089
0418 0.0005802719135974517 0.0001242769593574417
0327 0.0005566366089696342 0.00011729113730748516
0304 0.0007052740490862564 0.0001403308007994088
0459 0.0006122170503527063 0.00011044313155253834
0370 0.0008863774031932633 0.00022178488383842374
1124 0.004628668113843869 0.004145579618525922
2092 0.0005290663474748386 8.540320221098816e-05
0159 0.0002984297503792189 8.398499396211013e-05
0218 7.791030202406636e-05 0.00018181133400300793
0228 0.0003953377846716012 0.0003726760805358353
0389 0.0008826480941806857 0.0002148023927910623
0328 0.0023861797965091525 0.0019676989213711594
1475 0.00041139309323013284 0.0003215190978427643
0212 0.0003058661053040005 0.0002324929556414404
2102 0.0009236414443794642 0.0006505393187361486
0070 0.0009478909838939117 0.0002290509868048875
0072 0.0008462439239349815 0.00018979908696094635
0073 0.0009620885190406732 0.00028440185311921957
0001 0.000929141028145492 0.00021548804684725647
0066 0.001127392545340703 0.0003418803506109699
0086 0.0009303336549652669 0.0002177003491591538
0067 0.0008889219832345586 0.0001990648731380675
0071 0.0010061294031469938 0.0002508376249948107
0068 0.0011907697025619172 0.00034785351922625305
0090 0.0011188813116163238 0.0004367722156810799
1137 0.0004930314443844046 0.0002130096651485998
0152 0.00033498192194748763 0.00036491584096757124
1135 0.00013453503804372016 0.0002540051892827086
0002 0.00016744358438030448 0.0004780381477328496
0150 0.0003303494195330127 5.2013540228562966e-05
0171 0.00046031723097503913 0.0004133359196646422
0170 0.0005022049968856916 0.00019980323634613488
1132 0.0004198530811211528 8.081703808367472e-05
0180 0.0006269888389959839 0.00010514920399207282
0153 0.0015917597236507375 0.0013210318103460757
0160 0.0020974774303876968 0.0017664339872183077
0148 0.00014788427177907354 0.00024168583330176602
1154 0.0007415130028255533 0.00014332774570371222
1122 0.00017908047583742334 0.00011972294506522274
1155 0.0007486863074182955 0.00014601846198825284
1123 0.0001792259940445459 0.00020359913611938993
0158 0.0036712186224540162 0.0032245280528520894
0149 0.0003035064729142668 5.95688364385707e-05
2089 0.0002347385216108116 0.00033425677997629607
2104 0.0025825079399494195 0.002133759767120443
0157 0.002908670715069943 0.002513176399532311
1153 0.0007038274597300998 0.00012906111160350124
0178 0.004442746003075996 0.003967464038492794
0154 0.0002828203429274212 0.00021298257102488944
0176 0.0034045964701157586 0.0029708373679223064
0155 0.0010624841001280786 0.0009012744180924477
1114 0.000934716954933493 0.0006169929224061714
2086 0.00031095845073225226 0.00021140085699694735
1141 0.0007186185924035549 0.0003479891982764904
0215 0.00024361307002475038 0.0004284229947717147
0230 0.001215391979217178 0.0010115728418264506
0151 0.0002476021097904948 0.00038582142964166876
1477 0.0024392344527213857 0.0020136230585865405
0366 0.0009962633618689723 0.0002723995607903381
1134 0.00014190636228217406 0.00024584552280839403
0172 0.003711262523346823 0.0032725496435280603
0329 0.0004015199755863945 0.00033031306886202615
1509 0.0006127773036328163 0.00012349430336891086
2096 0.0006205561146015651 0.00010030754587492144
1125 0.0014351417350698858 0.0014944763873534319
2097 0.0008794601545872852 0.00022338926939917641
1506 0.0007420643746617454 0.0001685780511623909
0217 0.00031844484680496553 6.638566096366194e-05
1497 0.0012553340014101384 0.0009747578091268957
0330 0.0005550164522949039 0.00011642417129578503
2085 0.0005351130488506821 0.0001776622082569814
0213 0.00024694235279438365 0.00010273684088449096
2091 0.0006189304871019021 0.0001178218376490001
2087 0.00037547817598100917 0.00010752206951326082
1476 0.0005687688399099665 0.00012253069875299834
0211 0.0002043050683829698 0.00014336568307557696
1507 0.0006232662099278183 0.00025088085025371947
0156 0.00035981006658926845 0.00013540048199949315
0376 0.0007454481446792905 0.00017758640002523432
0394 0.0004983264141708243 0.00029243630232824087
0462 0.0003387772558343045 0.0002429823711992881
0447 0.0005358740061244889 0.00010096073020553532
0216 0.00019331963446364792 0.00010468479102311641
2090 0.0003127026416684125 9.129260004513206e-05
0227 0.00019797607763906365 5.276274353429654e-05
2088 0.0002351559739973599 0.00014522048804046042
2101 0.00048167977764347733 0.00010757095126564754
0214 0.0001555235800871746 0.0002171949235930189
0585 0.0003963253158907091 0.00013053987193594355
0229 0.00016680257427525202 0.00014230826978870514
2103 0.0004280676333284282 0.000198629968671774
1495 0.001046046775611371 0.0008136865446885791
1501 0.0004065317867012234 0.00017873328309392326
0222 0.0009274895914188383 0.0003165610336012306
1499 0.0006450610853904218 0.00012947799985989095
1500 0.00026729056183648407 0.00032447079683209324
2106 0.0011658355166527254 0.0009431508270867975
2083 0.0003247645610736069 0.0003193427695863014
2084 0.00020935830670406848 0.00022413224128407878
0209 0.0003119311172101133 0.00035179429623919474
2105 0.0003274539254833172 0.00022023922234903922
0210 0.0001647706790384202 0.0002938967601571369
0232 0.0006319238542468342 0.0006041648489952137
0231 0.0001324716424354935 0.00023498220786253153
0004 0.0007153213110518676 0.00013428749273443382
0005 0.0013408010420001624 0.000534074946516489
1376 0.0005151537500985186 0.00015464648923012574
1498 0.00040788363583951786 0.00015681027173993804
1351 0.000895737819925518 0.0002233386233705388
0544 0.001280494244538681 0.0005397555386293363
0518 0.0014552441922989197 0.0005096022356872257
0396 0.0016138539754563658 0.000742910336725658
1513 0.0007779520755043357 0.00015003021368720711
1352 0.00031496374757267393 0.0009781596662592929
1496 0.00044683198278233155 0.0009300881844254067
0626 0.0026029029775004593 0.0012441668864283653
0311 0.0006808553386272194 0.00026231706747539916
0523 0.0002528138023586791 0.000153358848388243
0198 0.0006095770099187641 0.00010024519695362965
0312 0.00013244987200313016 0.0004246074929940148
0313 0.0001542758658376262 0.00030406518746524006
1353 0.00015340259544408046 0.00031221227123805694
0318 0.00023075164556154846 0.00019983775214016972
0310 0.0012014565793561727 0.0003849552858908118
0305 0.0001872957212361157 0.00023873743388235714
0314 0.00019978384302974208 0.00017965823427994976
0307 0.0002413590159140387 0.0002986488765339097
1490 0.001962537351015507 0.0012387301609901662
0465 0.0005966176279540028 0.0015657709864291447
0486 0.0037363370364610475 0.0022776798052551155
0438 0.00032679895891423626 0.00030659843247179866
0559 0.0044865873764361845 0.00271731316523145
0475 0.004556728041621794 0.002654244135055982
0409 0.0024977121244423206 0.001663275131321804
0503 0.005191550408074664 0.0030507288699646836
0535 0.000138085795903647 0.0004186481199612771
0386 0.0002458151729753269 0.00047019958653310163
0398 0.00014763743452049898 0.0004315214680295549
1223 0.00015978496470910443 0.0007295042654554038
0591 0.002381248209997877 0.0011240993943765064
0464 0.00029749066728811005 0.00010104933069478094
1143 0.0015782667649811759 0.0006028454552199193
0466 0.0003547144865268581 0.0002304006531925636
1142 0.001721188670311276 0.00079454158303052
0377 0.002012757943255968 0.0008276878151631298
0525 0.0016050622913878624 0.0028903822998868575
0507 0.0007652444425882125 0.0011119581301170165
1487 0.0023186837823108075 0.00099584903105669
0315 0.0001557904791733726 0.00037717852529311005
1508 0.00038854236287717283 8.745591801491621e-05
1474 0.0015599101376252782 0.0029988175948863966
1493 0.004427010401785974 0.0028102080332847914
0306 0.0063525972462289545 0.008937303087766982
1505 0.003819502846246686 0.0021474688074033625
1471 0.0003717889153018562 0.0001736333793724358
1482 0.00784370203732423 0.005089126164634218
0625 0.002147384934881555 0.0008840464292144527
1413 2.788839420504231e-05 0.00030983196990098314
1473 0.0025482551840746086 0.0019690129957225977
1511 0.0012352090757422375 0.00037204446218714975
1146 0.00410512991892053 0.003621580985183929
0437 0.0001655161312401753 0.0004271213590600417
0404 0.0002393766871181426 0.0008584446391657944
0579 0.001146982141884906 0.0025277848996279185
0361 0.009139482071994868 0.0065739578729479544
0369 0.003721044877432947 0.005935709236177575
0392 0.010484772473981958 0.007483092431108771
0019 0.006377823707500201 0.003899454950081624
0025 0.002093142640902122 0.0037762866276740627
0441 0.003670921998603291 0.0027971155331759203
0385 0.005013124496948415 0.006698817428910389
0008 0.0014627709881144717 0.0004829050262855488
0007 0.0014527765574247867 0.00046090742980422193
0593 0.0013059729702101365 0.0004051676700699513
0397 0.0004258469127339887 0.00017412197881043953
1415 3.267003658556055e-05 0.0003303019379216269
0440 0.004190715196004437 0.002377392789198921
0372 0.008047537773165707 0.010595610166402595
0016 0.001370876284960804 0.000420208345719717
0014 0.0015633881496351894 0.0005463958126601684
0013 0.0001286474763494593 0.00047027092684729743
0012 0.00093172815752636 0.00020844584963670382
0009 0.00012980069838990449 0.0005218047089549455
0194 0.001074476117144227 0.00027855418330503096
1470 0.0004836479087025807 0.00012461072867372492
0499 0.00944016470946788 0.00679016940712533
1480 0.000601207506008175 0.00018723284450395563
1479 0.0002594495715379456 0.0003055184496775501
1488 0.6808924628934039 0.6832952598588954
1412 1.9759797040839e-05 0.0005139471858833784
1491 0.0004013109199817999 0.001320097350744033
1465 0.009002576997807384 0.005979316977501878
0501 0.005125412495813516 0.003992126750604365
0423 0.00021504439465151902 0.000866752724454087
0488 0.009393788905175513 0.012696831671599658
0473 0.0008298136048864209 0.00208181052570505
0435 0.00864467032951921 0.006705875603648047
0355 0.013418075111960779 0.0095818967064522
0414 0.00018461084547351938 0.0003077921617673566
0566 0.012250862008280223 0.009473181460861962
0512 0.00029653081884662634 0.0001835327942704287
0451 0.0067836790694681915 0.004350527797639303
0550 0.017003106566831745 0.01293460149070775
0382 0.015088655723539244 0.0115771379564842
0402 0.004124938688585724 0.002246728198871669
0371 0.00039877767638320406 7.597839046427374e-05
0454 0.0007180381975351397 0.0002387300535399095
0552 0.018728365609680338 0.022319941679941942
0388 0.0028631969044276766 0.003769535209347499
1510 0.004647898650356779 0.002695268168021528
1416 0.00011773714628868238 4.53373214731121e-05
0545 0.0001852347553599804 0.0008027215845911553
1414 0.0001988879263339252 6.0417522783618405e-05
1354 0.0022011347152115675 0.0008766828405028421
1469 0.0009593030379898948 0.0009590356149830352
1466 0.022000690650022976 0.026570416069719903
0580 0.0003184214892905606 0.0011981799588310722
0530 0.011694261080246373 0.00842965692205602
1478 0.011789863047805738 0.013964144275216962
1504 0.0013608821276647131 0.00045255352345878447
0482 0.0018214137902436223 0.0006484978419798161
0239 0.01961625436549422 0.014868854716055743
0252 0.0052236749001004805 0.007992962020173609
2113 0.020509241014560985 0.015654500599939964
0248 0.018286404309212283 0.014580537333607814
2126 0.004328713431232532 0.006867318112557044
2122 0.020222894650417267 0.016293078841578032
0332 0.02184148858605578 0.01740559819804013
2117 0.00015617073537215148 0.0008159404142376863
0243 0.0001699167173238241 0.0008569213973995692
0258 0.06335846480847876 0.06991470217702547
0399 0.005884842732713444 0.0037741324560786518
0333 0.0025872008744599697 0.0021195156746950886
1222 0.0024989814528726018 0.0010498957144687163
0410 0.0031022162504158093 0.004635767255930479
0233 0.009256937057772535 0.00610627083688401
0234 0.0014981164377785123 0.0007953662455007002
0331 0.00020053777377590455 0.0008458284963462498
0407 0.009559764697183793 0.0065401457584103925
0375 0.0004835805610441125 7.277769806367667e-05
0584 0.0010310245103118808 0.0002646058823466618
0257 0.0011520689453063061 0.0009577863022066009
2107 0.010415062867326139 0.007058937491247387
0354 0.010530031225962641 0.007155960939617605
2108 0.0015870060621254636 0.0008304331249613885
0334 0.0010924278724447714 0.0004711403058141757
0335 0.012270545939226789 0.008553296239558722
2128 0.012783781364089471 0.016361185659326434
2121 0.013638851817156385 0.010077933538450509
0574 0.002357192982436422 0.0012999750246335423
2132 0.05513844823291937 0.061322678745698606
2131 0.0027129565124740036 0.0022797584331006467
0245 0.0010205167011850668 0.00020682176669507124
2109 0.00045016066548549734 7.962502682187507e-05
2119 0.0006346537298131612 9.249505751688282e-05
0599 0.001286976653628686 0.00039854998096747847
1112 0.0034399435572982054 0.001903757337896464
2118 6.499922665837347e-05 0.0003327787199428547
2127 0.0019832798539833503 0.0011370875245394992
2114 0.0013681661758698869 0.0003859520422321284
2115 0.0034279388313019953 0.0016353097344356125
2123 0.0001905015675266007 0.0008332580170986213
2116 0.00778975602277766 0.004878397527741298
2124 0.0004230764104975305 8.222291064274638e-05
0253 0.0011340921617788836 0.0005308407782856955
0247 0.012497194253358013 0.009083042942856594
0238 0.00080087188235378 0.00016758585290741536
0235 0.0004123820385791121 5.438689136368431e-05
2130 0.0017851695634849808 0.0011427084492830787
0448 0.0017292504696663487 0.003297781167618974
0254 0.014536001394335536 0.01833065296697621
0256 0.0009333392312058155 0.0005193525360396907
0244 6.400172472177063e-05 0.0005494642447662238
0237 0.00953947912143455 0.0062860730553684855
0251 0.002549154478033673 0.0012883341153199078
2120 0.006491795660357971 0.004032099965937093
0249 0.00011450564551355106 0.0006810335177288209
0242 0.007884987038907292 0.004977390490652359
0240 0.001351924273221617 0.00037152549007355134
2111 0.009642427402373891 0.006386326014475021
0554 0.00010245645170815624 0.0003835715695983939
0184 0.00220070232442885 0.000863552587326577
0255 0.004001075519553068 0.005752232936191683
2112 0.0004209465427306527 6.31483693882456e-05
0236 0.00213421797328677 0.0008348865753822138
0169 0.002114905815663707 0.0008124410101424659
2129 0.003096699032542949 0.004631065686525073
0461 0.0028918616246125595 0.0013378856670739465
1166 0.0027264291579628427 0.0011941865696016277
0513 0.008972541215213441 0.011858023887157478
0387 0.0008973905154696768 0.0002617809078552452
2125 0.0025125641794814008 0.0012773202699381601
0412 0.0008400956029320901 0.00015627292673285712
1164 0.002554420210276233 0.001080207449188671
2110 0.0023712703188587497 0.001008224979341669
0241 0.0035328779723427404 0.0017052697024575504
0250 0.00040128916922981634 5.525869980652684e-05
1167 0.0024405293061817426 0.0010113613918280473
1165 0.002538851417871726 0.0010732732176698748
1148 0.002924956586002734 0.0017563058266367375
1147 0.0035684537322930913 0.005740567884693931
1494 0.0012324027816010355 0.00035634568705741453
1467 0.017397795456419285 0.012703636781133686
1459 0.0030962514111954696 0.0024780604991519015
1468 0.011730314152673182 0.009599125334971
0201 0.002997008051046126 0.0013360933148221141
0631 0.0011206908118222248 0.00032088596320400226
1453 0.0701194904859045 0.07677787987542024
1472 0.0020044625627775063 0.0009677427371523567
1512 0.001171452988438018 0.0003624925874276651
1454 0.00198638027916359 0.0010161635040444475
0259 0.003527653010088637 0.0016651405510280392
0191 0.0034030998137003963 0.0015882224610761738
1462 0.00624471069576575 0.003762804979569975
1461 0.00044884805223623575 0.0001612779634446182
1484 0.007470666997408177 0.0044803955286221555
1387 0.007104346914370572 0.00992809141413251
1456 0.001473059876143907 0.0011454300920233805
2151 0.003235938379860354 0.0056642617848136
0280 0.03040380175205374 0.025503422950426707
0261 0.009425965831181526 0.005978400457053065
2146 0.03256909083497886 0.025781164899161723
0293 0.0008821802337816913 0.0008535195109670825
2133 0.011061411054231144 0.007288743166323303
0260 0.005400954765236742 0.0041413929496494275
0279 0.004664657239604361 0.007534102387850988
2145 0.00024794931235496434 0.00025773941585669705
0274 0.029664160762399455 0.023137144990769545
0292 0.09787339120332535 0.10562191932024399
0273 0.0001021498665025515 0.0003842603217578317
1221 0.005537740962902188 0.0030001735415216505
2152 0.035132669279491206 0.029847096953347228
2156 0.007055941443861228 0.010140389427733319
2135 0.011533363497843068 0.007575451268212967
0263 0.009448963049687757 0.00591896130444353
0268 0.0004889946145432045 5.537480071024815e-05
2141 0.017120402230346214 0.012114045850345239
0264 0.0008522543876709702 0.00018621448810958498
2142 0.0026150421611940444 0.0009897602823398237
1152 0.0010563785261302164 0.0007970638883235381
0277 0.010843785580551848 0.007218717479636409
1151 0.0010606447418559468 0.0007992174462431398
0046 0.0009360753062236105 0.00017514590503410701
1150 0.0011060435616417942 0.0008437429254021749
0285 0.0108407336311126 0.008217741482504481
0291 0.002303062954082318 0.0014646182742889093
2139 0.0012743197363673509 0.00035643821116767486
0045 0.015448365092520336 0.019433711780847997
0047 0.002862327014717061 0.0017346852248203077
0278 0.022162907225223467 0.016961106317097966
0286 0.002799594668485213 0.001681373945849566
0267 0.0009891366561590132 0.00023565746549134603
2157 0.013246231150306112 0.010342100104633815
0284 0.00852404924328079 0.011890883268818687
2136 0.0012581056565298314 0.0004134845724239118
1172 0.001846142041386368 0.0008663424110595303
0275 6.457181260218932e-05 0.0004448209193024796
0269 0.015198558369645471 0.010504313679803057
0287 0.03614428978989457 0.04156271826474493
2153 0.0003342454783841375 0.0012051601443276647
2159 0.032234537844205956 0.037384104161087034
1175 0.0018322162085944035 0.0008563422868607213
1174 0.001824325134618563 0.0008531781645905026
1173 0.0018571451953909902 0.0008784055308314271
0283 0.004437435364086414 0.002598813747019686
0281 0.0005889950444541913 0.0017053508452749627
0272 0.0096465882315308 0.006025253215650764
0270 0.001948996503233157 0.0005811308611336912
2140 0.0011091481392134085 0.0002586078819243748
2150 0.025461186401767352 0.019844022151967636
2147 0.00021959172694668844 0.00019475286603248397
1178 0.004376549264240162 0.0022466309896846557
0262 0.002733132982459742 0.0011344707299070663
1179 0.004395689042181246 0.0022532383682692643
0266 0.006495131522774055 0.0036890502710114014
0290 0.00027930888896929236 0.0005295502806307792
0183 0.0042609647329251155 0.0021040487466337113
2138 0.008037002835344293 0.0048862503394059755
0168 0.004147785527705137 0.002021454993464844
0265 0.0011587262128510978 0.0003037231514453372
2148 0.0014335331416599456 0.00038426429664727493
0288 0.025724109630485225 0.030166117649148737
0289 0.008251855715286862 0.010619227249088878
2154 0.0008717177830811332 0.00026381316216052736
2134 0.003776499587799224 0.0018587084869577484
2149 0.013679730224980834 0.00956831156015946
2163 0.0034937885591424726 0.0024300723208032496
2143 0.005295658921607006 0.002770278778981735
2160 0.02398817740262272 0.028297028116012535
2162 0.00044172153097339113 0.0004591278273613666
2144 0.011238773557826072 0.0073198194186819415
2265 0.0008719798997966359 0.00012883244338811466
2137 0.0017014617745724821 0.0006160366046181265
2158 0.004947944501863739 0.003422752526416647
2155 0.005936922452533221 0.003745614804514805
2161 0.0068182999760687925 0.008938985230441935
0271 0.005706602804324788 0.0030352815859725694
0282 0.0003806266279059639 6.57550630797625e-05
0174 0.00469494196047538 0.006790222409963726
0036 0.0031914785039627233 0.001375444337979076
0041 0.0020809906249073984 0.0035225768644598357
0031 0.0028360794737073538 0.004497513033574247
0040 0.17717953122692776 0.16800512606921747
0038 0.0033527218747054677 0.0014662643749566264
1485 0.002381096086998977 0.004326898903405901
1446 0.008625283445410702 0.0054775279944551825
1447 0.005064585119942553 0.004115294522178957
1483 0.011062886476406027 0.014036969431679728
1457 0.01784323575774405 0.015121522913141613
0200 0.0045706925013599 0.0022771963736665083
0317 0.017288927304865406 0.02135264646044595
1489 0.00015104297244488747 0.0004094838405074973
0193 0.0048949607178936675 0.002477180058504165
0294 0.005551915503324075 0.002945332773858352
1452 0.12252818719123616 0.1290336700631277
1486 0.0004184643279413323 0.0011671962811996962
1458 0.04162680795687164 0.033791676785352824
1932 0.004553976831127947 0.0026478835168072925
1907 0.04032203258534523 0.03290673610527839
1966 0.0008440816833237974 0.0003801185361677939
1962 0.018654378125563035 0.013199364433130734
1936 0.006785706299957916 0.005621746233477896
1942 0.01878392460732417 0.023782708853088766
1911 0.00037403104072022915 0.0010061341933822322
1938 0.033634316535252645 0.028768317583988526
1906 0.00685414752478209 0.0038450786339716244
2018 0.0031967008889675357 0.001840841191244947
1937 0.00020601916072375553 0.0004238278093539015
1417 0.010343412260857223 0.007632028287905834
2036 0.0007178010720812692 0.00018363840336512157
2013 0.019460360671044345 0.014190883870422152
1961 0.005064846835121089 0.0025424319058813915
2014 0.01738253739316039 0.019318627795839073
1418 0.0017441393221636283 0.00044489429186168476
0182 0.0052791196633947225 0.0026979789866634313
0167 0.004608207786291177 0.002221721636392598
1931 0.003930515714274652 0.0024860740701994964
2040 0.003988699401255837 0.0027867304163081024
1220 0.005605542605300981 0.002931593016655907
1451 0.009642008508039214 0.013502837166380724
1450 0.0007350595462750117 0.0003595800063425689
1449 0.0031900091370959736 0.002206202014334837
1434 0.0023240106386856452 0.0019443565600937081
0190 0.005226068115962454 0.0026383463394551547
0295 0.005487113412086009 0.002816397791608657
1445 0.010137053941167491 0.006381485779699157
1463 0.0029808662289237064 0.004144466166736646
0112 0.00511356701753698 0.002543666251811908
0055 0.005110985313406286 0.002551680243398835
0056 0.005116636506274957 0.0025588601515181956
1111 0.014436038103876121 0.013885178510839456
0208 0.00433932715199515 0.003996146024157064
0110 0.004089401878426333 0.006174928698547137
0109 0.0016572042754290565 0.0005196497272154607
0187 0.005025249614361163 0.002496026528291577
0296 0.005103464550382305 0.0025600341919948086
1428 0.00642261088194898 0.006823754479592071
0197 0.0048762706290247995 0.0024076025414839857
1440 0.02607144799374862 0.028504072614673064
1443 0.025963413601400503 0.03168701282051635
1432 0.017563188654552114 0.015184154664125819
1438 0.04752461290683272 0.039670644036805036
1444 0.00046883670113350936 0.001166684785857714
0181 0.005036576299763256 0.0024915371031935915
0166 0.005900195211402811 0.0031430635766627017
1437 0.07072781954041525 0.07456944441546302
1425 0.0017539305302170767 0.001533967806508516
1436 0.0008783496889567476 0.0022500472610491287
1424 0.00192312562314673 0.0020673282685391876
1439 0.11945271367827015 0.12585273110394699
0297 0.004453415851773722 0.002186441892982231
1464 0.0008853066368267378 0.00032134589685290136
0192 0.004426089318176173 0.002147982472967256
1442 0.0010965693139946982 0.0011245249561326483
1435 0.0016966223577082127 0.0019701626480594352
1448 0.0013011772695891485 0.000768412948451434
0202 0.006731747934799253 0.008022320527044685
0207 0.0023502210776413187 0.0020397367794902505
0298 0.003738186948651153 0.001811603123175929
1110 0.005610254810187834 0.0036493126794721093
0205 0.000596407223985975 0.00014755246924255398
0204 0.00018442533958910987 0.0007517014940546802
0206 0.0006906511004147071 0.0001898123420714963
0203 0.0001889269379809334 0.0008093069762841414
0188 0.004003941749287983 0.0019434855070306763
1427 0.000723904282432511 0.0007438274463879319
0299 0.003614698618398915 0.0017386981059283404
1429 0.0006891717052254605 0.001104978523249854
0195 0.004128993074241441 0.0021115328551949584
1421 0.0012700099521467008 0.0011733946029030638
1422 0.0022675004585485884 0.004265174142557127
1426 0.03671596137899621 0.03177711524576314
1420 0.0013831694395694872 0.0013978159669915493
1419 0.0038263157581261364 0.008213487307372664
1423 0.0008464980671905807 0.0006396565590698123
1375 0.0034071829085012173 0.007963940859040973
1430 0.010739846810139054 0.01477874030891221
1441 0.07132981304611759 0.07769695223060846
1433 0.0016525216452371115 0.0010190152060307674
1431 0.0006890788035095131 0.0015974934720416893
0063 0.00419858720807072 0.0021808859836985953
1455 0.002575461858608357 0.0018268409330729977
1460 0.007588551215341311 0.004876783195094655
0064 0.0002647387362330056 0.00022860056047083419
0114 0.000403834651848199 0.00042361859330249097
0186 0.003956088275020384 0.002077136026349842
0300 0.3083882406214802 0.3070263164750518
0199 0.0036597694151217744 0.002009852434344017
0301 0.30489990742349593 0.307059736703302
0189 0.004206418411311787 0.002389917597732057
1108 0.004884409306273507 0.0028754495856035786
0302 0.28792521020530754 0.29122714641548564
0196 0.007589234325599734 0.00509907948387984
0185 0.004070144454762129 0.0025209252429259517
1107 0.004934413682320878 0.0030879930262610643
0303 0.27833069977913216 0.28730574033893563
