0226 0.00021412648025850766 6.886711690272443e-05
0219 0.00014612319401110849 6.835875609475688e-05
2100 0.00046931549688109984 0.00010855384170767757
2093 0.00031865906827348257 0.00010134932958234658
0325 0.00029350770744836923 0.0001016595150138567
0326 0.00045359398718956324 0.0002263675870382612
0224 0.0002357204395034452 5.916124767065261e-05
1492 0.0003491004712693536 0.00029669309344218406
0225 0.000385782407597473 0.00038070633596082906
0221 0.0002020640154579899 5.38708771365691e-05
2099 0.0006935804045584266 0.0005428185045121817
2098 0.0004054034899583058 8.323493074872734e-05
0220 0.00025085228696899374 0.00029010489926866546
2095 0.0004989266719694882 0.0001385497202004729
2094 0.0002467767971992179 0.0002268172542267867
1503 0.0004421885558607609 0.0002055149000375528
1502 0.0006339660090544079 0.00018583942648515904
1481 0.002142595252220794 0.0017528947375496438
0436 0.00038412609278020766 0.0001130182935377701
0415 0.0007693527811437033 0.00024165360575279906
0418 0.0005802719135974517 0.00016472110349048723
0327 0.0005566366089696342 0.00015780903134243038
0304 0.0007052740490862564 0.0002124466271175641
0459 0.0006122170503527063 0.00016750846376578497
0370 0.0008863774031932633 0.00031113604444493894
1124 0.004628668113843869 0.0041587213685316685
2092 0.0005290663474748386 0.0001295098467716503
0159 0.0002984297503792189 8.625020716227077e-05
0218 7.791030202406636e-05 5.790880576677876e-05
0228 0.0003953377846716012 0.00036239880524946194
0389 0.0008826480941806857 0.00031238070700456526
0328 0.0023861797965091525 0.0019885892323115257
1475 0.00041139309323013284 0.000284603578940562
0212 0.0003058661053040005 0.00019606265612137782
2102 0.0009236414443794642 0.0006624289132016055
0070 0.0009478909838939117 0.00034033774676140143
0072 0.0008462439239349815 0.0002877986747930136
0073 0.0009620885190406732 0.0003917265687342427
0001 0.000929141028145492 0.00032715192402010286
0066 0.001127392545340703 0.0004684934596159599
0086 0.0009303336549652669 0.00033093059584983513
0067 0.0008889219832345586 0.00030621125805724037
0071 0.0010061294031469938 0.0003717983780915859
0068 0.0011907697025619172 0.0004886251004525924
0090 0.0011188813116163238 0.000543666320985443
1137 0.0004930314443844046 0.00017397063922673265
0152 0.00033498192194748763 0.0003501085075700624
1135 0.00013453503804372016 0.00013592864201050672
0002 0.00016744358438030448 0.0002701097909670478
0150 0.0003303494195330127 6.700867264980422e-05
0171 0.00046031723097503913 0.0003227963809676823
0170 0.0005022049968856916 0.00021579688132805655
1132 0.0004198530811211528 0.00011253257605642724
0180 0.0006269888389959839 0.00017495672005724642
0153 0.0015917597236507375 0.0013329416304411112
0160 0.0020974774303876968 0.0017797625492044675
0148 0.00014788427177907354 0.00012679110586593268
1154 0.0007415130028255533 0.00022827269062108228
1122 0.00017908047583742334 0.00010517897970926338
1155 0.0007486863074182955 0.0002318685280340465
1123 0.0001792259940445459 0.0001831157843088795
0158 0.0036712186224540162 0.003238545124946706
0149 0.0003035064729142668 6.22008662993786e-05
2089 0.0002347385216108116 0.00021544130523181844
2104 0.0025825079399494195 0.0021564565465050536
0157 0.002908670715069943 0.0025267175790327054
1153 0.0007038274597300998 0.00020888666297039934
0178 0.004442746003075996 0.0039806871191806524
0154 0.0002828203429274212 0.00017796364967317168
0176 0.0034045964701157586 0.002984988355005307
0155 0.0010624841001280786 0.0009076256966693955
1114 0.000934716954933493 0.0006669590155608863
2086 0.00031095845073225226 0.0001780385657655919
1141 0.0007186185924035549 0.0003720537986340841
0215 0.00024361307002475038 0.00028540337644458757
0230 0.001215391979217178 0.0010203158595291973
0151 0.0002476021097904948 0.00025391689636256314
1477 0.0024392344527213857 0.0020349237207749494
0366 0.0009962633618689723 0.0003737547890247513
1134 0.00014190636228217406 0.00012950851314404036
0172 0.003711262523346823 0.0032856973843002394
0329 0.0004015199755863945 0.00029168392000586033
1509 0.0006127773036328163 0.00018141796575368277
2096 0.0006205561146015651 0.00017087471317251194
1125 0.0014351417350698858 0.0013956517922466927
2097 0.0008794601545872852 0.00030718311665614177
1506 0.0007420643746617454 0.0002383972425525363
0217 0.00031844484680496553 7.026649758195068e-05
1497 0.0012553340014101384 0.000987821149824373
0330 0.0005550164522949039 0.00015577119513277268
2085 0.0005351130488506821 0.00018841816633918094
0213 0.00024694235279438365 7.608633087961599e-05
2091 0.0006189304871019021 0.00017512773222464858
2087 0.00037547817598100917 0.00010490265654110185
1476 0.0005687688399099665 0.00016480520800875333
0211 0.0002043050683829698 9.526615171863824e-05
1507 0.0006232662099278183 0.00027432009913276725
0156 0.00035981006658926845 0.00011753792264221112
0376 0.0007454481446792905 0.00024340071073005874
0394 0.0004983264141708243 0.0002959784717817987
0462 0.0003387772558343045 0.00016727766766600323
0447 0.0005358740061244889 0.00013931109412074484
0216 0.00019331963446364792 5.4428233821718573e-05
2090 0.0003127026416684125 7.198463920956457e-05
0227 0.00019797607763906365 4.547748356976027e-05
2088 0.0002351559739973599 8.120776364900709e-05
2101 0.00048167977764347733 0.00013410716788967475
0214 0.0001555235800871746 0.00011111815485469694
0585 0.0003963253158907091 0.0001145191786961786
0229 0.00016680257427525202 0.00012422506142078209
2103 0.0004280676333284282 0.00020480612481853545
1495 0.001046046775611371 0.0008226687159638823
1501 0.0004065317867012234 0.00018403848147462588
0222 0.0009274895914188383 0.0004059094084777702
1499 0.0006450610853904218 0.00018919516550389932
1500 0.00026729056183648407 0.000204888513174158
2106 0.0011658355166527254 0.000952160429546689
2083 0.0003247645610736069 0.00023542400736786
2084 0.00020935830670406848 0.00012194218669948921
0209 0.0003119311172101133 0.00025849773822812316
2105 0.0003274539254833172 0.00021025545176274745
0210 0.0001647706790384202 0.00016253029751907492
0232 0.0006319238542468342 0.0005991356631303271
0231 0.0001324716424354935 0.00020004420418745028
0004 0.0007153213110518676 0.00021169971159862004
0005 0.0013408010420001624 0.0006339527989469883
1376 0.0005151537500985186 0.0001786714472987579
1498 0.00040788363583951786 0.00013061676041779905
1351 0.000895737819925518 0.0003386388207032619
0544 0.001280494244538681 0.0006183259494183422
0518 0.0014552441922989197 0.0006580016765068103
0396 0.0016138539754563658 0.0008405373203379977
1513 0.0007779520755043357 0.00024035870001422628
1352 0.00031496374757267393 0.0007866892784109357
1496 0.00044683198278233155 0.0008471015235180058
0626 0.0026029029775004593 0.001512672128113459
0311 0.0006808553386272194 0.0002931864042467926
0523 0.0002528138023586791 9.600550009820255e-05
0198 0.0006095770099187641 0.00016698297731259715
0312 0.00013244987200313016 0.0003001576565749863
0313 0.0001542758658376262 0.00021366906009194
1353 0.00015340259544408046 0.00021221233474785225
0318 0.00023075164556154846 0.00015260713027687823
0310 0.0012014565793561727 0.000509975479698148
0305 0.0001872957212361157 0.00016849816970972847
0314 0.00019978384302974208 0.00013217429142274863
0307 0.0002413590159140387 0.00023195111556823344
1490 0.001962537351015507 0.0012959440198549626
0465 0.0005966176279540028 0.0012895754708441344
0486 0.0037363370364610475 0.002459887369879626
0438 0.00032679895891423626 0.0002374342591565043
0559 0.0044865873764361845 0.0029863125068531273
0475 0.004556728041621794 0.0029958631147087218
0409 0.0024977121244423206 0.0017306257018650402
0503 0.005191550408074664 0.00347575967522458
0535 0.000138085795903647 0.000273470696309958
0386 0.0002458151729753269 0.0003055601005594585
0398 0.00014763743452049898 0.00027308180014396237
1223 0.00015978496470910443 0.0005555359228957277
0591 0.002381248209997877 0.0013210645020018457
0464 0.00029749066728811005 8.01403706278391e-05
1143 0.0015782667649811759 0.0007736541629214058
0466 0.0003547144865268581 0.00016928765184673586
1142 0.001721188670311276 0.0009584084334158902
0377 0.002012757943255968 0.0010729332951765927
0525 0.0016050622913878624 0.0026549424936653326
0507 0.0007652444425882125 0.0010712560734669689
1487 0.0023186837823108075 0.0012705555284585747
0315 0.0001557904791733726 0.00026394987188317333
1508 0.00038854236287717283 0.00010075282478241703
1474 0.0015599101376252782 0.002666629554893747
1493 0.004427010401785974 0.0030159450869928005
0306 0.0063525972462289545 0.008460752398928425
1505 0.003819502846246686 0.002421217624915686
1471 0.0003717889153018562 0.0001610861388497497
1482 0.00784370203732423 0.005657138772513299
0625 0.002147384934881555 0.001141422940319567
1413 2.788839420504231e-05 0.0001970030032827576
1473 0.0025482551840746086 0.002002092446851453
1511 0.0012352090757422375 0.0005100221841603564
1146 0.00410512991892053 0.0036377143767939075
0437 0.0001655161312401753 0.0002816228152590902
0404 0.0002393766871181426 0.0006186765625290121
0579 0.001146982141884906 0.0021650053796514425
0361 0.009139482071994868 0.00694495928272373
0369 0.003721044877432947 0.005460083121200565
0392 0.010484772473981958 0.008002269623078088
0019 0.006377823707500201 0.004441123735839687
0025 0.002093142640902122 0.003423169402651543
0441 0.003670921998603291 0.0028552495274303475
0385 0.005013124496948415 0.0065001186856517845
0008 0.0014627709881144717 0.0006417232918383451
0007 0.0014527765574247867 0.000625366508031467
0593 0.0013059729702101365 0.000542732638014251
0397 0.0004258469127339887 0.00016174704086891799
1415 3.267003658556055e-05 0.00022738763183247752
0440 0.004190715196004437 0.002681272622456014
0372 0.008047537773165707 0.010217053825689366
0016 0.001370876284960804 0.0006113354237791785
0014 0.0015633881496351894 0.0007580705213495575
0013 0.0001286474763494593 0.0003866672757569327
0012 0.00093172815752636 0.000339868389457391
0009 0.00012980069838990449 0.0004311077767435554
0194 0.001074476117144227 0.00040304385499154415
1470 0.0004836479087025807 0.0001332992140356191
0499 0.00944016470946788 0.007180081743055409
1480 0.000601207506008175 0.00020502466124269926
1479 0.0002594495715379456 0.00023389350690589624
1488 0.6808924628934039 0.6826364665364915
1412 1.9759797040839e-05 0.00028579647631349353
1491 0.0004013109199817999 0.0010638094695673956
1465 0.009002576997807384 0.0066578057831357
0501 0.005125412495813516 0.004069232272686579
0423 0.00021504439465151902 0.0006537725709532954
0488 0.009393788905175513 0.012099418492456075
0473 0.0008298136048864209 0.0017563564625609034
0435 0.00864467032951921 0.006886298323752744
0355 0.013418075111960779 0.010409146051228993
0414 0.00018461084547351938 0.0002219928285211632
0566 0.012250862008280223 0.009809439701959693
0512 0.00029653081884662634 0.00015861488907815662
0451 0.0067836790694681915 0.004750597061871032
0550 0.017003106566831745 0.013639472576900222
0382 0.015088655723539244 0.012102902432476682
0402 0.004124938688585724 0.0026215817362160183
0371 0.00039877767638320406 8.671474924353277e-05
0454 0.0007180381975351397 0.00027043832671878453
0552 0.018728365609680338 0.021861964970967197
0388 0.0028631969044276766 0.0036957804813279567
1510 0.004647898650356779 0.0030057192193304275
1416 0.00011773714628868238 2.7231850187493303e-05
0545 0.0001852347553599804 0.0005992533772114409
1414 0.0001988879263339252 3.757315006868823e-05
1354 0.0022011347152115675 0.0010881315355666518
1469 0.0009593030379898948 0.0009566877935585885
1466 0.022000690650022976 0.025864731638827382
0580 0.0003184214892905606 0.0009431792907993547
0530 0.011694261080246373 0.008934944916405396
1478 0.011789863047805738 0.013774932241856911
1504 0.0013608821276647131 0.0005616902002732377
0482 0.0018214137902436223 0.0008285371902278641
0239 0.01961625436549422 0.015764159405584708
0252 0.0052236749001004805 0.007423280099651979
2113 0.020509241014560985 0.016565415783492857
0248 0.018286404309212283 0.015055408079338013
2126 0.004328713431232532 0.006338701783734999
2122 0.020222894650417267 0.01680592747261303
0332 0.02184148858605578 0.01805710436930872
2117 0.00015617073537215148 0.0006140980854204836
0243 0.0001699167173238241 0.000651023978502486
0258 0.06335846480847876 0.06909816722741403
0399 0.005884842732713444 0.004057092965179595
0333 0.0025872008744599697 0.002141958051266403
1222 0.0024989814528726018 0.0012844392970101284
0410 0.0031022162504158093 0.004437986247010263
0233 0.009256937057772535 0.006715042550307714
0234 0.0014981164377785123 0.0006953558634995658
0331 0.00020053777377590455 0.0006435432668914296
0407 0.009559764697183793 0.007019969265280455
0375 0.0004835805610441125 0.00010284035263226685
0584 0.0010310245103118808 0.00036961833206472153
0257 0.0011520689453063061 0.00096560922757889
2107 0.010415062867326139 0.007697469143354536
0354 0.010530031225962641 0.007773383141554443
2108 0.0015870060621254636 0.000737119199050308
0334 0.0010924278724447714 0.0004568570596051164
0335 0.012270545939226789 0.009287177226173358
2128 0.012783781364089471 0.01581062856886938
2121 0.013638851817156385 0.010627096510960136
0574 0.002357192982436422 0.0014029092592430649
2132 0.05513844823291937 0.06052687733378017
2131 0.0027129565124740036 0.0022979926941159566
0245 0.0010205167011850668 0.00031703698866314195
2109 0.00045016066548549734 9.50307866164849e-05
2119 0.0006346537298131612 0.0001489005624195791
0599 0.001286976653628686 0.0005068781926892144
1112 0.0034399435572982054 0.0022606421047127773
2118 6.499922665837347e-05 0.00022138292859385914
2127 0.0019832798539833503 0.0012074942577031858
2114 0.0013681661758698869 0.0005377139102519505
2115 0.0034279388313019953 0.0019605795379854006
2123 0.0001905015675266007 0.0006786770138695904
2116 0.00778975602277766 0.005431634949236874
2124 0.0004230764104975305 9.827866568211464e-05
0253 0.0011340921617788836 0.0005772460579565085
0247 0.012497194253358013 0.00961220711534659
0238 0.00080087188235378 0.0002351278141821172
0235 0.0004123820385791121 6.770147640913006e-05
2130 0.0017851695634849808 0.0011863985614507513
0448 0.0017292504696663487 0.0030038994768592587
0254 0.014536001394335536 0.017749956406499956
0256 0.0009333392312058155 0.00054440107909334
0244 6.400172472177063e-05 0.0003941723562710396
0237 0.00953947912143455 0.006944038369217325
0251 0.002549154478033673 0.0014365444001573963
2120 0.006491795660357971 0.004430515911153648
0249 0.00011450564551355106 0.0005370493431769398
0242 0.007884987038907292 0.0055460716324297115
0240 0.001351924273221617 0.000530313841294452
2111 0.009642427402373891 0.007041510736627082
0554 0.00010245645170815624 0.0002816971223421311
0184 0.00220070232442885 0.0010725077028083433
0255 0.004001075519553068 0.005528938047111412
2112 0.0004209465427306527 8.433785343664903e-05
0236 0.00213421797328677 0.0010471702773866523
0169 0.002114905815663707 0.001014375930020372
2129 0.003096699032542949 0.004432569149945972
0461 0.0028918616246125595 0.001597158763828158
1166 0.0027264291579628427 0.0014355380199368932
0513 0.008972541215213441 0.011435818662796785
0387 0.0008973905154696768 0.0003296903966281577
2125 0.0025125641794814008 0.0014203550244489029
0412 0.0008400956029320901 0.0002465755650003787
1164 0.002554420210276233 0.001312035912752017
2110 0.0023712703188587497 0.0012318087724780963
0241 0.0035328779723427404 0.0020511918622026087
0250 0.00040128916922981634 7.205625404036031e-05
1167 0.0024405293061817426 0.0012342734628799116
1165 0.002538851417871726 0.001303472355827921
1148 0.002924956586002734 0.0018657885500524393
1147 0.0035684537322930913 0.005344675425391582
1494 0.0012324027816010355 0.00045857120942193776
1467 0.017397795456419285 0.013571181924009251
1459 0.0030962514111954696 0.0025075479127435376
1468 0.011730314152673182 0.009760398486967128
0201 0.002997008051046126 0.0015791082717572546
0631 0.0011206908118222248 0.00041105695313298164
1453 0.0701194904859045 0.07602172428304134
1472 0.0020044625627775063 0.0010173488193000646
1512 0.001171452988438018 0.00044309367999836283
1454 0.00198638027916359 0.0009353264803617327
0259 0.003527653010088637 0.001928567522520338
0191 0.0034030998137003963 0.0018397754762089292
1462 0.00624471069576575 0.003982875264695081
1461 0.00044884805223623575 0.0001616820109547933
1484 0.007470666997408177 0.004780445004345635
1387 0.007104346914370572 0.009583910859114298
1456 0.001473059876143907 0.001159632082490422
2151 0.003235938379860354 0.005268102723809421
0280 0.03040380175205374 0.025958046362523336
0261 0.009425965831181526 0.0062726704383165
2146 0.03256909083497886 0.026659009439768778
0293 0.0008821802337816913 0.0008532655991929884
2133 0.011061411054231144 0.007611001654688114
0260 0.005400954765236742 0.003474202211753789
0279 0.004664657239604361 0.007084479003998857
2145 0.00024794931235496434 0.0002100080398910452
0274 0.029664160762399455 0.02398816540213644
0292 0.09787339120332535 0.10483739821658115
0273 0.0001021498665025515 0.0003090188300475751
1221 0.005537740962902188 0.003309972291411858
2152 0.035132669279491206 0.0303387429284949
2156 0.007055941443861228 0.009719884607434367
2135 0.011533363497843068 0.007972929087027838
0263 0.009448963049687757 0.006270246189501833
0268 0.0004889946145432045 5.747759994059968e-05
2141 0.017120402230346214 0.012740437850324256
0264 0.0008522543876709702 0.0001760947410612205
2142 0.0026150421611940444 0.0011449601311757118
1152 0.0010563785261302164 0.0008079032521550581
0277 0.010843785580551848 0.0076662818302727
1151 0.0010606447418559468 0.0008101430573037974
0046 0.0009360753062236105 0.00019467692268806147
1150 0.0011060435616417942 0.0008551737697121761
0285 0.0108407336311126 0.008437705093055116
0291 0.002303062954082318 0.0015131855594678967
2139 0.0012743197363673509 0.0003832319412373366
0045 0.015448365092520336 0.018957620116510383
0047 0.002862327014717061 0.001815255352301688
0278 0.022162907225223467 0.01759614436623735
0286 0.002799594668485213 0.0017606456904142459
0267 0.0009891366561590132 0.00023784597447982375
2157 0.013246231150306112 0.010587330230872828
0284 0.00852404924328079 0.011435004249980238
2136 0.0012581056565298314 0.0004003828052838047
1172 0.001846142041386368 0.0007874009336517285
0275 6.457181260218932e-05 0.000338603697706414
0269 0.015198558369645471 0.011089241088878776
0287 0.03614428978989457 0.040971272542127304
2153 0.0003342454783841375 0.0010614243784642637
2159 0.032234537844205956 0.036819265167288937
1175 0.0018322162085944035 0.0007797173024046043
1174 0.001824325134618563 0.0007763213380093285
1173 0.0018571451953909902 0.0007979904534207845
0283 0.004437435364086414 0.0027763261110877323
0281 0.0005889950444541913 0.0015299251215410315
0272 0.0096465882315308 0.006474137152465584
0270 0.001948996503233157 0.0007061719784512033
2140 0.0011091481392134085 0.0002999412117553484
2150 0.025461186401767352 0.02053358895509588
2147 0.00021959172694668844 0.0001471376941670383
1178 0.004376549264240162 0.0024985998726716804
0262 0.002733132982459742 0.0012208790298987096
1179 0.004395689042181246 0.002507113591935759
0266 0.006495131522774055 0.003934409715181279
0290 0.00027930888896929236 0.000503109887719914
0183 0.0042609647329251155 0.0023589189385967747
2138 0.008037002835344293 0.005164250007873639
0168 0.004147785527705137 0.0022723830719364245
0265 0.0011587262128510978 0.00031005959998964744
2148 0.0014335331416599456 0.0004837691199409239
0288 0.025724109630485225 0.029706607264156096
0289 0.008251855715286862 0.010401379187509873
2154 0.0008717177830811332 0.00030610296722992126
2134 0.003776499587799224 0.00196294324888796
2149 0.013679730224980834 0.010078962671541325
2163 0.0034937885591424726 0.0024936817239738698
2143 0.005295658921607006 0.003058882528344022
2160 0.02398817740262272 0.02785069792686479
2162 0.00044172153097339113 0.000450299289623231
2144 0.011238773557826072 0.007806117977752827
2265 0.0008719798997966359 0.00013920100562601963
2137 0.0017014617745724821 0.0006250158130535874
2158 0.004947944501863739 0.003536243738764251
2155 0.005936922452533221 0.003961572172372908
2161 0.0068182999760687925 0.008742521067225685
0271 0.005706602804324788 0.0033420699224615906
0282 0.0003806266279059639 7.320925251103576e-05
0174 0.00469494196047538 0.006567974919824911
0036 0.0031914785039627233 0.0015187965072843792
0041 0.0020809906249073984 0.003363186259992815
0031 0.0028360794737073538 0.004316674719326988
0040 0.17717953122692776 0.16894273621790548
0038 0.0033527218747054677 0.0016187426825181744
1485 0.002381096086998977 0.004059377936763848
1446 0.008625283445410702 0.005600571468871285
1447 0.005064585119942553 0.004151721969127226
1483 0.011062886476406027 0.013745596276100733
1457 0.01784323575774405 0.015282800066081998
0200 0.0045706925013599 0.002522323329184375
0317 0.017288927304865406 0.02093021687772599
1489 0.00015104297244488747 0.000354852769233581
0193 0.0048949607178936675 0.002714504426930516
0294 0.005551915503324075 0.0032042173938087778
1452 0.12252818719123616 0.1285965112668532
1486 0.0004184643279413323 0.0010838551424466984
1458 0.04162680795687164 0.03453743534942913
1932 0.004553976831127947 0.0025639714566137416
1907 0.04032203258534523 0.033566504632961555
1966 0.0008440816833237974 0.0003532191948206973
1962 0.018654378125563035 0.013587245068180438
1936 0.006785706299957916 0.0047372529315874035
1942 0.01878392460732417 0.02328037116390754
1911 0.00037403104072022915 0.0008966832638161225
1938 0.033634316535252645 0.029070925030271647
1906 0.00685414752478209 0.004096222317576771
2018 0.0031967008889675357 0.001723554569924404
1937 0.00020601916072375553 0.0003894355457918475
1417 0.010343412260857223 0.00781367854727526
2036 0.0007178010720812692 0.00019861079620042888
2013 0.019460360671044345 0.014650744646587261
1961 0.005064846835121089 0.002632901141982847
2014 0.01738253739316039 0.01924454687169645
1418 0.0017441393221636283 0.000380548215846898
0182 0.0052791196633947225 0.002906814684000089
0167 0.004608207786291177 0.002411466164919705
1931 0.003930515714274652 0.0021765827084537096
2040 0.003988699401255837 0.002397952302254773
1220 0.005605542605300981 0.0031507036354918904
1451 0.009642008508039214 0.013096772911671451
1450 0.0007350595462750117 0.00033646814973116326
1449 0.0031900091370959736 0.0018619210120696121
1434 0.0023240106386856452 0.0019491450614802874
0190 0.005226068115962454 0.0028115426413283253
0295 0.005487113412086009 0.0029967154652525032
1445 0.010137053941167491 0.006443905259041763
1463 0.0029808662289237064 0.004087590940072018
0112 0.00511356701753698 0.002687285583132218
0055 0.005110985313406286 0.002695049336796868
0056 0.005116636506274957 0.002702998737570317
1111 0.014436038103876121 0.012056760268983682
0208 0.00433932715199515 0.0032383392090009444
0110 0.004089401878426333 0.00606180514198748
0109 0.0016572042754290565 0.00046456954685537106
0187 0.005025249614361163 0.002636350459867387
0296 0.005103464550382305 0.00268208891325072
1428 0.00642261088194898 0.0056666833014614405
0197 0.0048762706290247995 0.002523095977496245
1440 0.02607144799374862 0.02843772364231454
1443 0.025963413601400503 0.031338528653291134
1432 0.017563188654552114 0.01522787139627527
1438 0.04752461290683272 0.04008207303989698
1444 0.00046883670113350936 0.0011236004765415547
0181 0.005036576299763256 0.0025855690993979966
0166 0.005900195211402811 0.0032517250551868456
1437 0.07072781954041525 0.07447533201972303
1425 0.0017539305302170767 0.001447886636487128
1436 0.0008783496889567476 0.0021834899677513264
1424 0.00192312562314673 0.001666516437723033
1439 0.11945271367827015 0.12564434295380214
0297 0.004453415851773722 0.0022683327445125446
1464 0.0008853066368267378 0.000345252589951681
0192 0.004426089318176173 0.0022187993603103515
1442 0.0010965693139946982 0.0010064780053606261
1435 0.0016966223577082127 0.001747379636832988
1448 0.0013011772695891485 0.000730787055069678
0202 0.006731747934799253 0.007964213625356507
0207 0.0023502210776413187 0.001866551087115506
0298 0.003738186948651153 0.0018770841743243538
1110 0.005610254810187834 0.003708716498936658
0205 0.000596407223985975 0.00011475235852934964
0204 0.00018442533958910987 0.0007274840724992374
0206 0.0006906511004147071 0.00015637204022459766
0203 0.0001889269379809334 0.0007853778269707048
0188 0.004003941749287983 0.0020025558213568263
1427 0.000723904282432511 0.0007383951411268111
0299 0.003614698618398915 0.0017960665559970039
1429 0.0006891717052254605 0.0011172374311354313
0195 0.004128993074241441 0.002164866584186473
1421 0.0012700099521467008 0.0010986363993903802
1422 0.0022675004585485884 0.0038038659229116638
1426 0.03671596137899621 0.03187276420784546
1420 0.0013831694395694872 0.001384913746580984
1419 0.0038263157581261364 0.007166353891929992
1423 0.0008464980671905807 0.0006760291161890706
1375 0.0034071829085012173 0.006903760418221117
1430 0.010739846810139054 0.014634616141868369
1441 0.07132981304611759 0.07750611600364873
1433 0.0016525216452371115 0.0012668139888516985
1431 0.0006890788035095131 0.0015338087066460568
0063 0.00419858720807072 0.00223851878749938
1455 0.002575461858608357 0.0017071852146957243
1460 0.007588551215341311 0.004975347426125864
0064 0.0002647387362330056 0.00025449635159248266
0114 0.000403834651848199 0.0005094431995390925
0186 0.003956088275020384 0.002130583837489661
0300 0.3083882406214802 0.30732661475844286
0199 0.0036597694151217744 0.0020635181621103224
0301 0.30489990742349593 0.3073118621713994
0189 0.004206418411311787 0.002442052356408859
1108 0.004884409306273507 0.002931020937177074
0302 0.28792521020530754 0.29147422962493486
0196 0.007589234325599734 0.005155918583156742
0185 0.004070144454762129 0.002583466030662645
1107 0.004934413682320878 0.0031463991651392146
0303 0.27833069977913216 0.2873327334041512
