3.931897989719669567e+03
-1.739575870681280503e+04
3.132375545898834844e+03
3.439658609236137709e+05
-1.216256581998199690e+06
-7.069800600428853068e+04
1.383907177859704942e+06
-3.966276189097944647e+06
-6.001752423652596190e+04
8.035151181825734675e+05
-2.091710365941657918e+06
-4.010547653771656769e+04
1.122530169706700981e+05
2.356169606583616769e+04
-3.476180699403351173e+06
1.137593670849481970e+07
7.543131127166453516e+05
-1.308476044625267945e+07
3.644458485392813385e+07
5.962266124722879613e+05
-7.427790114356440492e+06
1.892897751404034346e+07
8.320835471266537206e+04
-1.912377264145924128e+05
-2.109162454782992136e+05
8.717975083525680006e+06
-2.691494242066955194e+07
-1.988980652736272197e+06
3.088802996015456319e+07
-8.390870279256162047e+07
-1.453503195344649721e+06
1.706352899082216620e+07
-4.274865973112091422e+07
8.149838730507784623e-01
2.574755351745465770e+00
1.161019803549678597e+00
-2.362777178555153679e+00
6.771038707057573269e+00
7.570782938606833712e-01
-2.725689689043247377e+00
7.114038039714996486e+00
1.766934149293478973e-01
-7.978690983168182926e-01
2.116239150200515340e+00
6.927402739328343377e-03
3.020474290328910988e-02
6.308024337706170936e-03
-1.207413066113113831e-01
2.627159890578132373e-01
3.415177364719879441e-03
-1.077933861118837433e-01
2.709896696689174656e-01
7.374185938559282925e-04
-2.749621038376280982e-02
7.331507891357019746e-02
1.010344404799476958e+00
8.993122007234547691e-04
2.839491168044590008e-01
-4.049752962958004687e+00
1.320782817266536568e+01
1.039627848680542560e-01
-7.025059158961947325e+00
2.478489237013047486e+01
3.093202475605891927e-02
-2.692402389685166320e+00
9.609374464684982797e+00
1.308161560703610560e+00
-5.537729694807678321e-03
-6.782917938621006726e-02
-6.689834970767116751e-01
3.403147966134083102e+00
-5.296577374411866324e-02
-9.923793203111361816e-01
4.820681208409586915e+00
-6.134139870393713091e-03
-3.842925330869636502e-01
1.756175442198598446e+00
2.096551999295542828e+03
1.463749316826155336e+03
1.312549328609852182e+03
1.830733001708211668e+04
-4.353414407461069641e+04
-8.332889543511114425e+02
3.204731997183186832e+04
-1.086094503752085875e+05
4.522513639811220401e+02
8.353439546391713520e+03
-4.453132500373219955e+04
-1.011405647262115599e+04
-4.463101109458185238e+04
-6.541308761668721672e+03
-2.669592341930750408e+05
6.863283229317984078e+05
3.405637218767968534e+03
-4.375077208209015080e+05
1.631817130734469742e+06
-7.462648563007645862e+03
-1.145852517715331924e+05
6.744024689098675735e+05
2.293365827343649653e+04
2.309600081497950596e+05
1.496108397418369532e+04
1.194018134231814183e+06
-3.104223969305276405e+06
-3.038166617199258781e+03
1.872032284909359179e+06
-7.309145012085539289e+06
4.273822871475410648e+04
4.675020186166010099e+05
-3.064853498512499034e+06
-1.462171522218356949e+04
-3.778128579387104255e+05
-9.608682631509725979e+03
-1.710892525721405633e+06
4.332924601416520774e+06
-2.236668326226652789e+04
-2.501971638637746684e+06
1.027449590225954168e+07
-8.536030079034245864e+04
-5.700253441737515386e+05
4.396844346849776804e+06
9.789747327985583070e+01
-4.265973087748922410e+01
1.534842103790491308e+02
-1.417062076076895437e+03
2.752861414366502686e+03
1.387406469558648894e+02
-1.433658507513588120e+03
2.857741895243075760e+03
4.102510946737612585e+01
-4.236807379746389870e+02
8.503594335657172678e+02
-3.282701958759533856e+00
-9.051384468245865733e+00
-1.241544974225804232e+01
5.547164477097869906e+01
-1.060510993896633494e+02
-1.195304455369065799e+01
7.680704618365417957e+01
-1.553317294809839382e+02
-3.412926159239326296e+00
2.557237756995253619e+01
-5.440803670774046452e+01
-2.515642981879956500e-05
1.975025694220132650e-05
-1.837067146929591507e-05
2.188631704131197269e-05
8.250240316860032888e-05
7.157371250566708209e-06
-5.578000011227068460e-05
1.914208288407217846e-04
5.447166261464216858e-06
-3.220610095021981872e-05
7.974016714984341050e-05
4.331514709695348131e+01
6.386332679188080874e+02
-3.285768747216059182e+01
2.415893826937031463e+03
-5.766875169379177350e+03
-6.185459307173840671e+01
2.953967762459948062e+03
-8.986290575914970759e+03
-2.157143577976204440e+01
9.812158224673428322e+02
-3.239566489593028564e+03
-7.020209449091723009e-02
-1.626979845068708408e-01
-1.872514685185499017e-01
1.138313650449944925e+00
-2.833419630443004600e+00
-1.713795568684061688e-01
1.719754933811952657e+00
-4.539717148261272150e+00
-4.998343735754870454e-02
6.062072055948308780e-01
-1.682769616644546051e+00
9.598807238347900395e+00
-3.970543859555743325e+02
1.620212618951781280e+01
-1.574828698671703705e+03
3.600341084383109319e+03
2.709242965907546719e+01
-1.786482357315139097e+03
5.152919378666510966e+03
1.117571013003389524e+01
-5.777999423177481049e+02
1.808730762932043035e+03
-2.989487384493607139e-02
1.402210644858373767e+00
-7.356049468633846233e-02
8.337006542278661003e-01
2.240008282397391026e-01
-5.520287000117722609e-02
5.667186343606578358e-01
7.186931973380502603e-01
-1.550743735432574301e-02
1.575032277927718716e-01
2.107681571517622809e-01
9.974408278363099400e-01
-7.884449714907202852e-03
-5.904690119559103528e-02
1.395871239676408804e+00
-4.516631601676276198e+00
-5.585343136869692221e-02
1.751658003934360330e+00
-5.990208965347804337e+00
-1.794533652216119546e-02
5.965097794825992006e-01
-2.060887936797180409e+00
4.399235377009435427e-02
4.399235377009277220e-02
3.931901647550161670e+03
-1.739574149370593659e+04
3.132373114914205416e+03
3.439590527245424455e+05
-1.216277109537957702e+06
-7.069664185379083210e+04
1.384022734827797394e+06
-3.966054667900031433e+06
-6.001867682751138636e+04
8.034722105189318536e+05
-2.091775108212991385e+06
-4.010541754253223189e+04
1.122531440279708186e+05
2.356167901235018871e+04
-3.476284326952976640e+06
1.137562785412586294e+07
7.543275314977035159e+05
-1.308355104688883014e+07
3.644725786206354201e+07
5.962189923021157738e+05
-7.428102067821029574e+06
1.892839312119439989e+07
8.320838469908978732e+04
-1.912376666896194511e+05
-2.109162872217058321e+05
8.717907278333447874e+06
-2.691520619544759765e+07
-1.988992293050353881e+06
3.088806198880966008e+07
-8.390744909537491202e+07
-1.453487724007653538e+06
1.706380788053865358e+07
-4.274858812442214042e+07
8.149879764789215164e-01
2.574767518477944162e+00
1.161013733685875682e+00
-2.362785730244242988e+00
6.771017925853642261e+00
7.570795962755488828e-01
-2.725681261069922368e+00
7.114057365940088751e+00
1.766934381926195674e-01
-7.978694822894398797e-01
2.116237860838540819e+00
6.927320028382794211e-03
3.020440858285765653e-02
6.308107772948124206e-03
-1.207349451847072042e-01
2.627224070264641553e-01
3.415146943167390956e-03
-1.077995613458806318e-01
2.709815190861817880e-01
7.374203942990879791e-04
-2.749571060868427619e-02
7.331580634592806123e-02
1.010336700288231082e+00
8.993121993918553334e-04
2.839498363152185290e-01
-4.049721698141543591e+00
1.320790077406166318e+01
1.039626680688071070e-01
-7.025170698150469129e+00
2.478459521678436772e+01
3.093203755995763485e-02
-2.692382520136644253e+00
9.609427566929246822e+00
1.308193035245907243e+00
-5.537729572129375909e-03
-6.782928002481959651e-02
-6.689855830217079635e-01
3.403136211533023481e+00
-5.296569905639181980e-02
-9.923738484151291006e-01
4.820708786714982708e+00
-6.134141116261036461e-03
-3.842935328891249891e-01
1.756171068729880158e+00
2.096551999295542828e+03
1.463749316826155336e+03
1.312549328609852182e+03
1.830733001708211668e+04
-4.353414407461069641e+04
-8.332889543511114425e+02
3.204731997183186832e+04
-1.086094503752085875e+05
4.522513639811220401e+02
8.353439546391713520e+03
-4.453132500373219955e+04
-1.011393474915293882e+04
-4.463078481165059929e+04
-6.541405988423152849e+03
-2.669615458171782084e+05
6.863374846194676356e+05
3.405698491624220878e+03
-4.374692598281641840e+05
1.631667577944250312e+06
-7.463287152369555770e+03
-1.145957663472595013e+05
6.744200786542465212e+05
2.293392602700845600e+04
2.309624442761281389e+05
1.496086176684199927e+04
1.194023774764864706e+06
-3.104105091085577849e+06
-3.038144356678920303e+03
1.872266078394454671e+06
-7.310899027264019474e+06
4.272841333850955562e+04
4.674263417631798075e+05
-3.064596878849949222e+06
-1.462168085356311713e+04
-3.778109784252057434e+05
-9.608712379575597879e+03
-1.710867212764278054e+06
4.333029193065251224e+06
-2.236627066500633373e+04
-2.501889493051013444e+06
1.027301584203312173e+07
-8.537408385616443411e+04
-5.700613925867495127e+05
4.397097176056707278e+06
9.789747327985583070e+01
-4.265973087748922410e+01
1.534842103790491308e+02
-1.417062076076895437e+03
2.752861414366502686e+03
1.387406469558648894e+02
-1.433658507513588120e+03
2.857741895243075760e+03
4.102510946737612585e+01
-4.236807379746389870e+02
8.503594335657172678e+02
-3.282350078568493146e+00
-9.050941632303462825e+00
-1.242291260398843811e+01
5.544396019360738137e+01
-1.060683076269370133e+02
-1.194358695314801189e+01
7.688458508272712777e+01
-1.552722086350923121e+02
-3.413925595934253376e+00
2.556068502250962382e+01
-5.441856950769215473e+01
-2.515083822817214336e-05
1.975088092641500434e-05
-1.837482520663362044e-05
2.188515266853886029e-05
8.249936727658693477e-05
7.158191493843164421e-06
-5.576954281939367619e-05
1.914452011430727864e-04
5.446580432121929370e-06
-3.221063919668240517e-05
7.973435707970325502e-05
4.331514709695348131e+01
6.386332679188080874e+02
-3.285768747216059182e+01
2.415893826937031463e+03
-5.766875169379177350e+03
-6.185459307173840671e+01
2.953967762459948062e+03
-8.986290575914970759e+03
-2.157143577976204440e+01
9.812158224673428322e+02
-3.239566489593028564e+03
-7.019302714202607651e-02
-1.626882618545459347e-01
-1.873349066303859334e-01
1.137683978340940927e+00
-2.834201176422867618e+00
-1.712909078252059514e-01
1.721613244976546220e+00
-4.537069252562536903e+00
-4.999284228142686359e-02
6.059139193162410564e-01
-1.683239840756902916e+00
9.598897347104662359e+00
-3.970251235529484575e+02
1.620177969786657712e+01
-1.575472352427909527e+03
3.599697177091715275e+03
2.709369967440698801e+01
-1.785368880998984878e+03
5.154749812999638380e+03
1.117543285129648645e+01
-5.779524165780039766e+02
1.808428722728412595e+03
-2.989498664729939650e-02
1.402163522062433776e+00
-7.355957282141645237e-02
8.337239032403198635e-01
2.240011496766305954e-01
-5.520355166936582320e-02
5.667041925603266694e-01
7.186886131947627376e-01
-1.550736812371582979e-02
1.575046900472587552e-01
2.107686851351999735e-01
9.974450653515791743e-01
-7.884449728879692684e-03
-5.904694300003747454e-02
1.395868269831749942e+00
-4.516632561560893322e+00
-5.585336648263172082e-02
1.751668865786357054e+00
-5.990190999669511740e+00
-1.794534642501011829e-02
5.965076951334373767e-01
-2.060892300295689150e+00
4.399235377009435427e-02
7.630238181408569714e-03
3.931917115531318359e+03
-1.739567527514371250e+04
3.132361738060598782e+03
3.439317698270337423e+05
-1.216352322191206273e+06
-7.068923189887724584e+04
1.384532716970609501e+06
-3.965216030517491046e+06
-6.002611206780048087e+04
8.032525575798779028e+05
-2.092043472275054548e+06
-4.010528961151994008e+04
1.122534431231617345e+05
2.356165105739429418e+04
-3.476447126095133834e+06
1.137503440988517925e+07
7.543499454910128843e+05
-1.308269768201395869e+07
3.644971011356028914e+07
5.961969784370863345e+05
-7.428121777016590349e+06
1.892859409761537984e+07
8.320827002615921083e+04
-1.912376903035577561e+05
-2.109145608994333306e+05
8.718369199582012370e+06
-2.691478441354592890e+07
-1.989235299279266037e+06
3.087663732295417786e+07
-8.392149638372844458e+07
-1.453313609267850872e+06
1.706908959858366102e+07
-4.274209340438859910e+07
8.150375365780785364e-01
2.574904487103471862e+00
1.160928581130562742e+00
-2.362889757662316903e+00
6.770782399928055639e+00
7.571070854069245071e-01
-2.725562433932924744e+00
7.114294124961979549e+00
1.766925845528455608e-01
-7.978774156869797851e-01
2.116219609149451841e+00
6.926636977155457148e-03
3.020165828772048908e-02
6.308799349309138389e-03
-1.206824425807835194e-01
2.627751822510795976e-01
3.414893811165748728e-03
-1.078507068580840944e-01
2.709142884491674841e-01
7.374354342072682745e-04
-2.749155601526905371e-02
7.332182674453412152e-02
1.010277872566046176e+00
8.993121893084713358e-04
2.839553755405543334e-01
-4.049483240274542872e+00
1.320845010884811543e+01
1.039617610064615810e-01
-7.026028158666961509e+00
2.478233119564464104e+01
3.093213788412196852e-02
-2.692228492690455166e+00
9.609835225208557929e+00
1.308452921991366757e+00
-5.537728561971533119e-03
-6.783011332190243270e-02
-6.690027983040970350e-01
3.403039455875751962e+00
-5.296507870691337383e-02
-9.923285687470955185e-01
4.820936287767084494e+00
-6.134151498933252365e-03
-3.843018307329542638e-01
1.756134899491748280e+00
2.096551999295542828e+03
1.463749316826155336e+03
1.312549328609852182e+03
1.830733001708211668e+04
-4.353414407461069641e+04
-8.332889543511114425e+02
3.204731997183186832e+04
-1.086094503752085875e+05
4.522513639811220401e+02
8.353439546391713520e+03
-4.453132500373219955e+04
-1.011358342094831278e+04
-4.462738935443427181e+04
-6.541566663090900875e+03
-2.669659634762877831e+05
6.861882024556382094e+05
3.405868288838049011e+03
-4.375219261188218370e+05
1.631277888137651840e+06
-7.465709675728880029e+03
-1.146188836753817595e+05
6.745671734625267563e+05
2.293501573848964472e+04
2.310130106570744829e+05
1.496037528215713064e+04
1.193849487670859089e+06
-3.105863798237428069e+06
-3.038075146485793539e+03
1.872061714998239651e+06
-7.313560855669401586e+06
4.268875558829676447e+04
4.672221402695090510e+05
-3.063274825151982252e+06
-1.462148809919361702e+04
-3.777554126137565472e+05
-9.608797236513888492e+03
-1.711094419953821227e+06
4.331585614621863700e+06
-2.236483118358860520e+04
-2.501854568870011717e+06
1.027189500372913107e+07
-8.543339172552240780e+04
-5.701814402877531247e+05
4.397978906969046220e+06
9.789747327985583070e+01
-4.265973087748922410e+01
1.534842103790491308e+02
-1.417062076076895437e+03
2.752861414366502686e+03
1.387406469558648894e+02
-1.433658507513588120e+03
2.857741895243075760e+03
4.102510946737612585e+01
-4.236807379746389870e+02
8.503594335657172678e+02
-3.283204366455252821e+00
-9.053478233345304105e+00
-1.241883423135814724e+01
5.549579923156988315e+01
-1.059878331515215137e+02
-1.194092183516923278e+01
7.686741875477420649e+01
-1.553574726570613223e+02
-3.414465322097115063e+00
2.555440799706327226e+01
-5.441892928789935269e+01
-2.515305926876282839e-05
1.974963840561212705e-05
-1.837711504512378120e-05
2.188516300115859596e-05
8.250371200902565142e-05
7.158868164067783286e-06
-5.576073603102184453e-05
1.914522189145520905e-04
5.446219877105442523e-06
-3.221570389336154858e-05
7.972818996145264805e-05
4.331514709695348131e+01
6.386332679188080874e+02
-3.285768747216059182e+01
2.415893826937031463e+03
-5.766875169379177350e+03
-6.185459307173840671e+01
2.953967762459948062e+03
-8.986290575914970759e+03
-2.157143577976204440e+01
9.812158224673428322e+02
-3.239566489593028564e+03
-7.018894315017917829e-02
-1.626857926648886121e-01
-1.873839251837684516e-01
1.137247745488006334e+00
-2.834584376303543429e+00
-1.712495668659497761e-01
1.723163738026545433e+00
-4.534678850935626393e+00
-4.999386385651454628e-02
6.056955982923325488e-01
-1.683732475304271725e+00
9.598824507870276079e+00
-3.970771651093877495e+02
1.620180976121639205e+01
-1.575142178364497568e+03
3.600601700768387673e+03
2.709398608612474746e+01
-1.785195794440912550e+03
5.154280743967886337e+03
1.117536472808558656e+01
-5.780220653029616642e+02
1.808318562065888045e+03
-2.989489575735804899e-02
1.402248172944043247e+00
-7.355962806505174367e-02
8.337118456983050319e-01
2.240006906611625714e-01
-5.520374571660343482e-02
5.667017073252099690e-01
7.186898385180823245e-01
-1.550734413820488954e-02
1.575054243776070340e-01
2.107688825741700356e-01
9.972276776437123402e-01
-7.884453401568515887e-03
-5.904625974069616090e-02
1.395971822384137973e+00
-4.516338170598753976e+00
-5.585391841467685081e-02
1.751523069102515873e+00
-5.990656430441617886e+00
-1.794529341055573629e-02
5.965228683261791787e-01
-2.060843158982717416e+00
4.399235377009435427e-02
6.555641204041960483e-03
3.931932191510738903e+03
-1.739561401483797817e+04
3.132349846148701999e+03
3.439059210929619148e+05
-1.216420146354336524e+06
-7.068070797408402723e+04
1.385052689026472159e+06
-3.964442622477767523e+06
-6.003550135327058524e+04
8.030043848521567415e+05
-2.092310778351242188e+06
-4.010516060415207903e+04
1.122537489604889561e+05
2.356162115310883746e+04
-3.476591308413865045e+06
1.137446226444980502e+07
7.543861275961936917e+05
-1.308206704640591890e+07
3.645119739011629671e+07
5.961483290978871519e+05
-7.428308999509488232e+06
1.892906763697270676e+07
8.320817589947489614e+04
-1.912376616719449230e+05
-2.109128456227745337e+05
8.718811218724220991e+06
-2.691455632633165270e+07
-1.989474718302720692e+06
3.086471599991958961e+07
-8.393576967431792617e+07
-1.453155522770130774e+06
1.707453028793171793e+07
-4.273514589616204053e+07
8.151498078295320582e-01
2.575194466419866046e+00
1.160711700253086676e+00
-2.363126731249523438e+00
6.770280653084252087e+00
7.571932262522022006e-01
-2.725259063329009468e+00
7.114836385964624199e+00
1.766883415624139753e-01
-7.979020428620274830e-01
2.116172931170801519e+00
6.925657818309366442e-03
3.019770570998721315e-02
6.309788625752405823e-03
-1.206071862017811663e-01
2.628510139347826069e-01
3.414532228234161242e-03
-1.079238738130475772e-01
2.708179203103239785e-01
7.374569014128952221e-04
-2.748562039192206652e-02
7.333044072932042023e-02
1.010201914851874827e+00
8.993121763002883719e-04
2.839625311678863895e-01
-4.049175831608534004e+00
1.320915764490801259e+01
1.039605872173625101e-01
-7.027134201798334701e+00
2.477941676881041388e+01
3.093226807409553761e-02
-2.692029457381948987e+00
9.610360353903718789e+00
1.308827477694924024e+00
-5.537727101188875088e-03
-6.783131039866988066e-02
-6.690276029009850633e-01
3.402899594645512504e+00
-5.296418979716369102e-02
-9.922635254984164543e-01
4.821264026149253645e+00
-6.134166349768687895e-03
-3.843137222732231351e-01
1.756082940982128804e+00
2.096551999295542828e+03
1.463749316826155336e+03
1.312549328609852182e+03
1.830733001708211668e+04
-4.353414407461069641e+04
-8.332889543511114425e+02
3.204731997183186832e+04
-1.086094503752085875e+05
4.522513639811220401e+02
8.353439546391713520e+03
-4.453132500373219955e+04
-1.011400134728050944e+04
-4.462513836633500614e+04
-6.541414511372715424e+03
-2.669106974735950353e+05
6.859869543217973551e+05
3.405993243162995896e+03
-4.376963036318565137e+05
1.631125734788945178e+06
-7.468412317536801311e+03
-1.146468204456098319e+05
6.746286211152657634e+05
2.293430968346383816e+04
2.310513555371660623e+05
1.496060100859939485e+04
1.194159980954641011e+06
-3.108278994725261815e+06
-3.038017720966907746e+03
1.871122522371537285e+06
-7.312898396602883004e+06
4.264282777997461380e+04
4.669448857171219424e+05
-3.063066215171084739e+06
-1.462154420321651924e+04
-3.777093147561784717e+05
-9.608786760785787919e+03
-1.711026191883879015e+06
4.329579853942495771e+06
-2.236351872089828976e+04
-2.502081340155701619e+06
1.027386931543480977e+07
-8.550439498747017933e+04
-5.703590342659660382e+05
4.397840217812587507e+06
9.789747327985583070e+01
-4.265973087748922410e+01
1.534842103790491308e+02
-1.417062076076895437e+03
2.752861414366502686e+03
1.387406469558648894e+02
-1.433658507513588120e+03
2.857741895243075760e+03
4.102510946737612585e+01
-4.236807379746389870e+02
8.503594335657172678e+02
-3.283729570186110003e+00
-9.055643774280435210e+00
-1.241931575508310459e+01
5.552916529656302203e+01
-1.059150899044821017e+02
-1.193589961853710868e+01
7.688456720932957467e+01
-1.554178624343221031e+02
-3.414810122931227099e+00
2.554633379067773546e+01
-5.442217270284729125e+01
-2.514926149367396961e-05
1.974912577603797148e-05
-1.838201983769699398e-05
2.188419832408061710e-05
8.250556133330825583e-05
7.159644902373100716e-06
-5.574683665220012764e-05
1.914740849480247871e-04
5.446169076068950705e-06
-3.222106400759911583e-05
7.972005531940986266e-05
4.331514709695348131e+01
6.386332679188080874e+02
-3.285768747216059182e+01
2.415893826937031463e+03
-5.766875169379177350e+03
-6.185459307173840671e+01
2.953967762459948062e+03
-8.986290575914970759e+03
-2.157143577976204440e+01
9.812158224673428322e+02
-3.239566489593028564e+03
-7.018801729462836869e-02
-1.626840016840692682e-01
-1.873760752812618224e-01
1.136985828060515624e+00
-2.834931570433826487e+00
-1.713072709179391806e-01
1.723658574399980159e+00
-4.532874473190187103e+00
-4.997909279329523780e-02
6.057562534666146581e-01
-1.684001800357833645e+00
9.598711031198080335e+00
-3.971420914262059227e+02
1.620204656254528430e+01
-1.574536013361891946e+03
3.601796617539816452e+03
2.709319359578393360e+01
-1.785629048173597994e+03
5.153045698582363912e+03
1.117563142013775135e+01
-5.779756679519568934e+02
1.808361692200141533e+03
-2.989475121451550324e-02
1.402356275724788492e+00
-7.356022473729037503e-02
8.336892810487946948e-01
2.240000703243050229e-01
-5.520339058800998594e-02
5.667069838340148547e-01
7.186930772242481336e-01
-1.550739796704646116e-02
1.575051008604730352e-01
2.107688152970500495e-01
9.969570806113199346e-01
-7.884457968562665064e-03
-5.904537723309009195e-02
1.396103686635154828e+00
-4.515964626379088465e+00
-5.585467807433530663e-02
1.751329439046281911e+00
-5.991263930625506440e+00
-1.794521301907439637e-02
5.965444775915357267e-01
-2.060775873616895293e+00
4.399235377009435427e-02
5.968912573237891879e-03
3.931941023373756707e+03
-1.739557906645523690e+04
3.132342215461543674e+03
3.438912271227199235e+05
-1.216458195403020130e+06
-7.067445715372270206e+04
1.385379732376939151e+06
-3.964009615286163986e+06
-6.004325664855281502e+04
8.028237832015965832e+05
-2.092477977453460218e+06
-4.010506791905951832e+04
1.122540124680103763e+05
2.356160367774679980e+04
-3.476691627826519310e+06
1.137393711712168902e+07
7.544126685125757940e+05
-1.308197358326894045e+07
3.645227023364497721e+07
5.961005202792463824e+05
-7.428424709898359142e+06
1.892955967103715241e+07
8.320816894390240486e+04
-1.912375078505222918e+05
-2.109117761512389989e+05
8.718969669145358726e+06
-2.691504700492056087e+07
-1.989641259826759109e+06
3.085695429659028724e+07
-8.394224446196611226e+07
-1.453051318859511986e+06
1.707837023105057329e+07
-4.273059128231432289e+07
8.152993728354568370e-01
2.575574694117648722e+00
1.160415521910175940e+00
-2.363442832738838373e+00
6.769621706391611760e+00
7.573152356409591501e-01
-2.724844559169021796e+00
7.115560648316632708e+00
1.766819837947486704e-01
-7.979368744938937219e-01
2.116109126528691320e+00
6.924671130120321066e-03
3.019370313607849451e-02
6.310781320444311393e-03
-1.205313479627419665e-01
2.629277925223802992e-01
3.414170531851312782e-03
-1.079973184201388353e-01
2.707207883253351377e-01
7.374783304777788933e-04
-2.747967957806307301e-02
7.333909165360122384e-02
1.010134803033557738e+00
8.993121648128545378e-04
2.839688536642848149e-01
-4.048904845385365547e+00
1.320978096999864526e+01
1.039595479638164427e-01
-7.028109466597895150e+00
2.477685297133319864e+01
3.093238377731697547e-02
-2.691853569274980096e+00
9.610822542562301507e+00
1.309206694065345289e+00
-5.537725613236042961e-03
-6.783251520966357417e-02
-6.690527080803136961e-01
3.402757214633450378e+00
-5.296329948942215399e-02
-9.921980581729307191e-01
4.821595678279092745e+00
-6.134181168770779305e-03
-3.843256371069428967e-01
1.756030632636270905e+00
2.096551999295542828e+03
1.463749316826155336e+03
1.312549328609852182e+03
1.830733001708211668e+04
-4.353414407461069641e+04
-8.332889543511114425e+02
3.204731997183186832e+04
-1.086094503752085875e+05
4.522513639811220401e+02
8.353439546391713520e+03
-4.453132500373219955e+04
-1.011466475467683995e+04
-4.462336860628368595e+04
-6.541153088922765164e+03
-2.668336415003527654e+05
6.857815818376565585e+05
3.406091148661201260e+03
-4.379282130064253579e+05
1.630982023647883441e+06
-7.471028376666353324e+03
-1.146722393342056457e+05
6.746821439520317363e+05
2.293311282830026903e+04
2.310855329874354356e+05
1.496102394827824901e+04
1.194598503571251640e+06
-3.110833585949712899e+06
-3.037965629146502124e+03
1.869984590745758731e+06
-7.311355230779131874e+06
4.259672213630408805e+04
4.666581895848716958e+05
-3.063147067975802813e+06
-1.462165557145145249e+04
-3.776653157308039954e+05
-9.608758364490015083e+03
-1.710922793044594582e+06
4.327407286627921276e+06
-2.236221293346734819e+04
-2.502239276628769469e+06
1.027703753258295171e+07
-8.557787454764201539e+04
-5.705575287076749373e+05
4.397330568063997664e+06
9.789747327985583070e+01
-4.265973087748922410e+01
1.534842103790491308e+02
-1.417062076076895437e+03
2.752861414366502686e+03
1.387406469558648894e+02
-1.433658507513588120e+03
2.857741895243075760e+03
4.102510946737612585e+01
-4.236807379746389870e+02
8.503594335657172678e+02
-3.284107724302626874e+00
-9.057483920880200046e+00
-1.242037706324185464e+01
5.555362611546660645e+01
-1.058516780748767303e+02
-1.193289560087893086e+01
7.690527400492841537e+01
-1.554641450860513032e+02
-3.414638335695862281e+00
2.554061010800895204e+01
-5.442556207531073653e+01
-2.514483035070269132e-05
1.974885660625764144e-05
-1.838607258647643772e-05
2.188314181115804524e-05
8.250652760330118936e-05
7.159982090706910926e-06
-5.573489579740752332e-05
1.914970538185249943e-04
5.446667046439426272e-06
-3.222429593612691055e-05
7.971295189910742826e-05
4.331514709695348131e+01
6.386332679188080874e+02
-3.285768747216059182e+01
2.415893826937031463e+03
-5.766875169379177350e+03
-6.185459307173840671e+01
2.953967762459948062e+03
-8.986290575914970759e+03
-2.157143577976204440e+01
9.812158224673428322e+02
-3.239566489593028564e+03
-7.018620287454024886e-02
-1.626788102138107261e-01
-1.873564601392810058e-01
1.136635923276291038e+00
-2.835562472933738309e+00
-1.714005836866651367e-01
1.724016538503664320e+00
-4.530601884706531912e+00
-4.995771628665772457e-02
6.059066905747818588e-01
-1.684264734139562902e+00
9.598624961561007751e+00
-3.971918969473633183e+02
1.620225350838281031e+01
-1.574125370646510419e+03
3.602679790767691429e+03
2.709223617077174495e+01
-1.785936925157797077e+03
5.152364493984183355e+03
1.117599855443293499e+01
-5.779171859762059285e+02
1.808363962433797724e+03
-2.989465365229913504e-02
1.402435086508468265e+00
-7.356063228673224985e-02
8.336762644299534619e-01
2.239996379476135446e-01
-5.520303565671409729e-02
5.667090071006111174e-01
7.186944601467867288e-01
-1.550746671129710208e-02
1.575048403187392643e-01
2.107688760609424117e-01
9.966778184151646736e-01
-7.884462648223015263e-03
-5.904444143152257768e-02
1.396240985023393222e+00
-4.515578606125375316e+00
-5.585551839806280477e-02
1.751122265015458979e+00
-5.991902175340658054e+00
-1.794511896825343872e-02
5.965685854889488660e-01
-2.060703221720517231e+00
4.399235377009435427e-02
5.500277659449889257e-03
3.931944409345395798e+03
-1.739556693777455075e+04
3.132338313181910962e+03
3.438857978204201208e+05
-1.216471577539170627e+06
-7.067031276984892611e+04
1.385547350186369149e+06
-3.963843619443180040e+06
-6.004927676177084504e+04
8.027019336652783677e+05
-2.092567951406013686e+06
-4.010501872398467822e+04
1.122542088961569534e+05
2.356159911033905883e+04
-3.476744334818381350e+06
1.137350248905179836e+07
7.544282446778384037e+05
-1.308228693796977960e+07
3.645305369071336836e+07
5.960580774781630607e+05
-7.428507603306096978e+06
1.892992751494463906e+07
8.320821094298952085e+04
-1.912372904860116832e+05
-2.109111707013808482e+05
8.718933704565227032e+06
-2.691598086312210560e+07
-1.989749830879593268e+06
3.085260728967588767e+07
-8.394268212956517935e+07
-1.452989425177108729e+06
1.708079452779144794e+07
-4.272816359853084385e+07
8.154455905322096632e-01
2.575952313513882874e+00
1.160132745125053377e+00
-2.363751593262134243e+00
6.768968024550452434e+00
7.574278162539912485e-01
-2.724448816873420220e+00
7.116267565350908875e+00
1.766764117769527576e-01
-7.979690757827497816e-01
2.116048197709055501e+00
6.923821585655978716e-03
3.019023632022612563e-02
6.311631633428847407e-03
-1.204660550362625926e-01
2.629942734292483597e-01
3.413861876212500365e-03
-1.080602483704792005e-01
2.706371513316204180e-01
7.374965735752163224e-04
-2.747460695847595002e-02
7.334650787037744202e-02
1.010084841361838848e+00
8.993121562856319900e-04
2.839735711571924615e-01
-4.048703802307946908e+00
1.321024203680049425e+01
1.039587684854831051e-01
-7.028834867121962482e+00
2.477495683236543655e+01
3.093247121690635357e-02
-2.691722039747695749e+00
9.611165345114178749e+00
1.309533746492683060e+00
-5.537724320191872093e-03
-6.783354644688144308e-02
-6.690743476300859971e-01
3.402633594099985448e+00
-5.296254215452474851e-02
-9.921420270216357862e-01
4.821881442040419685e+00
-6.134193715887829509e-03
-3.843357758694497806e-01
1.755985858130923338e+00
2.096551999295542828e+03
1.463749316826155336e+03
1.312549328609852182e+03
1.830733001708211668e+04
-4.353414407461069641e+04
-8.332889543511114425e+02
3.204731997183186832e+04
-1.086094503752085875e+05
4.522513639811220401e+02
8.353439546391713520e+03
-4.453132500373219955e+04
-1.011529747975738610e+04
-4.462177096588724089e+04
-6.540892770090526938e+03
-2.667599206558621954e+05
6.855936036617216887e+05
3.406168571614237408e+03
-4.381609486619294621e+05
1.630821933164594695e+06
-7.473297361396102133e+03
-1.146923687728237855e+05
6.747436599781187251e+05
2.293201757283807092e+04
2.311174739019532863e+05
1.496142049608114394e+04
1.194989654078173451e+06
-3.113213083136634901e+06
-3.037919783966418436e+03
1.868924014412156772e+06
-7.309854003196542151e+06
4.255563408621580311e+04
4.664050539040695876e+05
-3.063198546866111457e+06
-1.462174831266206456e+04
-3.776235136835720041e+05
-9.608737384517577084e+03
-1.710865634604855673e+06
4.325361284569205716e+06
-2.236099863764539623e+04
-2.502293234026348218e+06
1.028025642945199832e+07
-8.564476957264855446e+04
-5.707426620146183996e+05
4.396806009302504361e+06
9.789747327985583070e+01
-4.265973087748922410e+01
1.534842103790491308e+02
-1.417062076076895437e+03
2.752861414366502686e+03
1.387406469558648894e+02
-1.433658507513588120e+03
2.857741895243075760e+03
4.102510946737612585e+01
-4.236807379746389870e+02
8.503594335657172678e+02
-3.284389339588474677e+00
-9.059005341266068712e+00
-1.242138987598101529e+01
5.557163001625178111e+01
-1.057987206083193712e+02
-1.193156498227445539e+01
7.692528978357573521e+01
-1.554981838857290484e+02
-3.414167717233058230e+00
2.553675842640058136e+01
-5.442889541176029411e+01
-2.514041991594165185e-05
1.974877508243865184e-05
-1.838929076412930234e-05
2.188208373632857210e-05
8.250666867860098760e-05
7.160042478663310005e-06
-5.572476049870875666e-05
1.915203465715033574e-04
5.447427924654824021e-06
-3.222619268339816024e-05
7.970667261180095799e-05
4.331514709695348131e+01
6.386332679188080874e+02
-3.285768747216059182e+01
2.415893826937031463e+03
-5.766875169379177350e+03
-6.185459307173840671e+01
2.953967762459948062e+03
-8.986290575914970759e+03
-2.157143577976204440e+01
9.812158224673428322e+02
-3.239566489593028564e+03
-7.018396700711101999e-02
-1.626721725995551315e-01
-1.873342384287141893e-01
1.136253992885896347e+00
-2.836307887488635604e+00
-1.715018220073597222e-01
1.724337189400771519e+00
-4.528175863596196393e+00
-4.993507968063389674e-02
6.060787033343431052e-01
-1.684524395576270095e+00
9.598556474112854175e+00
-3.972316650308039243e+02
1.620243391838063474e+01
-1.573830876610090854e+03
3.603361081569907128e+03
2.709127210867393032e+01
-1.786161972756148998e+03
5.151995261496696912e+03
1.117638354003051226e+01
-5.778587249702326289e+02
1.808343498611303175e+03
-2.989458588708976752e-02
1.402494624802846923e+00
-7.356090518706008552e-02
8.336689703390639528e-01
2.239993264731391653e-01
-5.520272555226438810e-02
5.667090007889138414e-01
7.186947754751694672e-01
-1.550753481733699833e-02
1.575046787114940117e-01
2.107690098007338197e-01
9.964080520814276865e-01
-7.884467127764157798e-03
-5.904351817170947619e-02
1.396374244686299670e+00
-4.515207339662133279e+00
-5.585637117121413503e-02
1.750917023190919908e+00
-5.992524391816365537e+00
-1.794502047049228999e-02
5.965931283285358377e-01
-2.060630977815127274e+00
4.399235377009435427e-02
5.145969579066503319e-03
3.931944666862909344e+03
-1.739556788990000496e+04
3.132336583157703899e+03
3.438854977447948186e+05
-1.216471267747028265e+06
-7.066748054129966476e+04
1.385625908320076298e+06
-3.963818996761801653e+06
-6.005407843770486215e+04
8.026152852893569507e+05
-2.092617003862265032e+06
-4.010499969191369746e+04
1.122543511061014287e+05
2.356160267597523489e+04
-3.476765471269472037e+06
1.137314867564232647e+07
7.544363433746625669e+05
-1.308279353586787730e+07
3.645368801876209676e+07
5.960214279754136223e+05
-7.428583721184546128e+06
1.893015887248672545e+07
8.320826863421653979e+04
-1.912370604332771327e+05
-2.109107974017953675e+05
8.718810773921594024e+06
-2.691706939928260073e+07
-1.989826130129437894e+06
3.085017723034299910e+07
-8.394003274202339351e+07
-1.452950337194333319e+06
1.708237000885112584e+07
-4.272699507933687419e+07
8.155666923123047196e-01
2.576276073714769410e+00
1.159911289284043301e+00
-2.364006757032135475e+00
6.768409075865892355e+00
7.575084219464530699e-01
-2.724139000256329268e+00
7.116850612523782260e+00
1.766730139493216944e-01
-7.979922446188703056e-01
2.116000492672398092e+00
6.923146266210922044e-03
3.018746130047075121e-02
6.312303390976237508e-03
-1.204141662880951341e-01
2.630474587220523741e-01
3.413619124395252027e-03
-1.081099728780929164e-01
2.705706863397051576e-01
7.375108817926443600e-04
-2.747061534265574090e-02
7.335237034838561210e-02
1.010051101123204287e+00
8.993121505610846347e-04
2.839767722241369752e-01
-4.048568774032573536e+00
1.321054982935872602e+01
1.039582347727085604e-01
-7.029324613748153538e+00
2.477368971451671342e+01
3.093253182202482243e-02
-2.691632410283612220e+00
9.611395716794332245e+00
1.309793630692773991e+00
-5.537723283423479602e-03
-6.783435833094779432e-02
-6.690915276389097777e-01
3.402534598718768066e+00
-5.296195044574945887e-02
-9.920979279621333635e-01
4.822108165851267891e+00
-6.134203463043604726e-03
-3.843436989698730821e-01
1.755950620631220760e+00
2.096551999295542828e+03
1.463749316826155336e+03
1.312549328609852182e+03
1.830733001708211668e+04
-4.353414407461069641e+04
-8.332889543511114425e+02
3.204731997183186832e+04
-1.086094503752085875e+05
4.522513639811220401e+02
8.353439546391713520e+03
-4.453132500373219955e+04
-1.011583685467094256e+04
-4.462042145216298377e+04
-6.540665471513628290e+03
-2.666968422449185164e+05
6.854353900225487305e+05
3.406227039419459288e+03
-4.383665331093253917e+05
1.630667794248407707e+06
-7.475122014663753362e+03
-1.147074251485134591e+05
6.748038804842855316e+05
2.293111227531196346e+04
2.311448519132611400e+05
1.496174983454879293e+04
1.195307800950607052e+06
-3.115234038178248797e+06
-3.037882028832495962e+03
1.868036319193230011e+06
-7.308598335620774888e+06
4.252184015846397961e+04
4.661976200681902119e+05
-3.063213163087489083e+06
-1.462181915556424065e+04
-3.775874523068378912e+05
-9.608724054024509314e+03
-1.710840857809685403e+06
4.323614192006521858e+06
-2.235995938282150382e+04
-2.502278279051026795e+06
1.028308378827286884e+07
-8.570072658605957986e+04
-5.709004811199478572e+05
4.396345786180271767e+06
9.789747327985583070e+01
-4.265973087748922410e+01
1.534842103790491308e+02
-1.417062076076895437e+03
2.752861414366502686e+03
1.387406469558648894e+02
-1.433658507513588120e+03
2.857741895243075760e+03
4.102510946737612585e+01
-4.236807379746389870e+02
8.503594335657172678e+02
-3.284596284995888738e+00
-9.060233896761936023e+00
-1.242229235135273235e+01
5.558486912385508560e+01
-1.057554867724703769e+02
-1.193119619762108741e+01
7.694301359317132949e+01
-1.555233965687115756e+02
-3.413589886873205081e+00
2.553420675326285405e+01
-5.443187446619376857e+01
-2.513601182048318198e-05
1.974885605958679550e-05
-1.839202335238186982e-05
2.188104094353827270e-05
8.250610996830561961e-05
7.159995573324196764e-06
-5.571589175088227501e-05
1.915433299397936316e-04
5.448225976013376328e-06
-3.222745523342606424e-05
7.970105791984426940e-05
4.331514709695348131e+01
6.386332679188080874e+02
-3.285768747216059182e+01
2.415893826937031463e+03
-5.766875169379177350e+03
-6.185459307173840671e+01
2.953967762459948062e+03
-8.986290575914970759e+03
-2.157143577976204440e+01
9.812158224673428322e+02
-3.239566489593028564e+03
-7.018171948643804614e-02
-1.626655819732509278e-01
-1.873140151192565495e-01
1.135889703688299335e+00
-2.837031419889470829e+00
-1.715952890565159983e-01
1.724639705192257066e+00
-4.525884082547377396e+00
-4.991426678168035119e-02
6.062375632293922623e-01
-1.684766924661573073e+00
9.598496658583126617e+00
-3.972661648377826396e+02
1.620259842829429786e+01
-1.573576684935091407e+03
3.603950876428258198e+03
2.709036979243929366e+01
-1.786369272233810989e+03
5.151692517641774430e+03
1.117674248011799776e+01
-5.778027632097760034e+02
1.808325262030511340e+03
-2.989453187593729688e-02
1.402544435534626821e+00
-7.356111493387171296e-02
8.336637157918437291e-01
2.239990687746285791e-01
-5.520246103430509477e-02
5.667084394207103637e-01
7.186948134671973243e-01
-1.550759557672138668e-02
1.575045685531146489e-01
2.107691512579959459e-01
9.961582466609275599e-01
-7.884471238633774734e-03
-5.904264823251973576e-02
1.396498127873615713e+00
-4.514865321151141586e+00
-5.585719111725999386e-02
1.750722962974444741e+00
-5.993104869742058582e+00
-1.794492393130212721e-02
5.966167953588412676e-01
-2.060562464807593752e+00
4.399235377009435427e-02
4.891007285697512690e-03
3.931943335006956659e+03
-1.739557555931465322e+04
3.132335950254556337e+03
3.438877589399966528e+05
-1.216464017642690334e+06
-7.066532155396010785e+04
1.385660512631729478e+06
-3.963863298519358039e+06
-6.005823288324238820e+04
8.025462716609186027e+05
-2.092646538316427497e+06
-4.010499702577124845e+04
1.122544624741186271e+05
2.356161050899997645e+04
-3.476769790701027960e+06
1.137284197958081774e+07
7.544404046538061230e+05
-1.308338667088425905e+07
3.645425613090974838e+07
5.959882945497680921e+05
-7.428660447003602982e+06
1.893030374981838465e+07
8.320833174472738756e+04
-1.912368284452229273e+05
-2.109105318000192055e+05
8.718648769442467019e+06
-2.691821768999484554e+07
-1.989886920025143540e+06
3.084869702534013614e+07
-8.393589155949801207e+07
-1.452921876315414207e+06
1.708351770949164778e+07
-4.272646885161142051e+07
8.156640776348708100e-01
2.576549205239583529e+00
1.159748029692987625e+00
-2.364211271057967689e+00
6.767939266375128327e+00
7.575585461505814910e-01
-2.723910777539943595e+00
7.117316509315485540e+00
1.766716967851353348e-01
-7.980067995956710014e-01
2.115965351952415308e+00
6.922602011135588033e-03
3.018520684693474718e-02
6.312840787549883932e-03
-1.203723685229105139e-01
2.630906315031962817e-01
3.413425970399478968e-03
-1.081497533535425160e-01
2.705171585890314701e-01
7.375222287901035114e-04
-2.746743783024026969e-02
7.335706196254618283e-02
1.010028825854067946e+00
8.993121468205942954e-04
2.839789024200185530e-01
-4.048480446564663993e+00
1.321074902036903609e+01
1.039578744554983947e-01
-7.029647782300975756e+00
2.477286800997155325e+01
3.093257351286008566e-02
-2.691572373473618107e+00
9.611546532622845973e+00
1.310002832622577440e+00
-5.537722440083560002e-03
-6.783500464802141861e-02
-6.691053400927329253e-01
3.402454204331960774e+00
-5.296148376812312430e-02
-9.920628419752188787e-01
4.822290271772573966e+00
-6.134211096567663245e-03
-3.843499482303280868e-01
1.755922592571737439e+00
2.096551999295542828e+03
1.463749316826155336e+03
1.312549328609852182e+03
1.830733001708211668e+04
-4.353414407461069641e+04
-8.332889543511114425e+02
3.204731997183186832e+04
-1.086094503752085875e+05
4.522513639811220401e+02
8.353439546391713520e+03
-4.453132500373219955e+04
-1.011630122737123020e+04
-4.461929162086359429e+04
-6.540467211069037148e+03
-2.666426516355627682e+05
6.853018936923650326e+05
3.406271582942804343e+03
-4.385462824660161277e+05
1.630524424709866755e+06
-7.476597887260209063e+03
-1.147188929093515617e+05
6.748600160918309120e+05
2.293034715708393924e+04
2.311680795735823631e+05
1.496202621871135307e+04
1.195572136496679392e+06
-3.116949349510552827e+06
-3.037850701990812922e+03
1.867295367349246750e+06
-7.307554970164680853e+06
4.249389803113020025e+04
4.660254244188528974e+05
-3.063210693439758848e+06
-1.462187605505681131e+04
-3.775566858985315193e+05
-9.608715619158561822e+03
-1.710832522072722204e+06
4.322126410668096505e+06
-2.235906773694081858e+04
-2.502220648208505008e+06
1.028553405686718784e+07
-8.574773353288967337e+04
-5.710358512423615903e+05
4.395941068439106457e+06
9.789747327985583070e+01
-4.265973087748922410e+01
1.534842103790491308e+02
-1.417062076076895437e+03
2.752861414366502686e+03
1.387406469558648894e+02
-1.433658507513588120e+03
2.857741895243075760e+03
4.102510946737612585e+01
-4.236807379746389870e+02
8.503594335657172678e+02
-3.284753159863919691e+00
-9.061261661698853942e+00
-1.242311765968013404e+01
5.559509498058714172e+01
-1.057188196377038736e+02
-1.193138013649891960e+01
7.695868102064649463e+01
-1.555433356840140107e+02
-3.412969195451961646e+00
2.553250237696219571e+01
-5.443450002715633218e+01
-2.513146225649459117e-05
1.974906583987892861e-05
-1.839455020318174185e-05
2.187998828457209029e-05
8.250500807051740942e-05
7.159914656755363293e-06
-5.570766487897097857e-05
1.915663927201737655e-04
5.449002868268214330e-06
-3.222844789532165846e-05
7.969581021317621492e-05
4.331514709695348131e+01
6.386332679188080874e+02
-3.285768747216059182e+01
2.415893826937031463e+03
-5.766875169379177350e+03
-6.185459307173840671e+01
2.953967762459948062e+03
-8.986290575914970759e+03
-2.157143577976204440e+01
9.812158224673428322e+02
-3.239566489593028564e+03
-7.017950724109554839e-02
-1.626592992153354789e-01
-1.872964844279451646e-01
1.135545158336686455e+00
-2.837714008726339721e+00
-1.716798120347640955e-01
1.724941769532938540e+00
-4.523733201612046173e+00
-4.989538001016378954e-02
6.063789878100823705e-01
-1.684996907923996812e+00
9.598439984465775510e+00
-3.972985919678729374e+02
1.620275675695418016e+01
-1.573326613612758592e+03
3.604513879650258332e+03
2.708951717663056158e+01
-1.786587187893138662e+03
5.151360313134720855e+03
1.117707563227902057e+01
-5.777480845397786879e+02
1.808316494679619609e+03
-2.989448340699527029e-02
1.402590204851569045e+00
-7.356129731570383579e-02
8.336589402134000348e-01
2.239988290627963619e-01
-5.520222871059782960e-02
5.667078400253109383e-01
7.186948619283775042e-01
-1.550764971457007160e-02
1.575044838742519493e-01
2.107692825725677732e-01
9.959218158881659733e-01
-7.884475097417457945e-03
-5.904181254657119710e-02
1.396615799283108750e+00
-4.514543159519988968e+00
-5.585799141623683239e-02
1.750535938928517110e+00
-5.993658009878648940e+00
-1.794482841718040775e-02
5.966399618318262155e-01
-2.060496251425687486e+00
4.399235377009435427e-02
4.702227259333292483e-03
3.931941133497326064e+03
-1.739558696969199809e+04
3.132335928141613749e+03
3.438914328397604986e+05
-1.216452839250378311e+06
-7.066355481384664017e+04
1.385670424927258631e+06
-3.963946258543642238e+06
-6.006198687668484490e+04
8.024876788956678938e+05
-2.092664880391546991e+06
-4.010500306907509366e+04
1.122545557903542212e+05
2.356162050324432494e+04
-3.476765082223588135e+06
1.137256513188578375e+07
7.544422381406530039e+05
-1.308401713559358194e+07
3.645478076256138831e+07
5.959575314036166528e+05
-7.428736680214745924e+06
1.893039927664497867e+07
8.320839798980644264e+04
-1.912365969291803776e+05
-2.109103317013273481e+05
8.718465379581768066e+06
-2.691938968492570519e+07
-1.989938533092589816e+06
3.084776640398078412e+07
-8.393095017032137513e+07
-1.452899281532053603e+06
1.708441958580792695e+07
-4.272630393260520697e+07
8.157413459669204947e-01
2.576779299187455408e+00
1.159634041509820968e+00
-2.364372799662946001e+00
6.767545262678130946e+00
7.575829141370699071e-01
-2.723751681018962589e+00
7.117682929433655659e+00
1.766721341712328419e-01
-7.980140703609813757e-01
2.115940862735680383e+00
6.922159111495919913e-03
3.018335502610213980e-02
6.313274240586327565e-03
-1.203383788743080107e-01
2.631260552810377185e-01
3.413271198035658892e-03
-1.081818367217209226e-01
2.704736473710291356e-01
7.375312836318285645e-04
-2.746489065015630254e-02
7.336084674763455882e-02
1.010015036065588845e+00
8.993121445489731447e-04
2.839802395990142503e-01
-4.048426711883957196e+00
1.321086774083777371e+01
1.039576426177466623e-01
-7.029847493009247827e+00
2.477237652384638977e+01
3.093260118073674902e-02
-2.691534281214743807e+00
9.611638335338923866e+00
1.310172857233509847e+00
-5.537721746317839783e-03
-6.783552295954092815e-02
-6.691165479028188257e-01
3.402388202461076983e+00
-5.296111376889665878e-02
-9.920347283717226849e-01
4.822437846775816439e+00
-6.134217095618492259e-03
-3.843549024764910116e-01
1.755900145028461701e+00
2.096551999295542828e+03
1.463749316826155336e+03
1.312549328609852182e+03
1.830733001708211668e+04
-4.353414407461069641e+04
-8.332889543511114425e+02
3.204731997183186832e+04
-1.086094503752085875e+05
4.522513639811220401e+02
8.353439546391713520e+03
-4.453132500373219955e+04
-1.011670327872970665e+04
-4.461835248090613459e+04
-6.540294099191813075e+03
-2.665960106168847997e+05
6.851892322571888799e+05
3.406305084330137106e+03
-4.387027918807661044e+05
1.630393012572068255e+06
-7.477787252055439239e+03
-1.147275910735407233e+05
6.749113438975280151e+05
2.292969279683071727e+04
2.311876544617648760e+05
1.496225950033148729e+04
1.195793875871713040e+06
-3.118403482658211607e+06
-3.037824720272505147e+03
1.866679052277674666e+06
-7.306692076285860501e+06
4.247082535030754661e+04
4.658819664819234167e+05
-3.063199831799994223e+06
-1.462192304223687279e+04
-3.775306114448814187e+05
-9.608710605254789698e+03
-1.710833557125378400e+06
4.320862160883359611e+06
-2.235830282414252360e+04
-2.502134080770374276e+06
1.028764469292749465e+07
-8.578720857845504361e+04
-5.711522416229447117e+05
4.395584228226812556e+06
9.789747327985583070e+01
-4.265973087748922410e+01
1.534842103790491308e+02
-1.417062076076895437e+03
2.752861414366502686e+03
1.387406469558648894e+02
-1.433658507513588120e+03
2.857741895243075760e+03
4.102510946737612585e+01
-4.236807379746389870e+02
8.503594335657172678e+02
-3.284871999387601438e+00
-9.062135035922267434e+00
-1.242388427043418275e+01
5.560312670768210808e+01
-1.056871497414152117e+02
-1.193193692314752319e+01
7.697252552567300654e+01
-1.555596132858026976e+02
-3.412330210474648240e+00
2.553143098052265714e+01
-5.443679605516160080e+01
-2.512675624301772789e-05
1.974937920306425021e-05
-1.839696998120216183e-05
2.187892267392944358e-05
8.250347581814564623e-05
7.159825209378694780e-06
-5.569985012487929562e-05
1.915895615757801389e-04
5.449741872451216094e-06
-3.222930321491542145e-05
7.969081885394739442e-05
4.331514709695348131e+01
6.386332679188080874e+02
-3.285768747216059182e+01
2.415893826937031463e+03
-5.766875169379177350e+03
-6.185459307173840671e+01
2.953967762459948062e+03
-8.986290575914970759e+03
-2.157143577976204440e+01
9.812158224673428322e+02
-3.239566489593028564e+03
-7.017733399859471533e-02
-1.626533561752241397e-01
-1.872815743469040672e-01
1.135219041759842229e+00
-2.838354635967059281e+00
-1.717559651444832136e-01
1.725247063009755832e+00
-4.521713149855178138e+00
-4.987825732688293268e-02
6.065037761800345928e-01
-1.685216230555415251e+00
9.598384938932984056e+00
-3.973298714125411379e+02
1.620291157567939067e+01
-1.573072019464905907e+03
3.605067736282464921e+03
2.708870699093899503e+01
-1.786821316303357207e+03
5.150978567441756240e+03
1.117738554994275368e+01
-5.776942400149467858e+02
1.808318144571174116e+03
-2.989443820461709297e-02
1.402633557540144515e+00
-7.356146263202674451e-02
8.336542547261091007e-01
2.239985976397815270e-01
-5.520202243208047893e-02
5.667073241233034908e-01
7.186949856619786470e-01
-1.550769806859694615e-02
1.575044155934075818e-01
2.107694003607289146e-01
9.956961871406367903e-01
-7.884478752270197843e-03
-5.904100440118929122e-02
1.396728476451325918e+00
-4.514237015440285994e+00
-5.585877594002301022e-02
1.750354523192409362e+00
-5.994189282087445392e+00
-1.794473374652151565e-02
5.966627340341142949e-01
-2.060431852918070295e+00
4.399235377009435427e-02
4.559249610209352259e-03
3.931938427806193886e+03
-1.739560060848911598e+04
3.132336274248910740e+03
3.438959525438191486e+05
-1.216439218851853861e+06
-7.066204168575248332e+04
1.385664887118973304e+06
-3.964053626489953138e+06
-6.006546215083310381e+04
8.024361116754928371e+05
-2.092675752426274586e+06
-4.010501355206136941e+04
1.122546382100019837e+05
2.356163150090051931e+04
-3.476755567827445455e+06
1.137230871968832053e+07
7.544428297909199027e+05
-1.308466097075781226e+07
3.645526772499525547e+07
5.959285050975648919e+05
-7.428810329773990437e+06
1.893046918774176762e+07
8.320846705092421325e+04
-1.912363661389133777e+05
-2.109101806532901828e+05
8.718268028496269137e+06
-2.692057031612025201e+07
-1.989983726938152453e+06
3.084719719901230931e+07
-8.392554197674468160e+07
-1.452880437950461870e+06
1.708516402685434371e+07
-4.272635901637086272e+07
8.158023321436400632e-01
2.576974415876648994e+00
1.159559779881809360e+00
-2.364499514104438038e+00
6.767212894655148858e+00
7.575865965321918472e-01
-2.723648369417724258e+00
7.117968729454800858e+00
1.766739751380935197e-01
-7.980154843390482311e-01
2.115924976984601358e+00
6.921795154938626717e-03
3.018181677758317166e-02
6.313626692434994893e-03
-1.203104732436235252e-01
2.631554413154723604e-01
3.413146351111830297e-03
-1.082079196368958690e-01
2.704379443468576394e-01
7.375385504278719404e-04
-2.746283509382718008e-02
7.336392430848474866e-02
1.010007652099378817e+00
8.993121433856707259e-04
2.839809773447114494e-01
-4.048399108161218507e+00
1.321092570064216254e+01
1.039575080315164185e-01
-7.029953830228740763e+00
2.477213464709677027e+01
3.093261821849525861e-02
-2.691512807875627633e+00
9.611685477993056281e+00
1.310312427506093780e+00
-5.537721168848041241e-03
-6.783594174291994461e-02
-6.691257301231520183e-01
3.402333396126696385e+00
-5.296081895844435838e-02
-9.920120382963648620e-01
4.822558555338922304e+00
-6.134221823186789165e-03
-3.843588491562579534e-01
1.755882040280510203e+00
2.096551999295542828e+03
1.463749316826155336e+03
1.312549328609852182e+03
1.830733001708211668e+04
-4.353414407461069641e+04
-8.332889543511114425e+02
3.204731997183186832e+04
-1.086094503752085875e+05
4.522513639811220401e+02
8.353439546391713520e+03
-4.453132500373219955e+04
-1.011705269373042393e+04
-4.461757472835416411e+04
-6.540142657149186562e+03
-2.665558208601222723e+05
6.850940815868519712e+05
3.406329610755214162e+03
-4.388389165583666181e+05
1.630273261507865274e+06
-7.478738320555629798e+03
-1.147340738753835030e+05
6.749579635789948516e+05
2.292912926841550507e+04
2.312040986414191430e+05
1.496245705011121936e+04
1.195980659450633219e+06
-3.119636111242686864e+06
-3.037803226003619784e+03
1.866168174852668075e+06
-7.305981930525507778e+06
4.245183844153139216e+04
4.657623900862441515e+05
-3.063184211555210408e+06
-1.462196244768455472e+04
-3.775085828044464579e+05
-9.608708122838874260e+03
-1.710840481903239852e+06
4.319788555576040410e+06
-2.235764649910752996e+04
-2.502027090521668084e+06
1.028945747985081933e+07
-8.582031651748003787e+04
-5.712524925477618817e+05
4.395269094191022217e+06
9.789747327985583070e+01
-4.265973087748922410e+01
1.534842103790491308e+02
-1.417062076076895437e+03
2.752861414366502686e+03
1.387406469558648894e+02
-1.433658507513588120e+03
2.857741895243075760e+03
4.102510946737612585e+01
-4.236807379746389870e+02
8.503594335657172678e+02
-3.284960370202576474e+00
-9.062884061785972278e+00
-1.242460499631686943e+01
5.560945079644069011e+01
-1.056594768414752110e+02
-1.193276776890589730e+01
7.698478139053916891e+01
-1.555731430039285215e+02
-3.411683648505186905e+00
2.553086156763587411e+01
-5.443879629204423765e+01
-2.512191469694905206e-05
1.974977571795833318e-05
-1.839932230102212161e-05
2.187784677545984396e-05
8.250160198968688782e-05
7.159736728926984033e-06
-5.569234369884448537e-05
1.916127808541061685e-04
5.450440153229321266e-06
-3.223007731881191078e-05
7.968603079152259338e-05
4.331514709695348131e+01
6.386332679188080874e+02
-3.285768747216059182e+01
2.415893826937031463e+03
-5.766875169379177350e+03
-6.185459307173840671e+01
2.953967762459948062e+03
-8.986290575914970759e+03
-2.157143577976204440e+01
9.812158224673428322e+02
-3.239566489593028564e+03
-7.017519146012644871e-02
-1.626477159428496300e-01
-1.872689854203942184e-01
1.134909038709055906e+00
-2.838957775274046025e+00
-1.718248167029776396e-01
1.725555206877356751e+00
-4.519808676526555047e+00
-4.986266530137655612e-02
6.066141501751063370e-01
-1.685426042987142603e+00
9.598331188692432292e+00
-3.973602493317405333e+02
1.620306354408353755e+01
-1.572812352150891911e+03
3.605616006731249854e+03
2.708793322006125237e+01
-1.787070713318306616e+03
5.150549603301195020e+03
1.117767542757749943e+01
-5.776409930416422185e+02
1.808329327785137821e+03
-2.989439575390859249e-02
1.402674906397546772e+00
-7.356161360824366169e-02
8.336496181872911082e-01
2.239983726015958021e-01
-5.520183832656590239e-02
5.667068954239971035e-01
7.186951830530565744e-01
-1.550774147455556869e-02
1.575043599234731695e-01
2.107695055810514528e-01
9.954799608857047843e-01
-7.884482230817830076e-03
-5.904022052324942732e-02
1.396836810526451034e+00
-4.513944707717722160e+00
-5.585954617538355788e-02
1.750178041852124666e+00
-5.994701567338223569e+00
-1.794463990055980215e-02
5.966851493196632106e-01
-2.060369046774790380e+00
4.399235377009435427e-02
4.448343207283223140e-03
3.931935417413625146e+03
-1.739561564778226966e+04
3.132336856254102258e+03
3.439010095576668973e+05
-1.216423968565167161e+06
-7.066070616413229436e+04
1.385648918170047924e+06
-3.964177684625369031e+06
-6.006872617056543095e+04
8.023897167456166353e+05
-2.092681159798371373e+06
-4.010502612182163284e+04
1.122547137155317905e+05
2.356164286877619452e+04
-3.476743548500691541e+06
1.137206750251349807e+07
7.544427236512457021e+05
-1.308530586857483722e+07
3.645571883166999370e+07
5.959008509286351036e+05
-7.428880013219955377e+06
1.893052729620452225e+07
8.320853884186928917e+04
-1.912361360777893860e+05
-2.109100700839287892e+05
8.718060628464406356e+06
-2.692175183539000899e+07
-1.990023963113648817e+06
3.084688723879724368e+07
-8.391984809844186902e+07
-1.452864238298368640e+06
1.708579915337551013e+07
-4.272655642226815224e+07
8.158504016037723128e-01
2.577141624461844138e+00
1.159516862536502435e+00
-2.364598586057307106e+00
6.766929733243504330e+00
7.575740490624728318e-01
-2.723589125755317752e+00
7.118190460715496215e+00
1.766769111135214065e-01
-7.980122958993437488e-01
2.115915895896594012e+00
6.921492921917830714e-03
3.018052364377695265e-02
6.313915774252702555e-03
-1.202873257341801339e-01
2.631801062862756391e-01
3.413044930891649849e-03
-1.082293072110170340e-01
2.704083495551102279e-01
7.375444165287746044e-04
-2.746116446062921504e-02
7.336644833672488486e-02
1.010005152711238363e+00
8.993121430665786424e-04
2.839812572071498953e-01
-4.048391437088271871e+00
1.321093735672295644e+01
1.039574478782469558e-01
-7.029988824341246278e+00
2.477208324908652415e+01
3.093262710290928946e-02
-2.691504055887814051e+00
9.611698487050034601e+00
1.310428248721186684e+00
-5.537720682084050147e-03
-6.783628289558658875e-02
-6.691333322723425070e-01
3.402287324654150513e+00
-5.296058281073172391e-02
-9.919935796866029554e-01
4.822658299933166859e+00
-6.134225558395761148e-03
-3.843620095259036029e-01
1.755867324836624110e+00
2.096551999295542828e+03
1.463749316826155336e+03
1.312549328609852182e+03
1.830733001708211668e+04
-4.353414407461069641e+04
-8.332889543511114425e+02
3.204731997183186832e+04
-1.086094503752085875e+05
4.522513639811220401e+02
8.353439546391713520e+03
-4.453132500373219955e+04
-1.011735730260398122e+04
-4.461693209616796230e+04
-6.540009872663680653e+03
-2.665211612336747930e+05
6.850136331752488622e+05
3.406346773679627404e+03
-4.389573174786822638e+05
1.630164387493081857e+06
-7.479490200057221045e+03
-1.147387587852912256e+05
6.750002256662958534e+05
2.292864153386324324e+04
2.312178880290045636e+05
1.496262472136457473e+04
1.196138283846829319e+06
-3.120681406428991817e+06
-3.037785513876204732e+03
1.865746393119813874e+06
-7.305401038014985621e+06
4.243629185752049671e+04
4.656628172666999162e+05
-3.063165563684715889e+06
-1.462199584062991198e+04
-3.774900055306990398e+05
-9.608707559296819454e+03
-1.710851283156324411e+06
4.318876893417395651e+06
-2.235708317631145110e+04
-2.501905614895258099e+06
1.029101149029487371e+07
-8.584803036514905398e+04
-5.713389803821659880e+05
4.394990477996050380e+06
9.789747327985583070e+01
-4.265973087748922410e+01
1.534842103790491308e+02
-1.417062076076895437e+03
2.752861414366502686e+03
1.387406469558648894e+02
-1.433658507513588120e+03
2.857741895243075760e+03
4.102510946737612585e+01
-4.236807379746389870e+02
8.503594335657172678e+02
-3.285023763443968736e+00
-9.063530932628443892e+00
-1.242528973673322490e+01
5.561440654451053689e+01
-1.056350696416065915e+02
-1.193380745414198429e+01
7.699566094727686050e+01
-1.555845392926831607e+02
-3.411035126086952474e+00
2.553070044686723250e+01
-5.444053429067278671e+01
-2.511696673422987041e-05
1.975023849804275559e-05
-1.840162547843340264e-05
2.187676461212644706e-05
8.249945895435298077e-05
7.159653061914423012e-06
-5.568508904205852290e-05
1.916359779005449957e-04
5.451099236261511658e-06
-3.223079829184085602e-05
7.968141502900042284e-05
4.331514709695348131e+01
6.386332679188080874e+02
-3.285768747216059182e+01
2.415893826937031463e+03
-5.766875169379177350e+03
-6.185459307173840671e+01
2.953967762459948062e+03
-8.986290575914970759e+03
-2.157143577976204440e+01
9.812158224673428322e+02
-3.239566489593028564e+03
-7.017306921379758144e-02
-1.626423273701904093e-01
-1.872583889587802475e-01
1.134612816466101792e+00
-2.839528891575849201e+00
-1.718874516941746311e-01
1.725864800854347125e+00
-4.518004734374059694e+00
-4.984837670022321254e-02
6.067124657580276192e-01
-1.685627190464222602e+00
9.598278745344790863e+00
-3.973897663946514740e+02
1.620321272556187253e+01
-1.572549256129406103e+03
3.606158136908194592e+03
2.708719081859256406e+01
-1.787332803408503651e+03
5.150081449842752590e+03
1.117794828395811280e+01
-5.775881906659034257e+02
1.808348763483389803e+03
-2.989435604788373904e-02
1.402714306021402235e+00
-7.356175073984112800e-02
8.336450837831420602e-01
2.239981542754282406e-01
-5.520167351538565054e-02
5.667065267956854502e-01
7.186954353788220784e-01
-1.550778067823589332e-02
1.575043148583326613e-01
2.107696002228199306e-01
9.952722014839076037e-01
-7.884485552222771088e-03
-5.903945891335769802e-02
1.396941230784498389e+00
-4.513664734650155275e+00
-5.586030280457875835e-02
1.750006096555801305e+00
-5.995196739864006474e+00
-1.794454690769255525e-02
5.967072222514910873e-01
-2.060307705463436445e+00
4.399235377009435427e-02
4.360128408656722618e-03
