3.931897989719669567e+03
-1.739575870681280503e+04
3.132375545898834844e+03
3.439658609236137709e+05
-1.216256581998199690e+06
-7.069800600428853068e+04
1.383907177859704942e+06
-3.966276189097944647e+06
-6.001752423652596190e+04
8.035151181825734675e+05
-2.091710365941657918e+06
-4.010547653771656769e+04
1.122530169706700981e+05
2.356169606583616769e+04
-3.476180699403351173e+06
1.137593670849481970e+07
7.543131127166453516e+05
-1.308476044625267945e+07
3.644458485392813385e+07
5.962266124722879613e+05
-7.427790114356440492e+06
1.892897751404034346e+07
8.320835471266537206e+04
-1.912377264145924128e+05
-2.109162454782992136e+05
8.717975083525680006e+06
-2.691494242066955194e+07
-1.988980652736272197e+06
3.088802996015456319e+07
-8.390870279256162047e+07
-1.453503195344649721e+06
1.706352899082216620e+07
-4.274865973112091422e+07
8.149838730507784623e-01
2.574755351745465770e+00
1.161019803549678597e+00
-2.362777178555153679e+00
6.771038707057573269e+00
7.570782938606833712e-01
-2.725689689043247377e+00
7.114038039714996486e+00
1.766934149293478973e-01
-7.978690983168182926e-01
2.116239150200515340e+00
6.927402739328343377e-03
3.020474290328910988e-02
6.308024337706170936e-03
-1.207413066113113831e-01
2.627159890578132373e-01
3.415177364719879441e-03
-1.077933861118837433e-01
2.709896696689174656e-01
7.374185938559282925e-04
-2.749621038376280982e-02
7.331507891357019746e-02
1.010344404799476958e+00
8.993122007234547691e-04
2.839491168044590008e-01
-4.049752962958004687e+00
1.320782817266536568e+01
1.039627848680542560e-01
-7.025059158961947325e+00
2.478489237013047486e+01
3.093202475605891927e-02
-2.692402389685166320e+00
9.609374464684982797e+00
1.308161560703610560e+00
-5.537729694807678321e-03
-6.782917938621006726e-02
-6.689834970767116751e-01
3.403147966134083102e+00
-5.296577374411866324e-02
-9.923793203111361816e-01
4.820681208409586915e+00
-6.134139870393713091e-03
-3.842925330869636502e-01
1.756175442198598446e+00
2.096551999295542828e+03
1.463749316826155336e+03
1.312549328609852182e+03
1.830733001708211668e+04
-4.353414407461069641e+04
-8.332889543511114425e+02
3.204731997183186832e+04
-1.086094503752085875e+05
4.522513639811220401e+02
8.353439546391713520e+03
-4.453132500373219955e+04
-1.011405647262115599e+04
-4.463101109458185238e+04
-6.541308761668721672e+03
-2.669592341930750408e+05
6.863283229317984078e+05
3.405637218767968534e+03
-4.375077208209015080e+05
1.631817130734469742e+06
-7.462648563007645862e+03
-1.145852517715331924e+05
6.744024689098675735e+05
2.293365827343649653e+04
2.309600081497950596e+05
1.496108397418369532e+04
1.194018134231814183e+06
-3.104223969305276405e+06
-3.038166617199258781e+03
1.872032284909359179e+06
-7.309145012085539289e+06
4.273822871475410648e+04
4.675020186166010099e+05
-3.064853498512499034e+06
-1.462171522218356949e+04
-3.778128579387104255e+05
-9.608682631509725979e+03
-1.710892525721405633e+06
4.332924601416520774e+06
-2.236668326226652789e+04
-2.501971638637746684e+06
1.027449590225954168e+07
-8.536030079034245864e+04
-5.700253441737515386e+05
4.396844346849776804e+06
9.789747327985583070e+01
-4.265973087748922410e+01
1.534842103790491308e+02
-1.417062076076895437e+03
2.752861414366502686e+03
1.387406469558648894e+02
-1.433658507513588120e+03
2.857741895243075760e+03
4.102510946737612585e+01
-4.236807379746389870e+02
8.503594335657172678e+02
-3.282701958759533856e+00
-9.051384468245865733e+00
-1.241544974225804232e+01
5.547164477097869906e+01
-1.060510993896633494e+02
-1.195304455369065799e+01
7.680704618365417957e+01
-1.553317294809839382e+02
-3.412926159239326296e+00
2.557237756995253619e+01
-5.440803670774046452e+01
-2.515642981879956500e-05
1.975025694220132650e-05
-1.837067146929591507e-05
2.188631704131197269e-05
8.250240316860032888e-05
7.157371250566708209e-06
-5.578000011227068460e-05
1.914208288407217846e-04
5.447166261464216858e-06
-3.220610095021981872e-05
7.974016714984341050e-05
4.331514709695348131e+01
6.386332679188080874e+02
-3.285768747216059182e+01
2.415893826937031463e+03
-5.766875169379177350e+03
-6.185459307173840671e+01
2.953967762459948062e+03
-8.986290575914970759e+03
-2.157143577976204440e+01
9.812158224673428322e+02
-3.239566489593028564e+03
-7.020209449091723009e-02
-1.626979845068708408e-01
-1.872514685185499017e-01
1.138313650449944925e+00
-2.833419630443004600e+00
-1.713795568684061688e-01
1.719754933811952657e+00
-4.539717148261272150e+00
-4.998343735754870454e-02
6.062072055948308780e-01
-1.682769616644546051e+00
9.598807238347900395e+00
-3.970543859555743325e+02
1.620212618951781280e+01
-1.574828698671703705e+03
3.600341084383109319e+03
2.709242965907546719e+01
-1.786482357315139097e+03
5.152919378666510966e+03
1.117571013003389524e+01
-5.777999423177481049e+02
1.808730762932043035e+03
-2.989487384493607139e-02
1.402210644858373767e+00
-7.356049468633846233e-02
8.337006542278661003e-01
2.240008282397391026e-01
-5.520287000117722609e-02
5.667186343606578358e-01
7.186931973380502603e-01
-1.550743735432574301e-02
1.575032277927718716e-01
2.107681571517622809e-01
9.974408278363099400e-01
-7.884449714907202852e-03
-5.904690119559103528e-02
1.395871239676408804e+00
-4.516631601676276198e+00
-5.585343136869692221e-02
1.751658003934360330e+00
-5.990208965347804337e+00
-1.794533652216119546e-02
5.965097794825992006e-01
-2.060887936797180409e+00
7.000000000000000000e+00
6.999999999999031886e+00
3.931892050429827123e+03
-1.739577624508252484e+04
3.132380742602295413e+03
3.439769547008201480e+05
-1.216230622484286781e+06
-7.070180158166613546e+04
1.383613252503235824e+06
-3.966779186016454827e+06
-6.001345247982751607e+04
8.036795073760874802e+05
-2.091460552808157168e+06
-4.010555102186480508e+04
1.122529966869003547e+05
2.356172281117508828e+04
-3.476154670779216103e+06
1.137580744402032346e+07
7.542866398509549908e+05
-1.308522902947809361e+07
3.644584320374522358e+07
5.962399826769809006e+05
-7.427601023426602595e+06
1.892870857816543058e+07
8.320835861447165371e+04
-1.912376277915677347e+05
-2.109166204332121706e+05
8.717627460626242682e+06
-2.691605482997744903e+07
-1.988889308976829983e+06
3.089552709768689796e+07
-8.389202042519031465e+07
-1.453608408123029396e+06
1.705958039497427270e+07
-4.275554580727484077e+07
8.150231219217619616e-01
2.574854922394671508e+00
1.160890588904152310e+00
-2.362912573022800000e+00
6.770758550578448443e+00
7.571689813353104093e-01
-2.725393335063155398e+00
7.114545663915875728e+00
1.766851529317589875e-01
-7.979114563323038700e-01
2.116164338270133172e+00
6.927312411639298742e-03
3.020435322633179334e-02
6.308142070553432977e-03
-1.207316057712601309e-01
2.627269233064895571e-01
3.415121811853782247e-03
-1.078057410431038365e-01
2.709711281136483740e-01
7.374228394732456390e-04
-2.749490057007972568e-02
7.331728532128553577e-02
1.010334075389436759e+00
8.993121987846393415e-04
2.839503222684880424e-01
-4.049695238802565100e+00
1.320797710152138471e+01
1.039625363332743885e-01
-7.025324982784534100e+00
2.478409075198825207e+01
3.093205966764997136e-02
-2.692340664261593020e+00
9.609564805610373739e+00
1.308199284055382661e+00
-5.537729534440460552e-03
-6.782933730938235650e-02
-6.689871265950795287e-01
3.403125081992281586e+00
-5.296561967647969715e-02
-9.923665844466700303e-01
4.820754366597288509e+00
-6.134143245320685528e-03
-3.842956437455196661e-01
1.756159639993825294e+00
2.096551999295542828e+03
1.463749316826155336e+03
1.312549328609852182e+03
1.830733001708211668e+04
-4.353414407461069641e+04
-8.332889543511114425e+02
3.204731997183186832e+04
-1.086094503752085875e+05
4.522513639811220401e+02
8.353439546391713520e+03
-4.453132500373219955e+04
-1.011686205601819529e+04
-4.463741346684335440e+04
-6.540745374058008565e+03
-2.668490820700179902e+05
6.862743583639581921e+05
3.405710937410066435e+03
-4.375738876362813171e+05
1.632172117828679038e+06
-7.464404057231882689e+03
-1.145722747490761831e+05
6.746750887834968744e+05
2.292659539925542776e+04
2.308785041298308934e+05
1.496250795469313380e+04
1.194969218737519113e+06
-3.105028743321246933e+06
-3.038136781193326442e+03
1.871937540062407730e+06
-7.303310372376232408e+06
4.271000568704945908e+04
4.675643694735514000e+05
-3.062706111153936945e+06
-1.462277274290761488e+04
-3.778909416480862419e+05
-9.608468981891919611e+03
-1.710264223342172103e+06
4.332168507854384370e+06
-2.236606661749778868e+04
-2.501723269954333082e+06
1.028036249494284391e+07
-8.540183250460894487e+04
-5.700139651055646827e+05
4.398030386789664626e+06
9.789747327985583070e+01
-4.265973087748922410e+01
1.534842103790491308e+02
-1.417062076076895437e+03
2.752861414366502686e+03
1.387406469558648894e+02
-1.433658507513588120e+03
2.857741895243075760e+03
4.102510946737612585e+01
-4.236807379746389870e+02
8.503594335657172678e+02
-3.281693445431047351e+00
-9.050417451003182734e+00
-1.242530703666867709e+01
5.545675696540487110e+01
-1.060474956316388955e+02
-1.194868303604465254e+01
7.679233098402772839e+01
-1.553825823303525624e+02
-3.412933026157683791e+00
2.557751384560111063e+01
-5.439822855081055764e+01
-2.514235222949621844e-05
1.975115995548100756e-05
-1.837544537014856652e-05
2.188606593265595169e-05
8.250440132149488399e-05
7.157624447974365865e-06
-5.578399129012332825e-05
1.913946100802003654e-04
5.447268017640184801e-06
-3.220361506069078361e-05
7.974603841480019538e-05
4.331514709695348131e+01
6.386332679188080874e+02
-3.285768747216059182e+01
2.415893826937031463e+03
-5.766875169379177350e+03
-6.185459307173840671e+01
2.953967762459948062e+03
-8.986290575914970759e+03
-2.157143577976204440e+01
9.812158224673428322e+02
-3.239566489593028564e+03
-7.019103436065113333e-02
-1.626902723472260226e-01
-1.873150872014674728e-01
1.138045566711826551e+00
-2.833575301285766290e+00
-1.713387978998477112e-01
1.720179349071537356e+00
-4.539570396552677245e+00
-4.998629701594819313e-02
6.061474553801905474e-01
-1.682822929453690275e+00
9.598940876150749091e+00
-3.970219459072428663e+02
1.620182448967934263e+01
-1.575170684194223895e+03
3.600144756695187880e+03
2.709304182592729049e+01
-1.786248263165444996e+03
5.152922570374989846e+03
1.117563420758665771e+01
-5.778144952387547164e+02
1.808747400718578547e+03
-2.989503396386516271e-02
1.402159745241992050e+00
-7.355972771757825213e-02
8.337127253327074605e-01
2.240009299243519159e-01
-5.520318192386399619e-02
5.667157142984310392e-01
7.186931517455935614e-01
-1.550741967892114472e-02
1.575033461332349394e-01
2.107681242765576946e-01
9.974754713422901986e-01
-7.884449361630109510e-03
-5.904696126700078457e-02
1.395868995892239450e+00
-4.516628128881928106e+00
-5.585344151193481765e-02
1.751645391040953292e+00
-5.990263513585222022e+00
-1.794532903104000335e-02
5.965130661019869551e-01
-2.060875867056194188e+00
7.000000000000000000e+00
2.250262620539404068e+00
3.931887618404680779e+03
-1.739578729807582204e+04
3.132384025231248870e+03
3.439836276094218483e+05
-1.216217300840942189e+06
-7.070375647420523455e+04
1.383444622370606754e+06
-3.967059506195440888e+06
-6.001181080352334538e+04
8.037698080485558603e+05
-2.091315469804496039e+06
-4.010563195086689666e+04
1.122529576712710696e+05
2.356174723661097596e+04
-3.476109475529516581e+06
1.137575029316894896e+07
7.542718526553290430e+05
-1.308593384054263309e+07
3.644596047132100910e+07
5.962348720808884827e+05
-7.427385157615114935e+06
1.892889917313172668e+07
8.320831335940471035e+04
-1.912375967486935260e+05
-2.109166163484126155e+05
8.717488925064746290e+06
-2.691664516622422263e+07
-1.988838270146884257e+06
3.089905261423527822e+07
-8.388352981648091972e+07
-1.453688339836033760e+06
1.705749429538429156e+07
-4.275898313567963988e+07
8.150525643853605562e-01
2.574931921421168113e+00
1.160793220381376667e+00
-2.363017173566359652e+00
6.770539283385659246e+00
7.572376731087061552e-01
-2.725164121324246125e+00
7.114942529251948145e+00
1.766788619768285551e-01
-7.979442928611779617e-01
2.116105814873509683e+00
6.927186834096822100e-03
3.020381172271170700e-02
6.308306408919042360e-03
-1.207180516312541807e-01
2.627422060103675183e-01
3.415044008332852963e-03
-1.078230810084700730e-01
2.709450816517318117e-01
7.374288023083852431e-04
-2.749305542166091687e-02
7.332039775579438090e-02
1.010317051174580705e+00
8.993121955713287560e-04
2.839523551299629189e-01
-4.049597064295313409e+00
1.320823149995613299e+01
1.039621095729141714e-01
-7.025786446481922631e+00
2.478269166220227149e+01
3.093212044793362120e-02
-2.692231810510720358e+00
9.609902544065652918e+00
1.308249184361367723e+00
-5.537729322852138168e-03
-6.782954682052001749e-02
-6.689919318000291382e-01
3.403094817329517241e+00
-5.296541477341360632e-02
-9.923496746782085598e-01
4.820851417818809104e+00
-6.134147743288325370e-03
-3.842997838234065711e-01
1.756138622901483259e+00
2.096551999295542828e+03
1.463749316826155336e+03
1.312549328609852182e+03
1.830733001708211668e+04
-4.353414407461069641e+04
-8.332889543511114425e+02
3.204731997183186832e+04
-1.086094503752085875e+05
4.522513639811220401e+02
8.353439546391713520e+03
-4.453132500373219955e+04
-1.011781265808543685e+04
-4.464152824321847584e+04
-6.540700721251398136e+03
-2.667889462931525195e+05
6.862812478681363864e+05
3.405810392928229703e+03
-4.376069030578559614e+05
1.632282231021935120e+06
-7.465381429221140934e+03
-1.145549390260134387e+05
6.749021452795810765e+05
2.292424488315076451e+04
2.308268985114683164e+05
1.496258224981784952e+04
1.195433491440654499e+06
-3.105193494291390292e+06
-3.038095787869660398e+03
1.872134883188591572e+06
-7.300074546234430745e+06
4.269395019798332214e+04
4.676618412065873272e+05
-3.060982891383013222e+06
-1.462311896794403219e+04
-3.779396514330775244e+05
-9.608463348896346361e+03
-1.710001932584871072e+06
4.331891864319661632e+06
-2.236520584896715081e+04
-2.501285373246719595e+06
1.028420752976498008e+07
-8.542595222537725931e+04
-5.699835985236046836e+05
4.398920948192260228e+06
9.789747327985583070e+01
-4.265973087748922410e+01
1.534842103790491308e+02
-1.417062076076895437e+03
2.752861414366502686e+03
1.387406469558648894e+02
-1.433658507513588120e+03
2.857741895243075760e+03
4.102510946737612585e+01
-4.236807379746389870e+02
8.503594335657172678e+02
-3.281023665463854044e+00
-9.049500633956839124e+00
-1.243094109401051028e+01
5.544256402625316582e+01
-1.060518712732409483e+02
-1.194737749829523032e+01
7.677788270296686335e+01
-1.554168348893678058e+02
-3.412791345821190703e+00
2.558274480776698923e+01
-5.438976097449851466e+01
-2.513480125077980943e-05
1.975188104572171813e-05
-1.837729539435801565e-05
2.188597246204847699e-05
8.250548491892922679e-05
7.157569010377368329e-06
-5.578859437517963053e-05
1.913730035959672999e-04
5.447425331513045546e-06
-3.220097971960238475e-05
7.975155319121228243e-05
4.331514709695348131e+01
6.386332679188080874e+02
-3.285768747216059182e+01
2.415893826937031463e+03
-5.766875169379177350e+03
-6.185459307173840671e+01
2.953967762459948062e+03
-8.986290575914970759e+03
-2.157143577976204440e+01
9.812158224673428322e+02
-3.239566489593028564e+03
-7.018504496988013652e-02
-1.626851467551858887e-01
-1.873473081406817897e-01
1.137913075959012144e+00
-2.833631100279413673e+00
-1.713179081144657057e-01
1.720240975366900127e+00
-4.539909981419166130e+00
-4.998835377843174194e-02
6.061480716957914350e-01
-1.682745572251592936e+00
9.599024206695098371e+00
-3.969962075281047191e+02
1.620165942018599381e+01
-1.575387148269033787e+03
3.599998461744000451e+03
2.709329467304702632e+01
-1.786235071998474496e+03
5.152636864925009831e+03
1.117561562559873245e+01
-5.777926442695796823e+02
1.808846492513161365e+03
-2.989513478068648797e-02
1.402119197037257514e+00
-7.355931216187758248e-02
8.337202188000808478e-01
2.240010014372289804e-01
-5.520329723648185333e-02
5.667158429708319956e-01
7.186939356704168391e-01
-1.550741816035286144e-02
1.575030789204936443e-01
2.107679304488958572e-01
9.975076948839589619e-01
-7.884448949487365965e-03
-5.904700524684136642e-02
1.395865695569018294e+00
-4.516631869182477388e+00
-5.585347879263578147e-02
1.751631843190800231e+00
-5.990311773911342286e+00
-1.794531626165996041e-02
5.965170725578842204e-01
-2.060862897299336360e+00
7.000000000000000000e+00
1.660174675817262191e+00
3.931884882213499623e+03
-1.739579128993751874e+04
3.132385701711007187e+03
3.439860984539262718e+05
-1.216216117001464823e+06
-7.070445317336928565e+04
1.383382178998262156e+06
-3.967136389237407595e+06
-6.001159794374997728e+04
8.038030685595191317e+05
-2.091261219894645503e+06
-4.010569879422243685e+04
1.122529339753113745e+05
2.356176575543711442e+04
-3.476081024300636724e+06
1.137566884715943970e+07
7.542645040334219811e+05
-1.308637802388777584e+07
3.644629466222277284e+07
5.962240379524645396e+05
-7.427253604322018102e+06
1.892906317439633980e+07
8.320825408891213010e+04
-1.912375926777494315e+05
-2.109164267605663044e+05
8.717452411294369027e+06
-2.691696537329155952e+07
-1.988818751888504019e+06
3.090028986075006053e+07
-8.387961795935289562e+07
-1.453737251108619850e+06
1.705664445874559134e+07
-4.276035030720966309e+07
8.150709812741189220e-01
2.574982101766101650e+00
1.160731926658679747e+00
-2.363085298209698593e+00
6.770394036946728811e+00
7.572812331908475025e-01
-2.725014532878108575e+00
7.115205232086863951e+00
1.766748430305345452e-01
-7.979657964765279887e-01
2.116067025169485749e+00
6.927063764968308980e-03
3.020328220170796427e-02
6.308467464978848721e-03
-1.207047982409021336e-01
2.627571318801504296e-01
3.414967751172190945e-03
-1.078400370520055801e-01
2.709196420548857231e-01
7.374346475569501470e-04
-2.749125090872777538e-02
7.332343804159499601e-02
1.010299049004444782e+00
8.993121921692458871e-04
2.839545146270414100e-01
-4.049492588577123797e+00
1.320850246451336929e+01
1.039616546316721596e-01
-7.026279473471888970e+00
2.478119529411805999e+01
3.093218541287792375e-02
-2.692115165099822516e+00
9.610264888557651375e+00
1.308296879485716602e+00
-5.537729121091969700e-03
-6.782974686193769809e-02
-6.689965081813668002e-01
3.403066029587036301e+00
-5.296521925430928285e-02
-9.923335824904440106e-01
4.820943659329146591e+00
-6.134152033864034327e-03
-3.843037220184502001e-01
1.756118656553921076e+00
2.096551999295542828e+03
1.463749316826155336e+03
1.312549328609852182e+03
1.830733001708211668e+04
-4.353414407461069641e+04
-8.332889543511114425e+02
3.204731997183186832e+04
-1.086094503752085875e+05
4.522513639811220401e+02
8.353439546391713520e+03
-4.453132500373219955e+04
-1.011763639893725122e+04
-4.464396679494138516e+04
-6.540913789695561718e+03
-2.667556343512804597e+05
6.863268251555215102e+05
3.405897053349565795e+03
-4.376333841018091771e+05
1.632281830406894209e+06
-7.465748207355806699e+03
-1.145399817745217006e+05
6.750239717897881055e+05
2.292475429682776667e+04
2.307969334328908590e+05
1.496198984292407295e+04
1.195655911612805445e+06
-3.104915331789012533e+06
-3.038059580991142866e+03
1.872302451674995944e+06
-7.298413266469495371e+06
4.268763896773767192e+04
4.677481867534701596e+05
-3.060194971461751033e+06
-1.462303385919452194e+04
-3.779673486154860584e+05
-9.608559912237398748e+03
-1.709907536346544046e+06
4.331970593594667502e+06
-2.236443707133887801e+04
-2.500922652919368818e+06
1.028656752427957393e+07
-8.543583445288892835e+04
-5.699549439294568729e+05
4.399196666363656521e+06
9.789747327985583070e+01
-4.265973087748922410e+01
1.534842103790491308e+02
-1.417062076076895437e+03
2.752861414366502686e+03
1.387406469558648894e+02
-1.433658507513588120e+03
2.857741895243075760e+03
4.102510946737612585e+01
-4.236807379746389870e+02
8.503594335657172678e+02
-3.280652754063736243e+00
-9.048752824715517562e+00
-1.243358321657985499e+01
5.542954378374581381e+01
-1.060612689978573684e+02
-1.194730467247643269e+01
7.677251735956579637e+01
-1.554301565769659419e+02
-3.412700162611777888e+00
2.558580402510794727e+01
-5.438482315338505657e+01
-2.513208045972180744e-05
1.975240043327838009e-05
-1.837740155852337525e-05
2.188591557450276733e-05
8.250567764720441964e-05
7.157417247961249262e-06
-5.579191173764400249e-05
1.913596841496567624e-04
5.447515623873105855e-06
-3.219920834422804049e-05
7.975529941719269758e-05
4.331514709695348131e+01
6.386332679188080874e+02
-3.285768747216059182e+01
2.415893826937031463e+03
-5.766875169379177350e+03
-6.185459307173840671e+01
2.953967762459948062e+03
-8.986290575914970759e+03
-2.157143577976204440e+01
9.812158224673428322e+02
-3.239566489593028564e+03
-7.018272706750380840e-02
-1.626819900167269239e-01
-1.873602622901336945e-01
1.137842469807557100e+00
-2.833677255981318588e+00
-1.713049968955117908e-01
1.720248239818365832e+00
-4.540198967876072800e+00
-4.999069521063575355e-02
6.061463572231832186e-01
-1.682673672406225673e+00
9.599066714487811680e+00
-3.969775493569042055e+02
1.620158450285888208e+01
-1.575534307745996330e+03
3.599855190867481724e+03
2.709339183246053651e+01
-1.786252256062826973e+03
5.152432630758776213e+03
1.117560316871568205e+01
-5.777725865440758071e+02
1.808931204837862197e+03
-2.989518710608449897e-02
1.402089633810444713e+00
-7.355912661166831568e-02
8.337252424835367437e-01
2.240010692159206396e-01
-5.520332914619210246e-02
5.667164191841331800e-01
7.186945569227528585e-01
-1.550741886856828178e-02
1.575028175644096751e-01
2.107677565930136665e-01
9.975335597891241690e-01
-7.884448568697844523e-03
-5.904703804356588315e-02
1.395861711996355670e+00
-4.516640515485319085e+00
-5.585351467347105664e-02
1.751622380749201069e+00
-5.990342077029623624e+00
-1.794530473909882601e-02
5.965202770260247256e-01
-2.060853107928609873e+00
7.000000000000000000e+00
1.479532163941537304e+00
3.931882762219826873e+03
-1.739579274205725596e+04
3.132386817916971722e+03
3.439870660870524589e+05
-1.216219242194137303e+06
-7.070472975555290759e+04
1.383357290282905800e+06
-3.967140613594762981e+06
-6.001184151684775134e+04
8.038164527424896369e+05
-2.091239406458360143e+06
-4.010576016681682813e+04
1.122529162032555614e+05
2.356178225177864442e+04
-3.476059147548157256e+06
1.137557794710238278e+07
7.542591579073893372e+05
-1.308672338387241773e+07
3.644673325249085575e+07
5.962123022344387136e+05
-7.427149573403195478e+06
1.892920455813013017e+07
8.320819031240229378e+04
-1.912375979066713189e+05
-2.109161696409546421e+05
8.717451214391894639e+06
-2.691719056712210178e+07
-1.988811546797044808e+06
3.090072375718588009e+07
-8.387729477573913336e+07
-1.453773462490962120e+06
1.705623597146486491e+07
-4.276100086055732518e+07
8.150838758308700527e-01
2.575018855182465316e+00
1.160688662266433635e+00
-2.363135205623127622e+00
6.770285751952618725e+00
7.573122526132155530e-01
-2.724904641694449570e+00
7.115401067716115691e+00
1.766719565162514771e-01
-7.979816574199013468e-01
2.116038057205460454e+00
6.926948001749005934e-03
3.020278641022481128e-02
6.308618804130967754e-03
-1.206924092208209176e-01
2.627710475450588667e-01
3.414896142010184158e-03
-1.078558692699145422e-01
2.708959557892703929e-01
7.374401342955005153e-04
-2.748956731087552965e-02
7.332626613323629805e-02
1.010281386357418043e+00
8.993121888340151410e-04
2.839566330423869966e-01
-4.049390185117008656e+00
1.320876793303904861e+01
1.039612083507966689e-01
-7.026762712235077757e+00
2.477972927706116835e+01
3.093224914734622397e-02
-2.692000823873656135e+00
9.610619926592605111e+00
1.308341038019654512e+00
-5.537728934917134603e-03
-6.782993166658311812e-02
-6.690007199704005592e-01
3.403039583593710837e+00
-5.296503888359157391e-02
-9.923187985537590405e-01
4.821028237210330580e+00
-6.134155988568067326e-03
-3.843073359164974612e-01
1.756100371663171567e+00
2.096551999295542828e+03
1.463749316826155336e+03
1.312549328609852182e+03
1.830733001708211668e+04
-4.353414407461069641e+04
-8.332889543511114425e+02
3.204731997183186832e+04
-1.086094503752085875e+05
4.522513639811220401e+02
8.353439546391713520e+03
-4.453132500373219955e+04
-1.011702608311627591e+04
-4.464566739997202967e+04
-6.541223543834277734e+03
-2.667333169530727901e+05
6.863837425543171121e+05
3.405979737467936047e+03
-4.376574589461474097e+05
1.632244751543938881e+06
-7.465918703645706046e+03
-1.145267836325260723e+05
6.750999021419744240e+05
2.292636403192238140e+04
2.307765030744024261e+05
1.496115017068280213e+04
1.195782189353703288e+06
-3.104496911505728029e+06
-3.038025131340739335e+03
1.872435788846495328e+06
-7.297376785528072156e+06
4.268456756128221605e+04
4.678261110662042047e+05
-3.059794466967477929e+06
-1.462278297254591416e+04
-3.779857802169454517e+05
-9.608693972681916421e+03
-1.709877536121601937e+06
4.332168113608731888e+06
-2.236370741168146924e+04
-2.500617609626201913e+06
1.028828875048735552e+07
-8.544083055819438596e+04
-5.699277711000335403e+05
4.399234812410454266e+06
9.789747327985583070e+01
-4.265973087748922410e+01
1.534842103790491308e+02
-1.417062076076895437e+03
2.752861414366502686e+03
1.387406469558648894e+02
-1.433658507513588120e+03
2.857741895243075760e+03
4.102510946737612585e+01
-4.236807379746389870e+02
8.503594335657172678e+02
-3.280426068205328782e+00
-9.048128147884785477e+00
-1.243482537144151578e+01
5.541829482049672606e+01
-1.060713617009554497e+02
-1.194770752043147688e+01
7.677058350545232202e+01
-1.554355558062744080e+02
-3.412655580529845079e+00
2.558762537164107087e+01
-5.438169553075188389e+01
-2.513147877972623679e-05
1.975279690787250906e-05
-1.837679683747491129e-05
2.188589172032238031e-05
8.250560432316485769e-05
7.157243544135814364e-06
-5.579451080620930994e-05
1.913501695363687923e-04
5.447554257560329794e-06
-3.219801173606556892e-05
7.975799494950252221e-05
4.331514709695348131e+01
6.386332679188080874e+02
-3.285768747216059182e+01
2.415893826937031463e+03
-5.766875169379177350e+03
-6.185459307173840671e+01
2.953967762459948062e+03
-8.986290575914970759e+03
-2.157143577976204440e+01
9.812158224673428322e+02
-3.239566489593028564e+03
-7.018204440193230587e-02
-1.626798532415742737e-01
-1.873648058003870298e-01
1.137801468702243080e+00
-2.833713111079893210e+00
-1.712952471716795155e-01
1.720246916583197061e+00
-4.540436656826030593e+00
-4.999323511692248950e-02
6.061371238652735194e-01
-1.682619129950869707e+00
9.599089689511204782e+00
-3.969631489540407756e+02
1.620155193824524176e+01
-1.575639471804030791e+03
3.599731240965395045e+03
2.709342178852804750e+01
-1.786282752016739551e+03
5.152262192204879284e+03
1.117559051653373281e+01
-5.777561050235487983e+02
1.809002135781863899e+03
-2.989521599296760673e-02
1.402066743229318346e+00
-7.355905003137944154e-02
8.337287630689292905e-01
2.240011265939240159e-01
-5.520332499144431360e-02
5.667171907368178108e-01
7.186951095987943461e-01
-1.550741979429195831e-02
1.575025858562194570e-01
2.107676047663500640e-01
9.975544005156352645e-01
-7.884448240741481068e-03
-5.904705968973074370e-02
1.395858454095989076e+00
-4.516648421112166467e+00
-5.585355309024284121e-02
1.751613649193246358e+00
-5.990368065928810104e+00
-1.794529387516006699e-02
5.965231389647558391e-01
-2.060844616940698870e+00
7.000000000000000000e+00
1.382202634625564253e+00
3.931880876678981622e+03
-1.739579332008916390e+04
3.132387731743217046e+03
3.439875076821452240e+05
-1.216223757472238038e+06
-7.070486509569964255e+04
1.383345501398679102e+06
-3.967120412298866082e+06
-6.001222552111269761e+04
8.038230092373490334e+05
-2.091228726536698639e+06
-4.010581907075824711e+04
1.122529004306499119e+05
2.356179790119602330e+04
-3.476039807745866012e+06
1.137548578237800300e+07
7.542544442933243699e+05
-1.308702798738218471e+07
3.644720012550152838e+07
5.962006212582638254e+05
-7.427056775411932729e+06
1.892933559633009881e+07
8.320812549393401423e+04
-1.912376065465151332e+05
-2.109158912999399181e+05
8.717462191560110077e+06
-2.691737911944128945e+07
-1.988808803158018040e+06
3.090088331336224452e+07
-8.387554245727445185e+07
-1.453804658946805634e+06
1.705598011490799859e+07
-4.276140325102930516e+07
8.150933814500493924e-01
2.575047378107820695e+00
1.160656432383600833e+00
-2.363173973071223788e+00
6.770200064412880359e+00
7.573356111810147784e-01
-2.724818983460522759e+00
7.115556092008138656e+00
1.766697608583899792e-01
-7.979940782508554431e-01
2.116015076086517066e+00
6.926840552756535936e-03
3.020232897496919269e-02
6.308759070708969650e-03
-1.206810046186482799e-01
2.627838131921628184e-01
3.414829835499977664e-03
-1.078704198973523959e-01
2.708742683752306535e-01
7.374452116015390093e-04
-2.748802176291388968e-02
7.332885201414335308e-02
1.010264458208641969e+00
8.993121856424897550e-04
2.839586600903246660e-01
-4.049292369992059548e+00
1.320902126940988985e+01
1.039607817766992626e-01
-7.027223741160976367e+00
2.477833198266999659e+01
3.093231002765236756e-02
-2.691891818877141684e+00
9.610958066886784223e+00
1.308381483156747960e+00
-5.537728765095403273e-03
-6.783010046945694982e-02
-6.690045490886830093e-01
3.403015594622871731e+00
-5.296487442587043820e-02
-9.923053881869138282e-01
4.821104771108813303e+00
-6.134159590348305102e-03
-3.843106092131455820e-01
1.756083852339374030e+00
2.096551999295542828e+03
1.463749316826155336e+03
1.312549328609852182e+03
1.830733001708211668e+04
-4.353414407461069641e+04
-8.332889543511114425e+02
3.204731997183186832e+04
-1.086094503752085875e+05
4.522513639811220401e+02
8.353439546391713520e+03
-4.453132500373219955e+04
-1.011625941806889932e+04
-4.464701180321598076e+04
-6.541564717756419668e+03
-2.667160173530827160e+05
6.864420616323373979e+05
3.406060524052891651e+03
-4.376794778137412504e+05
1.632198975419896422e+06
-7.466035360100581784e+03
-1.145150031908356759e+05
6.751539037078748224e+05
2.292836619491251986e+04
2.307606289007413434e+05
1.496023412373959036e+04
1.195868330370447366e+06
-3.104047769757202826e+06
-3.037991812224067417e+03
1.872543056162167573e+06
-7.296604218526551500e+06
4.268250410415775696e+04
4.678973952464949107e+05
-3.059560901375755202e+06
-1.462247349357650637e+04
-3.779998266501040198e+05
-9.608839048773184913e+03
-1.709871433395215310e+06
4.332399035599900410e+06
-2.236300772964338466e+04
-2.500357639207784552e+06
1.028969376587425172e+07
-8.544414454228086106e+04
-5.699016503753315192e+05
4.399186396747664548e+06
9.789747327985583070e+01
-4.265973087748922410e+01
1.534842103790491308e+02
-1.417062076076895437e+03
2.752861414366502686e+03
1.387406469558648894e+02
-1.433658507513588120e+03
2.857741895243075760e+03
4.102510946737612585e+01
-4.236807379746389870e+02
8.503594335657172678e+02
-3.280272540731027586e+00
-9.047592229347010573e+00
-1.243539980923652877e+01
5.540864587484669102e+01
-1.060808065428981166e+02
-1.194824855237043870e+01
7.676997965350953734e+01
-1.554380397034473447e+02
-3.412651656434162017e+00
2.558868600700767360e+01
-5.437957419763230860e+01
-2.513180544345506594e-05
1.975311622583150230e-05
-1.837593274100651853e-05
2.188588965281580381e-05
8.250547738783086901e-05
7.157079384776418581e-06
-5.579663658396316774e-05
1.913426229001305900e-04
5.447549939085559575e-06
-3.219722231345427030e-05
7.976000945412786486e-05
4.331514709695348131e+01
6.386332679188080874e+02
-3.285768747216059182e+01
2.415893826937031463e+03
-5.766875169379177350e+03
-6.185459307173840671e+01
2.953967762459948062e+03
-8.986290575914970759e+03
-2.157143577976204440e+01
9.812158224673428322e+02
-3.239566489593028564e+03
-7.018210178119368980e-02
-1.626782949110811005e-01
-1.873656788080424740e-01
1.137776666143800464e+00
-2.833737523329681540e+00
-1.712866562647370472e-01
1.720246072595390752e+00
-4.540645350611384856e+00
-4.999590669527120834e-02
6.061217626349411081e-01
-1.682578538237000432e+00
9.599102813323423078e+00
-3.969515080969499650e+02
1.620154027938617602e+01
-1.575716422390310527e+03
3.599630592824262294e+03
2.709342146796295481e+01
-1.786322947174334331e+03
5.152096362474437228e+03
1.117557640610651148e+01
-5.777422676360913556e+02
1.809064218438296621e+03
-2.989523292829470227e-02
1.402048202772449903e+00
-7.355902773311430443e-02
8.337312742641886931e-01
2.240011721925718458e-01
-5.520330456752101794e-02
5.667180954792639946e-01
7.186956559746431328e-01
-1.550742045146548571e-02
1.575023778707478617e-01
2.107674677006538821e-01
9.975712673357350901e-01
-7.884447965541255612e-03
-5.904707125293972431e-02
1.395856307224054849e+00
-4.516653854064034412e+00
-5.585359584460811155e-02
1.751604324150435099e+00
-5.990394990384394269e+00
-1.794528319935572575e-02
5.965258949535575672e-01
-2.060836540399730854e+00
7.000000000000000000e+00
1.311061965716431743e+00
3.931879091224738204e+03
-1.739579360948147223e+04
3.132388567912235885e+03
3.439877675052519189e+05
-1.216228631825770484e+06
-7.070495536502414325e+04
1.383338199598833220e+06
-3.967092896960510407e+06
-6.001264210913352872e+04
8.038273237340546912e+05
-2.091221610409767833e+06
-4.010587654406901129e+04
1.122528853192636307e+05
2.356181309382328618e+04
-3.476021599686421454e+06
1.137539526078539528e+07
7.542499424733426422e+05
-1.308731229036334157e+07
3.644766559923452884e+07
5.961892468211520463e+05
-7.426969512101004831e+06
1.892946238556782156e+07
8.320806090099303401e+04
-1.912376164579821343e+05
-2.109156087207680685e+05
8.717477095323123038e+06
-2.691755170772775635e+07
-1.988807628159333952e+06
3.090095570087335259e+07
-8.387400504605564475e+07
-1.453833686140185921e+06
1.705577491717552021e+07
-4.276172043302156776e+07
8.151004142246108808e-01
2.575069897401097929e+00
1.160632241797900477e+00
-2.363204624637000872e+00
6.770130842559438200e+00
7.573533942136945196e-01
-2.724750964247667717e+00
7.115681404237505170e+00
1.766680676381893467e-01
-7.980039966656452544e-01
2.115996450796805650e+00
6.926741181425009712e-03
3.020190880834178887e-02
6.308888575982555397e-03
-1.206705567879126917e-01
2.627954611252845130e-01
3.414768684146947311e-03
-1.078837246038174824e-01
2.708545241466719378e-01
7.374498907569833036e-04
-2.748661045476649342e-02
7.333120237487530946e-02
1.010248342606584915e+00
8.993121826098358744e-04
2.839605857519358345e-01
-4.049199643860507791e+00
1.320926115419254288e+01
1.039603771244783093e-01
-7.027660072635264932e+00
2.477701108997753110e+01
3.093236772652153618e-02
-2.691788760463813546e+00
9.611277379962356093e+00
1.308418410006672916e+00
-5.537728610767655643e-03
-6.783025411211320022e-02
-6.690080156749886875e-01
3.402993933325524356e+00
-5.296472504406785770e-02
-9.922932790452790863e-01
4.821173684908802493e+00
-6.134162857766085886e-03
-3.843135598514231255e-01
1.756069005511742276e+00
2.096551999295542828e+03
1.463749316826155336e+03
1.312549328609852182e+03
1.830733001708211668e+04
-4.353414407461069641e+04
-8.332889543511114425e+02
3.204731997183186832e+04
-1.086094503752085875e+05
4.522513639811220401e+02
8.353439546391713520e+03
-4.453132500373219955e+04
-1.011544910240231911e+04
-4.464816239108962327e+04
-6.541910554960895752e+03
-2.667013688874012441e+05
6.864984269228398334e+05
3.406139574726757473e+03
-4.376992430353557575e+05
1.632154381219724892e+06
-7.466144390890295654e+03
-1.145044174940619559e+05
6.751960424015052849e+05
2.293047305993890041e+04
2.307471802282256831e+05
1.495931163018675034e+04
1.195936463941000169e+06
-3.103605623183526564e+06
-3.037959606152475772e+03
1.872632318823711248e+06
-7.295957765029702336e+06
4.268071434363465960e+04
4.679631518416068284e+05
-3.059404189283525106e+06
-1.462214904845509227e+04
-3.780115883102748194e+05
-9.608984325083689328e+03
-1.709873279846065911e+06
4.332633477777784690e+06
-2.236233847238187809e+04
-2.500133366340146400e+06
1.029091147895103693e+07
-8.544684575511886214e+04
-5.698763552505989792e+05
4.399111047198525630e+06
9.789747327985583070e+01
-4.265973087748922410e+01
1.534842103790491308e+02
-1.417062076076895437e+03
2.752861414366502686e+03
1.387406469558648894e+02
-1.433658507513588120e+03
2.857741895243075760e+03
4.102510946737612585e+01
-4.236807379746389870e+02
8.503594335657172678e+02
-3.280158703186957680e+00
-9.047122083145943350e+00
-1.243564330396367623e+01
5.540031678552078631e+01
-1.060892720901278921e+02
-1.194879382550347025e+01
7.676984147106151113e+01
-1.554395921180743869e+02
-3.412680406005456746e+00
2.558925942884222593e+01
-5.437805102641797816e+01
-2.513253517233912874e-05
1.975338390060834000e-05
-1.837499907047395777e-05
2.188590194408233607e-05
8.250536857361991778e-05
7.156934840344775654e-06
-5.579842987837313608e-05
1.913362044641786735e-04
5.447511142749839213e-06
-3.219672512160298196e-05
7.976156029563981071e-05
4.331514709695348131e+01
6.386332679188080874e+02
-3.285768747216059182e+01
2.415893826937031463e+03
-5.766875169379177350e+03
-6.185459307173840671e+01
2.953967762459948062e+03
-8.986290575914970759e+03
-2.157143577976204440e+01
9.812158224673428322e+02
-3.239566489593028564e+03
-7.018249308712613821e-02
-1.626770880231741545e-01
-1.873650050946283341e-01
1.137761427803940739e+00
-2.833751605426943598e+00
-1.712783982002639427e-01
1.720247371958644189e+00
-4.540838693996762210e+00
-4.999866054352006955e-02
6.061021571712277289e-01
-1.682547705346157052e+00
9.599110737426714834e+00
-3.969417389636022335e+02
1.620153923081645431e+01
-1.575773946350788037e+03
3.599550917583871069e+03
2.709340793429950622e+01
-1.786370143617719123e+03
5.151925258544656572e+03
1.117556070815379599e+01
-5.777302692521745939e+02
1.809120616592585293e+03
-2.989524352384952816e-02
1.402032600034299747e+00
-7.355903284470299841e-02
8.337331039461379767e-01
2.240012075980116757e-01
-5.520327740588165666e-02
5.667190830289932091e-01
7.186962132324974384e-01
-1.550742069232872652e-02
1.575021882531565665e-01
2.107673408724475284e-01
9.975849640441399879e-01
-7.884447736819963706e-03
-5.904707412774527070e-02
1.395855276644931475e+00
-4.516656537445033592e+00
-5.585364337127171619e-02
1.751593979762098741e+00
-5.990424576370671161e+00
-1.794527244898585713e-02
5.965286545018233522e-01
-2.060828492435572645e+00
7.000000000000000000e+00
1.253318076282654125e+00
3.931877358233818995e+03
-1.739579381363511857e+04
3.132389370269889696e+03
3.439879659962442820e+05
-1.216233508808213752e+06
-7.070503389576812333e+04
1.383332374457558617e+06
-3.967064021383687388e+06
-6.001305457347416814e+04
8.038309891656303080e+05
-2.091215424415453570e+06
-4.010593295385053352e+04
1.122528704336511146e+05
2.356182796696023797e+04
-3.476004034594629891e+06
1.137530730972143821e+07
7.542455126042976044e+05
-1.308758372518561408e+07
3.644811914616020024e+07
5.961782471885640407e+05
-7.426885701759224758e+06
1.892958737862193212e+07
8.320799699317259365e+04
-1.912376268460132997e+05
-2.109153279582279210e+05
8.717492994383251294e+06
-2.691771577572719008e+07
-1.988806986368903890e+06
3.090100636873605102e+07
-8.387255778398078680e+07
-1.453861573390936945e+06
1.705558481972455978e+07
-4.276200890927165747e+07
8.151054419718868349e-01
2.575087545148394774e+00
1.160614568358724119e+00
-2.363228691064987341e+00
6.770074988076593137e+00
7.573666577424752466e-01
-2.724697256972802073e+00
7.115782595696399149e+00
1.766667816850389650e-01
-7.980118846524980603e-01
2.115981361615465683e+00
6.926649278945852528e-03
3.020152310343457089e-02
6.309008130614612506e-03
-1.206609935967396241e-01
2.628060756130632947e-01
3.414712299794339396e-03
-1.078958773761186651e-01
2.708365764400178510e-01
7.374542017275886440e-04
-2.748532325653093786e-02
7.333333500398862836e-02
1.010233013724856521e+00
8.993121797309781319e-04
2.839624132097229858e-01
-4.049111845937586551e+00
1.320948801372526482e+01
1.039599937131092111e-01
-7.028072479518501225e+00
2.477576420018322523e+01
3.093242234192983622e-02
-2.691691464059184025e+00
9.611578452207615086e+00
1.308452115505767788e+00
-5.537728470627277175e-03
-6.783039387634430539e-02
-6.690111503821347672e-01
3.402974402937977150e+00
-5.296458946185087641e-02
-9.922823608963668995e-01
4.821235624180832069e+00
-6.134165819156615386e-03
-3.843162152044843904e-01
1.756055689252110863e+00
2.096551999295542828e+03
1.463749316826155336e+03
1.312549328609852182e+03
1.830733001708211668e+04
-4.353414407461069641e+04
-8.332889543511114425e+02
3.204731997183186832e+04
-1.086094503752085875e+05
4.522513639811220401e+02
8.353439546391713520e+03
-4.453132500373219955e+04
-1.011464128839727891e+04
-4.464919228118403407e+04
-6.542250029470572372e+03
-2.666883734408881865e+05
6.865518762887018966e+05
3.406216623294684268e+03
-4.377166638586577610e+05
1.632114039767867653e+06
-7.466258563886673983e+03
-1.144948583029124420e+05
6.752308234888818115e+05
2.293256702088453676e+04
2.307351983493244916e+05
1.495841111134445237e+04
1.195995579298288096e+06
-3.103182253607578110e+06
-3.037928597624419581e+03
1.872709318772185361e+06
-7.295383200348053128e+06
4.267898137206307729e+04
4.680241546310131089e+05
-3.059286341826731805e+06
-1.462182743768106775e+04
-3.780220095745518920e+05
-9.609125462168460217e+03
-1.709876861495186109e+06
4.332861505746290088e+06
-2.236170092816076794e+04
-2.499937849918924272e+06
1.029199829693259671e+07
-8.544927031858629198e+04
-5.698517823809472611e+05
4.399031967596754432e+06
9.789747327985583070e+01
-4.265973087748922410e+01
1.534842103790491308e+02
-1.417062076076895437e+03
2.752861414366502686e+03
1.387406469558648894e+02
-1.433658507513588120e+03
2.857741895243075760e+03
4.102510946737612585e+01
-4.236807379746389870e+02
8.503594335657172678e+02
-3.280068023377658459e+00
-9.046702313545457841e+00
-1.243571525142016476e+01
5.539305492327402902e+01
-1.060967662938979572e+02
-1.194929676391509510e+01
7.676980574536250401e+01
-1.554409821054309475e+02
-3.412734140525826021e+00
2.558950917626224353e+01
-5.437690928347184638e+01
-2.513343187186779784e-05
1.975361465073989054e-05
-1.837407265459707785e-05
2.188592428033590357e-05
8.250529901676082530e-05
7.156811040551264342e-06
-5.579998141244759183e-05
1.913304994608500380e-04
5.447445690234944144e-06
-3.219643970248368714e-05
7.976278178890366065e-05
4.331514709695348131e+01
6.386332679188080874e+02
-3.285768747216059182e+01
2.415893826937031463e+03
-5.766875169379177350e+03
-6.185459307173840671e+01
2.953967762459948062e+03
-8.986290575914970759e+03
-2.157143577976204440e+01
9.812158224673428322e+02
-3.239566489593028564e+03
-7.018302975794857290e-02
-1.626761069516612646e-01
-1.873637261154880440e-01
1.137752145059661046e+00
-2.833757377960563151e+00
-1.712702014638777248e-01
1.720250645701225878e+00
-4.541022976768947395e+00
-5.000145174399120429e-02
6.060798275935536106e-01
-1.682523640241110119e+00
9.599115812554501304e+00
-3.969332827322104436e+02
1.620154363671756315e+01
-1.575818011886091881e+03
3.599488074717214658e+03
2.709338914924818909e+01
-1.786421834742658120e+03
5.151748110434103182e+03
1.117554370893455484e+01
-5.777196125237998103e+02
1.809172960440189627e+03
-2.989525067112532020e-02
1.402019028807930612e+00
-7.355905151369274142e-02
8.337344805423414495e-01
2.240012351729273044e-01
-5.520324824356410975e-02
5.667201080049845130e-01
7.186967779855554239e-01
-1.550742050188257809e-02
1.575020140324911444e-01
2.107672221639092236e-01
9.975961047766989109e-01
-7.884447547378662519e-03
-5.904706969147593271e-02
1.395855243515921940e+00
-4.516656688769772110e+00
-5.585369542456840308e-02
1.751582564795434616e+00
-5.990457133901341713e+00
-1.794526150649983220e-02
5.965314621326770483e-01
-2.060820322182390196e+00
7.000000000000000000e+00
1.204637724129055787e+00
3.931875660649355268e+03
-1.739579400195091148e+04
3.132390154314742631e+03
3.439881448791454313e+05
-1.216238269527144963e+06
-7.070511210623703664e+04
1.383326988184667425e+06
-3.967035794657955412e+06
-6.001345090109031298e+04
8.038345445237538079e+05
-2.091209283712876262e+06
-4.010598843314819533e+04
1.122528556449057069e+05
2.356184257161793721e+04
-3.475986939392251894e+06
1.137522216984310746e+07
7.542411069395600352e+05
-1.308784517305692844e+07
3.644855727635892481e+07
5.961676350215220591e+05
-7.426804546248379163e+06
1.892971150038038939e+07
8.320793393955352076e+04
-1.912376374021820666e+05
-2.109150511383241392e+05
8.717508850784244016e+06
-2.691787406895362958e+07
-1.988806510746576358e+06
3.090105773243819550e+07
-8.387115713452717662e+07
-1.453888695517450338e+06
1.705539766885563359e+07
-4.276228797466300428e+07
8.151087584764786786e-01
2.575101028705080619e+00
1.160602460763898947e+00
-2.363247124923342213e+00
6.770030576603745409e+00
7.573760594273049040e-01
-2.724655797579300653e+00
7.115863129215368232e+00
1.766658438863011327e-01
-7.980180343290843581e-01
2.115969302005739738e+00
6.926564160778502129e-03
3.020116870144392077e-02
6.309118647329730462e-03
-1.206522337793399235e-01
2.628157516136683247e-01
3.414660244908264593e-03
-1.079069842117814232e-01
2.708202598206845835e-01
7.374581783255938468e-04
-2.748414873292752414e-02
7.333526998558068111e-02
1.010218415456080709e+00
8.993121769949345354e-04
2.839641494958737300e-01
-4.049028622543605849e+00
1.320970278346656102e+01
1.039596300166791970e-01
-7.028462685795885179e+00
2.477458597472051949e+01
3.093247409596599357e-02
-2.691599513113504649e+00
9.611862604151495404e+00
1.308482907750266211e+00
-5.537728343318334273e-03
-6.783052109224300963e-02
-6.690139850212521999e-01
3.402956799261677823e+00
-5.296446635456489999e-02
-9.922725193269483768e-01
4.821291258980691552e+00
-6.134168503934160632e-03
-3.843186036890095525e-01
1.756043756221183916e+00
2.096551999295542828e+03
1.463749316826155336e+03
1.312549328609852182e+03
1.830733001708211668e+04
-4.353414407461069641e+04
-8.332889543511114425e+02
3.204731997183186832e+04
-1.086094503752085875e+05
4.522513639811220401e+02
8.353439546391713520e+03
-4.453132500373219955e+04
-1.011385481588860421e+04
-4.465013699859591725e+04
-6.542578670800725376e+03
-2.666765676784756361e+05
6.866022807286649477e+05
3.406291401421833598e+03
-4.377318073570936103e+05
1.632078554392740829e+06
-7.466379629150271285e+03
-1.144861895746548107e+05
6.752604595089670038e+05
2.293460049000451909e+04
2.307242224715183256e+05
1.495754365658910683e+04
1.196049463607721496e+06
-3.102780384268363006e+06
-3.037898847352273606e+03
1.872777762494244613e+06
-7.294857693205931224e+06
4.267725895742666762e+04
4.680809929718921776e+05
-3.059190522198085673e+06
-1.462151580598580222e+04
-3.780315397440967499e+05
-9.609260828822438270e+03
-1.709879862129459623e+06
4.333080178881850094e+06
-2.236109546393939308e+04
-2.499765915673410054e+06
1.029298271029764973e+07
-8.545151186775094538e+04
-5.698278845776359085e+05
4.398957849148114212e+06
9.789747327985583070e+01
-4.265973087748922410e+01
1.534842103790491308e+02
-1.417062076076895437e+03
2.752861414366502686e+03
1.387406469558648894e+02
-1.433658507513588120e+03
2.857741895243075760e+03
4.102510946737612585e+01
-4.236807379746389870e+02
8.503594335657172678e+02
-3.279991810879621106e+00
-9.046322318969796328e+00
-1.243569454633266602e+01
5.538665719362247586e+01
-1.061033969313349274e+02
-1.194974608862492893e+01
7.676972470255834935e+01
-1.554424827209849411e+02
-3.412806396849356272e+00
2.558953630527417644e+01
-5.437602879156425217e+01
-2.513438673003732388e-05
1.975381745558313219e-05
-1.837318228466447301e-05
2.188595414989204913e-05
8.250527182924645984e-05
7.156705880813523228e-06
-5.580135289905178108e-05
1.913252871334456570e-04
5.447360243899810323e-06
-3.219630935927718997e-05
7.976376016779557427e-05
4.331514709695348131e+01
6.386332679188080874e+02
-3.285768747216059182e+01
2.415893826937031463e+03
-5.766875169379177350e+03
-6.185459307173840671e+01
2.953967762459948062e+03
-8.986290575914970759e+03
-2.157143577976204440e+01
9.812158224673428322e+02
-3.239566489593028564e+03
-7.018362225225346918e-02
-1.626752774347983155e-01
-1.873622447676770719e-01
1.137746718066419360e+00
-2.833756918676894720e+00
-1.712620422552966482e-01
1.720255266862976251e+00
-4.541200560252867113e+00
-5.000423937392029644e-02
6.060558980241826932e-01
-1.682504416657679469e+00
9.599119292375091206e+00
-3.969257715263030377e+02
1.620155081233399486e+01
-1.575852764048692052e+03
3.599437977188479181e+03
2.709336872518979078e+01
-1.786475913760765252e+03
5.151567427388588840e+03
1.117552584006977057e+01
-5.777100006970661070e+02
1.809222027580468648e+03
-2.989525594141352605e-02
1.402006886531229624e+00
-7.355907631105387812e-02
8.337355641356392066e-01
2.240012571477788261e-01
-5.520321942048246611e-02
5.667211338030346823e-01
7.186973404785943487e-01
-1.550741992523327860e-02
1.575018536132157254e-01
2.107671107040879621e-01
9.976051615401789752e-01
-7.884447390735868297e-03
-5.904705916826589324e-02
1.395856062835265865e+00
-4.516654655511130656e+00
-5.585375148466609901e-02
1.751570170585581510e+00
-5.990492445055394022e+00
-1.794525033661690736e-02
5.965343310388382392e-01
-2.060811985722457607e+00
7.000000000000000000e+00
1.162830006317908893e+00
3.931873992192862261e+03
-1.739579419706647241e+04
3.132390925587575566e+03
3.439883182885138667e+05
-1.216242878104263218e+06
-7.070519376402038324e+04
1.383321694669653894e+06
-3.967008842550069094e+06
-6.001382763493307721e+04
8.038381601190211950e+05
-2.091202916763319634e+06
-4.010604303330297262e+04
1.122528409258343308e+05
2.356185692875360837e+04
-3.475970249610541388e+06
1.137513985090841912e+07
7.542367090204003034e+05
-1.308809790554180928e+07
3.644897901594618708e+07
5.961574055818858324e+05
-7.426725706496654078e+06
1.892983508501493931e+07
8.320787180426606210e+04
-1.912376479961611331e+05
-2.109147789888937841e+05
8.717524299700869247e+06
-2.691802765893680975e+07
-1.988806071644009091e+06
3.090111708449293673e+07
-8.386978805123206973e+07
-1.453915194273286499e+06
1.705520950850491226e+07
-4.276256395286156237e+07
8.151105821502987459e-01
2.575110871998759432e+00
1.160595213935203152e+00
-2.363260630030491249e+00
6.769996188265165138e+00
7.573820855942710040e-01
-2.724625063927950119e+00
7.115925555359853938e+00
1.766652106051973259e-01
-7.980226607904346015e-01
2.115959899403902167e+00
6.926485164475199539e-03
3.020084254426574216e-02
6.309221009695845962e-03
-1.206441986425542678e-01
2.628245810901022050e-01
3.414612095799559720e-03
-1.079171477774209104e-01
2.708054140375510954e-01
7.374618533026418895e-04
-2.748307580536879513e-02
7.333702677882322774e-02
1.010204486387073830e+00
8.993121743896926668e-04
2.839658023192299097e-01
-4.048949586156957992e+00
1.320990648810521328e+01
1.039592843603238531e-01
-7.028832582786553651e+00
2.477347055834063738e+01
3.093252323266248646e-02
-2.691512450154657898e+00
9.612131285702059103e+00
1.308511077095444675e+00
-5.537728227562804979e-03
-6.783063701321283279e-02
-6.690165495719522237e-01
3.402940929848428997e+00
-5.296435447396335983e-02
-9.922636465171141840e-01
4.821341220765739344e+00
-6.134170939816535779e-03
-3.843207520838079483e-01
1.756033067569583439e+00
2.096551999295542828e+03
1.463749316826155336e+03
1.312549328609852182e+03
1.830733001708211668e+04
-4.353414407461069641e+04
-8.332889543511114425e+02
3.204731997183186832e+04
-1.086094503752085875e+05
4.522513639811220401e+02
8.353439546391713520e+03
-4.453132500373219955e+04
-1.011309707243774210e+04
-4.465101551849561656e+04
-6.542894807701789432e+03
-2.666657064117995906e+05
6.866497781736460747e+05
3.406363731608145827e+03
-4.377448378735983279e+05
1.632047686693826457e+06
-7.466506170777916850e+03
-1.144782987286528805e+05
6.752861704863212071e+05
2.293655526105788886e+04
2.307140120651663747e+05
1.495671299324379652e+04
1.196099797342181904e+06
-3.102399753069590777e+06
-3.037870375206733115e+03
1.872839972436932847e+06
-7.294370427548018284e+06
4.267555131929743948e+04
4.681341384608754888e+05
-3.059108725647401996e+06
-1.462121682391698960e+04
-3.780404081836320693e+05
-9.609389938518730560e+03
-1.709881530653724680e+06
4.333288917417704128e+06
-2.236052153941037977e+04
-2.499613644675650168e+06
1.029388179089176655e+07
-8.545359019510076905e+04
-5.698046383946597343e+05
4.398891590176914819e+06
9.789747327985583070e+01
-4.265973087748922410e+01
1.534842103790491308e+02
-1.417062076076895437e+03
2.752861414366502686e+03
1.387406469558648894e+02
-1.433658507513588120e+03
2.857741895243075760e+03
4.102510946737612585e+01
-4.236807379746389870e+02
8.503594335657172678e+02
-3.279925167317830681e+00
-9.045974559635263645e+00
-1.243562247978910484e+01
5.538096561618544200e+01
-1.061092873509281276e+02
-1.195014372740101471e+01
7.676954441569913001e+01
-1.554441674907185984e+02
-3.412892065973905265e+00
2.558940556022074020e+01
-5.437533936027418235e+01
-2.513534823049699867e-05
1.975399812997526651e-05
-1.837233663819837551e-05
2.188599003210999191e-05
8.250528421310268873e-05
7.156616417997184740e-06
-5.580258786567151197e-05
1.913204400741519559e-04
5.447260196377035916e-06
-3.219629363926465869e-05
7.976455310278643515e-05
4.331514709695348131e+01
6.386332679188080874e+02
-3.285768747216059182e+01
2.415893826937031463e+03
-5.766875169379177350e+03
-6.185459307173840671e+01
2.953967762459948062e+03
-8.986290575914970759e+03
-2.157143577976204440e+01
9.812158224673428322e+02
-3.239566489593028564e+03
-7.018422699538538756e-02
-1.626745528557540788e-01
-1.873607220277023755e-01
1.137743851114995763e+00
-2.833752030985436043e+00
-1.712539904883250697e-01
1.720260572701679536e+00
-4.541372028870374500e+00
-5.000698871492369885e-02
6.060311797803835665e-01
-1.682488807358276883e+00
9.599121884400863891e+00
-3.969189541355205506e+02
1.620155929920951721e+01
-1.575881122926308308e+03
3.599397178432958299e+03
2.709334821320906528e+01
-1.786530740985333978e+03
5.151386401034413211e+03
1.117550754004697033e+01
-5.777012492242399730e+02
1.809268183950641742e+03
-2.989526023514863656e-02
1.401995760893817167e+00
-7.355910309754232212e-02
8.337364671464690957e-01
2.240012753536864409e-01
-5.520319206436687803e-02
5.667221331535680084e-01
7.186978906345976581e-01
-1.550741902908387392e-02
1.575017060250536172e-01
2.107670061522124716e-01
9.976125001280888860e-01
-7.884447261488425687e-03
-5.904704359401056341e-02
1.395857598224330642e+00
-4.516650784254051310e+00
-5.585381096448446131e-02
1.751556931466010658e+00
-5.990530129874223952e+00
-1.794523894542808529e-02
5.965372601801824937e-01
-2.060803485561533144e+00
7.000000000000000000e+00
1.126502528578634310e+00
3.931872350373644167e+03
-1.739579440546849582e+04
3.132391686136680164e+03
3.439884907465832075e+05
-1.216247327327608131e+06
-7.070527997930302809e+04
1.383316388586274348e+06
-3.966983311278883833e+06
-6.001418424461440736e+04
8.038418788767383667e+05
-2.091196263879220467e+06
-4.010609677778887999e+04
1.122528262809184962e+05
2.356187104881343112e+04
-3.475953937817408703e+06
1.137506028893967532e+07
7.542323131703494582e+05
-1.308834261294983700e+07
3.644938428073193133e+07
5.961475488651215564e+05
-7.426649010054397397e+06
1.892995824413458258e+07
8.320781061212692293e+04
-1.912376585647992615e+05
-2.109145117390480300e+05
8.717539216253537685e+06
-2.691817701609142497e+07
-1.988805623198361136e+06
3.090118644588547572e+07
-8.386844543400110304e+07
-1.453941128830479225e+06
1.705501922659268975e+07
-4.276283868246879429e+07
8.151110924055584572e-01
2.575117504506485577e+00
1.160592249467095938e+00
-2.363269782753119941e+00
6.769970661188691174e+00
7.573851347894429153e-01
-2.724603810527173930e+00
7.115971959740845065e+00
1.766648461096909373e-01
-7.980259399196001358e-01
2.115952849350975384e+00
6.926411678872717963e-03
3.020054180988147527e-02
6.309316032939932609e-03
-1.206368155683552323e-01
2.628326489125650811e-01
3.414567461517211897e-03
-1.079264628167943829e-01
2.707918911977387766e-01
7.374652568822798529e-04
-2.748209424969777145e-02
7.333862334284732554e-02
1.010191167886482111e+00
8.993121719037855703e-04
2.839673790387408636e-01
-4.048874366871411112e+00
1.321010010571573190e+01
1.039589551452468064e-01
-7.029183975731737810e+00
2.477241236252171319e+01
3.093256998497041776e-02
-2.691429838535198460e+00
9.612385880698219864e+00
1.308536888421294675e+00
-5.537728122194653275e-03
-6.783074278253567457e-02
-6.690188713815474753e-01
3.402926619141703579e+00
-5.296425268155967314e-02
-9.922556441246738190e-01
4.821386085498396312e+00
-6.134173152082990875e-03
-3.843226848119972172e-01
1.756023496660754191e+00
2.096551999295542828e+03
1.463749316826155336e+03
1.312549328609852182e+03
1.830733001708211668e+04
-4.353414407461069641e+04
-8.332889543511114425e+02
3.204731997183186832e+04
-1.086094503752085875e+05
4.522513639811220401e+02
8.353439546391713520e+03
-4.453132500373219955e+04
-1.011237052144153131e+04
-4.465183908545304439e+04
-6.543197997929950361e+03
-2.666556397824551095e+05
6.866945744703676319e+05
3.406433525518923489e+03
-4.377559606330228853e+05
1.632020952488709241e+06
-7.466636225819786887e+03
-1.144710920235364465e+05
6.753087144271663856e+05
2.293842572331287010e+04
2.307044292885179748e+05
1.495591967238147299e+04
1.196147381767051760e+06
-3.102039238134023733e+06
-3.037843169050870074e+03
1.872897407029754017e+06
-7.293915399029567838e+06
4.267387330505348655e+04
4.681839775953114731e+05
-3.059036795552730095e+06
-1.462093124930317026e+04
-3.780487419132220093e+05
-9.609512790642385880e+03
-1.709881738160797395e+06
4.333487884904971346e+06
-2.235997803294993355e+04
-2.499478011376957875e+06
1.029470739996824227e+07
-8.545550676735950401e+04
-5.697820299446376739e+05
4.398833785734391771e+06
9.789747327985583070e+01
-4.265973087748922410e+01
1.534842103790491308e+02
-1.417062076076895437e+03
2.752861414366502686e+03
1.387406469558648894e+02
-1.433658507513588120e+03
2.857741895243075760e+03
4.102510946737612585e+01
-4.236807379746389870e+02
8.503594335657172678e+02
-3.279865133524955567e+00
-9.045653509437855178e+00
-1.243552204293155228e+01
5.537585813698674997e+01
-1.061145493411766694e+02
-1.195049574256358227e+01
7.676925125757348667e+01
-1.554460339125814130e+02
-3.412987231030933266e+00
2.558916001913169680e+01
-5.437479744570217832e+01
-2.513629141872998591e-05
1.975416065195083280e-05
-1.837153624347178768e-05
2.188603095729885835e-05
8.250533191755569321e-05
7.156539797880111546e-06
-5.580371788214073044e-05
1.913158783486598714e-04
5.447149779150971931e-06
-3.219636322537503112e-05
7.976520078888088951e-05
4.331514709695348131e+01
6.386332679188080874e+02
-3.285768747216059182e+01
2.415893826937031463e+03
-5.766875169379177350e+03
-6.185459307173840671e+01
2.953967762459948062e+03
-8.986290575914970759e+03
-2.157143577976204440e+01
9.812158224673428322e+02
-3.239566489593028564e+03
-7.018482221600653992e-02
-1.626739024127219768e-01
-1.873592136469985348e-01
1.137742702403510053e+00
-2.833744165010244842e+00
-1.712461372897289003e-01
1.720265998084834269e+00
-4.541537293886751314e+00
-5.000967242488844194e-02
6.060062524151120789e-01
-1.682476008011549728e+00
9.599124010378970340e+00
-3.969126539489359402e+02
1.620156826865543209e+01
-1.575905168062994335e+03
3.599362958646132029e+03
2.709332821487207354e+01
-1.786585102345801943e+03
5.151207904598216373e+03
1.117548919030798871e+01
-5.776932344989828607e+02
1.809311617121495829e+03
-2.989526409399115986e-02
1.401985363298928755e+00
-7.355912948482022651e-02
8.337372686283134327e-01
2.240012912024814395e-01
-5.520316669061237080e-02
5.667230868754207229e-01
7.186984201592162558e-01
-1.550741788173867070e-02
1.575015705422942724e-01
2.107669083424074663e-01
9.976184066226544411e-01
-7.884447155255115344e-03
-5.904702382484785378e-02
1.395859732006093035e+00
-4.516645379875073196e+00
-5.585387330314620785e-02
1.751542984121675861e+00
-5.990569791073325767e+00
-1.794522735739989203e-02
5.965402426377233169e-01
-2.060794842603123733e+00
7.000000000000000000e+00
1.094680032804603131e+00
