3.931897989719669567e+03
-1.739575870681280503e+04
3.132375545898834844e+03
3.439658609236137709e+05
-1.216256581998199690e+06
-7.069800600428853068e+04
1.383907177859704942e+06
-3.966276189097944647e+06
-6.001752423652596190e+04
8.035151181825734675e+05
-2.091710365941657918e+06
-4.010547653771656769e+04
1.122530169706700981e+05
2.356169606583616769e+04
-3.476180699403351173e+06
1.137593670849481970e+07
7.543131127166453516e+05
-1.308476044625267945e+07
3.644458485392813385e+07
5.962266124722879613e+05
-7.427790114356440492e+06
1.892897751404034346e+07
8.320835471266537206e+04
-1.912377264145924128e+05
-2.109162454782992136e+05
8.717975083525680006e+06
-2.691494242066955194e+07
-1.988980652736272197e+06
3.088802996015456319e+07
-8.390870279256162047e+07
-1.453503195344649721e+06
1.706352899082216620e+07
-4.274865973112091422e+07
8.149838730507784623e-01
2.574755351745465770e+00
1.161019803549678597e+00
-2.362777178555153679e+00
6.771038707057573269e+00
7.570782938606833712e-01
-2.725689689043247377e+00
7.114038039714996486e+00
1.766934149293478973e-01
-7.978690983168182926e-01
2.116239150200515340e+00
6.927402739328343377e-03
3.020474290328910988e-02
6.308024337706170936e-03
-1.207413066113113831e-01
2.627159890578132373e-01
3.415177364719879441e-03
-1.077933861118837433e-01
2.709896696689174656e-01
7.374185938559282925e-04
-2.749621038376280982e-02
7.331507891357019746e-02
1.010344404799476958e+00
8.993122007234547691e-04
2.839491168044590008e-01
-4.049752962958004687e+00
1.320782817266536568e+01
1.039627848680542560e-01
-7.025059158961947325e+00
2.478489237013047486e+01
3.093202475605891927e-02
-2.692402389685166320e+00
9.609374464684982797e+00
1.308161560703610560e+00
-5.537729694807678321e-03
-6.782917938621006726e-02
-6.689834970767116751e-01
3.403147966134083102e+00
-5.296577374411866324e-02
-9.923793203111361816e-01
4.820681208409586915e+00
-6.134139870393713091e-03
-3.842925330869636502e-01
1.756175442198598446e+00
2.096551999295542828e+03
1.463749316826155336e+03
1.312549328609852182e+03
1.830733001708211668e+04
-4.353414407461069641e+04
-8.332889543511114425e+02
3.204731997183186832e+04
-1.086094503752085875e+05
4.522513639811220401e+02
8.353439546391713520e+03
-4.453132500373219955e+04
-1.011405647262115599e+04
-4.463101109458185238e+04
-6.541308761668721672e+03
-2.669592341930750408e+05
6.863283229317984078e+05
3.405637218767968534e+03
-4.375077208209015080e+05
1.631817130734469742e+06
-7.462648563007645862e+03
-1.145852517715331924e+05
6.744024689098675735e+05
2.293365827343649653e+04
2.309600081497950596e+05
1.496108397418369532e+04
1.194018134231814183e+06
-3.104223969305276405e+06
-3.038166617199258781e+03
1.872032284909359179e+06
-7.309145012085539289e+06
4.273822871475410648e+04
4.675020186166010099e+05
-3.064853498512499034e+06
-1.462171522218356949e+04
-3.778128579387104255e+05
-9.608682631509725979e+03
-1.710892525721405633e+06
4.332924601416520774e+06
-2.236668326226652789e+04
-2.501971638637746684e+06
1.027449590225954168e+07
-8.536030079034245864e+04
-5.700253441737515386e+05
4.396844346849776804e+06
9.789747327985583070e+01
-4.265973087748922410e+01
1.534842103790491308e+02
-1.417062076076895437e+03
2.752861414366502686e+03
1.387406469558648894e+02
-1.433658507513588120e+03
2.857741895243075760e+03
4.102510946737612585e+01
-4.236807379746389870e+02
8.503594335657172678e+02
-3.282701958759533856e+00
-9.051384468245865733e+00
-1.241544974225804232e+01
5.547164477097869906e+01
-1.060510993896633494e+02
-1.195304455369065799e+01
7.680704618365417957e+01
-1.553317294809839382e+02
-3.412926159239326296e+00
2.557237756995253619e+01
-5.440803670774046452e+01
-2.515642981879956500e-05
1.975025694220132650e-05
-1.837067146929591507e-05
2.188631704131197269e-05
8.250240316860032888e-05
7.157371250566708209e-06
-5.578000011227068460e-05
1.914208288407217846e-04
5.447166261464216858e-06
-3.220610095021981872e-05
7.974016714984341050e-05
4.331514709695348131e+01
6.386332679188080874e+02
-3.285768747216059182e+01
2.415893826937031463e+03
-5.766875169379177350e+03
-6.185459307173840671e+01
2.953967762459948062e+03
-8.986290575914970759e+03
-2.157143577976204440e+01
9.812158224673428322e+02
-3.239566489593028564e+03
-7.020209449091723009e-02
-1.626979845068708408e-01
-1.872514685185499017e-01
1.138313650449944925e+00
-2.833419630443004600e+00
-1.713795568684061688e-01
1.719754933811952657e+00
-4.539717148261272150e+00
-4.998343735754870454e-02
6.062072055948308780e-01
-1.682769616644546051e+00
9.598807238347900395e+00
-3.970543859555743325e+02
1.620212618951781280e+01
-1.574828698671703705e+03
3.600341084383109319e+03
2.709242965907546719e+01
-1.786482357315139097e+03
5.152919378666510966e+03
1.117571013003389524e+01
-5.777999423177481049e+02
1.808730762932043035e+03
-2.989487384493607139e-02
1.402210644858373767e+00
-7.356049468633846233e-02
8.337006542278661003e-01
2.240008282397391026e-01
-5.520287000117722609e-02
5.667186343606578358e-01
7.186931973380502603e-01
-1.550743735432574301e-02
1.575032277927718716e-01
2.107681571517622809e-01
9.974408278363099400e-01
-7.884449714907202852e-03
-5.904690119559103528e-02
1.395871239676408804e+00
-4.516631601676276198e+00
-5.585343136869692221e-02
1.751658003934360330e+00
-5.990208965347804337e+00
-1.794533652216119546e-02
5.965097794825992006e-01
-2.060887936797180409e+00
1.240872330599017588e-02
1.240872330599368176e-02
3.931886253935118475e+03
-1.739578096798877596e+04
3.132381421447430967e+03
3.439754036676560645e+05
-1.216243912846670253e+06
-7.069932541602477431e+04
1.383741265650275629e+06
-3.966548095271890517e+06
-6.001893275238286878e+04
8.035729302984613460e+05
-2.091569317067472963e+06
-4.010576215315824811e+04
1.122528459914203559e+05
2.356176012754072508e+04
-3.476049230160292238e+06
1.137588923245659471e+07
7.543174130892668618e+05
-1.308553812814100645e+07
3.644455320752586424e+07
5.961410239788348554e+05
-7.428257358498353511e+06
1.892920972159138322e+07
8.320807305908772105e+04
-1.912378057456955430e+05
-2.109153731911608193e+05
8.718006699870934710e+06
-2.691544351702779904e+07
-1.988897994254693855e+06
3.089094847596684471e+07
-8.390153630477955937e+07
-1.453706886718614260e+06
1.706072774426837638e+07
-4.275158059450955689e+07
8.150073029506283984e-01
2.574807540398244221e+00
1.160941098424014717e+00
-2.362848422031976536e+00
6.770899238367559470e+00
7.571347843143667600e-01
-2.725532049160569237e+00
7.114291439604204292e+00
1.766881530212004170e-01
-7.978919517116765947e-01
2.116201489923098311e+00
6.927295398709769174e-03
3.020441801149049976e-02
6.308166768373036672e-03
-1.207334782411103313e-01
2.627226763016096145e-01
3.415108695413203617e-03
-1.078032041705661304e-01
2.709788743835029323e-01
7.374239597600561148e-04
-2.749517316202529371e-02
7.331632636717271001e-02
1.010334557760498742e+00
8.993121991740421527e-04
2.839502095172553031e-01
-4.049711786068868946e+00
1.320792001302423380e+01
1.039625670028286319e-01
-7.025232129244471047e+00
2.478445748446129571e+01
3.093205478818835188e-02
-2.692364852434750766e+00
9.609467845330380342e+00
1.308196151737962554e+00
-5.537729581120410388e-03
-6.782932105095491881e-02
-6.689859053503547370e-01
3.403135242565899610e+00
-5.296563658146818954e-02
-9.923712226518714985e-01
4.820719321956530301e+00
-6.134142880479882994e-03
-3.842944636232819011e-01
1.756167546757519959e+00
2.096551999295542828e+03
1.463749316826155336e+03
1.312549328609852182e+03
1.830733001708211668e+04
-4.353414407461069641e+04
-8.332889543511114425e+02
3.204731997183186832e+04
-1.086094503752085875e+05
4.522513639811220401e+02
8.353439546391713520e+03
-4.453132500373219955e+04
-1.011571689950932159e+04
-4.463539895231268019e+04
-6.541005106225525196e+03
-2.668794881708422326e+05
6.863460568736370187e+05
3.405705315786859501e+03
-4.375025586536471383e+05
1.631928349465214880e+06
-7.463981079794983998e+03
-1.145968016666203912e+05
6.744510234294002876e+05
2.292928685422176568e+04
2.309018036572049896e+05
1.496196816010422299e+04
1.194806540550742066e+06
-3.104137120442258194e+06
-3.038146842862560334e+03
1.872064243746417807e+06
-7.307232626515829936e+06
4.271914862058010476e+04
4.674121420641230070e+05
-3.064570666009991895e+06
-1.462239696316488153e+04
-3.778708551742384443e+05
-9.608532989564542731e+03
-1.710291404499516822e+06
4.332924461719205603e+06
-2.236641565476758842e+04
-2.501956927451060154e+06
1.027646524196589924e+07
-8.538513954860279046e+04
-5.700726935755768791e+05
4.396903999700515531e+06
9.789747327985583070e+01
-4.265973087748922410e+01
1.534842103790491308e+02
-1.417062076076895437e+03
2.752861414366502686e+03
1.387406469558648894e+02
-1.433658507513588120e+03
2.857741895243075760e+03
4.102510946737612585e+01
-4.236807379746389870e+02
8.503594335657172678e+02
-3.281595386565091310e+00
-9.050503808382668325e+00
-1.242838839764890224e+01
5.545489735868591197e+01
-1.060443639592446630e+02
-1.194422784872879006e+01
7.679841290552313637e+01
-1.553896129092565275e+02
-3.413373264866780499e+00
2.557892702831358633e+01
-5.439405243280359059e+01
-2.513946274305813662e-05
1.975127530894884027e-05
-1.837838694867951160e-05
2.188566216617886427e-05
8.250371580320009870e-05
7.158340190729193752e-06
-5.578046112484934179e-05
1.913986297595045944e-04
5.446680686079921277e-06
-3.220421421460725319e-05
7.974716729868035550e-05
4.331514709695348131e+01
6.386332679188080874e+02
-3.285768747216059182e+01
2.415893826937031463e+03
-5.766875169379177350e+03
-6.185459307173840671e+01
2.953967762459948062e+03
-8.986290575914970759e+03
-2.157143577976204440e+01
9.812158224673428322e+02
-3.239566489593028564e+03
-7.018610745090388126e-02
-1.626889944605795779e-01
-1.873685936355903303e-01
1.137966439142879649e+00
-2.833427776482461802e+00
-1.712707098659402016e-01
1.720306658187637394e+00
-4.540442251769482240e+00
-4.999501157007219670e-02
6.061671820522940290e-01
-1.682533247286872147e+00
9.598971076790460799e+00
-3.970233220496567128e+02
1.620168617496005581e+01
-1.575164813179757175e+03
3.600351912204102973e+03
2.709361246422684033e+01
-1.786309873553648686e+03
5.152199251684399314e+03
1.117550211877533783e+01
-5.777833200012184989e+02
1.808939932631486045e+03
-2.989507001640884926e-02
1.402161585001074462e+00
-7.355937321415344232e-02
8.337128040779054894e-01
2.240008332713773753e-01
-5.520347524777317189e-02
5.667162527432242358e-01
7.186948249194704541e-01
-1.550738868097270920e-02
1.575030857096281489e-01
2.107678121698184359e-01
9.974574770142106139e-01
-7.884449666262087139e-03
-5.904689050128027195e-02
1.395878364007999695e+00
-4.516604843433221994e+00
-5.585353009497058541e-02
1.751627084583364802e+00
-5.990309701848937074e+00
-1.794531308581729170e-02
5.965166562088630720e-01
-2.060866846292781940e+00
1.240872330599017588e-02
2.591291417746415058e-03
3.931858312419925824e+03
-1.739580301874779616e+04
3.132396620301450639e+03
3.439883022041008808e+05
-1.216260759023085935e+06
-7.070429460414398636e+04
1.383423619204788702e+06
-3.966827396983575542e+06
-6.001927806228798727e+04
8.037419459866642719e+05
-2.091253768288010033e+06
-4.010649998558450898e+04
1.122526932340782223e+05
2.356195543121275114e+04
-3.475894825061625801e+06
1.137492734495405667e+07
7.542400347502495861e+05
-1.308759162659174949e+07
3.644929444657815993e+07
5.960430692403385183e+05
-7.427744614955089055e+06
1.893064861077582836e+07
8.320729068863704742e+04
-1.912378498332100280e+05
-2.109120453633243160e+05
8.717947248937495053e+06
-2.691762262688620016e+07
-1.988898877012174344e+06
3.089552672261023149e+07
-8.388122110282887518e+07
-1.454001715243976330e+06
1.705716480694699287e+07
-4.275608420458953083e+07
8.150495660677081755e-01
2.574912346925590345e+00
1.160789945566217174e+00
-2.362996275565259818e+00
6.770594518662048422e+00
7.572481360400236117e-01
-2.725196449985571867e+00
7.114852753055225243e+00
1.766772626783106037e-01
-7.979415626334831479e-01
2.116117100462326484e+00
6.926927842968244944e-03
3.020329400959835195e-02
6.308645751936343797e-03
-1.207068379133642566e-01
2.627455905886967313e-01
3.414880781034407200e-03
-1.078361678432131765e-01
2.709423376823648644e-01
7.374416038182407714e-04
-2.749172714235609966e-02
7.332050457543082267e-02
1.010295675747005628e+00
8.993121930352587692e-04
2.839544915011602555e-01
-4.049547434710031979e+00
1.320829027977972814e+01
1.039617199225826988e-01
-7.025926422880442779e+00
2.478267576777944825e+01
3.093217070720594500e-02
-2.692213639183810958e+00
9.609855609587620862e+00
1.308312555050978876e+00
-5.537729198399685485e-03
-6.782978946412479559e-02
-6.689938800965584687e-01
3.403093198643869499e+00
-5.296518930285812332e-02
-9.923447887461137595e-01
4.820843504083562436e+00
-6.134152594370908748e-03
-3.843006928866949945e-01
1.756142128595828078e+00
2.096551999295542828e+03
1.463749316826155336e+03
1.312549328609852182e+03
1.830733001708211668e+04
-4.353414407461069641e+04
-8.332889543511114425e+02
3.204731997183186832e+04
-1.086094503752085875e+05
4.522513639811220401e+02
8.353439546391713520e+03
-4.453132500373219955e+04
-1.011387824894029291e+04
-4.463843059549429745e+04
-6.541947127523907511e+03
-2.668442366191750625e+05
6.863875394127934705e+05
3.405980050920991289e+03
-4.375508945544273593e+05
1.631931195659447461e+06
-7.464982537751039672e+03
-1.145670277250510699e+05
6.746774490303470520e+05
2.293399115015390271e+04
2.308660002033881319e+05
1.495952948363443284e+04
1.194979022843743674e+06
-3.104065268035930581e+06
-3.038041109754601166e+03
1.872208166144963121e+06
-7.304308116275656037e+06
4.270469407995472284e+04
4.676143444848688086e+05
-3.062992008840614464e+06
-1.462168327981177754e+04
-3.779025704534075921e+05
-9.608906838220926147e+03
-1.710283137055044761e+06
4.332744015993272886e+06
-2.236432943082032580e+04
-2.501502154668526258e+06
1.028059195589485019e+07
-8.540419587911371491e+04
-5.699834212856359081e+05
4.397585387042864226e+06
9.789747327985583070e+01
-4.265973087748922410e+01
1.534842103790491308e+02
-1.417062076076895437e+03
2.752861414366502686e+03
1.387406469558648894e+02
-1.433658507513588120e+03
2.857741895243075760e+03
4.102510946737612585e+01
-4.236807379746389870e+02
8.503594335657172678e+02
-3.280664829948193084e+00
-9.048959295423717464e+00
-1.243564749139305370e+01
5.542935925780481909e+01
-1.060510866941092161e+02
-1.194333835210497341e+01
7.677483457943773715e+01
-1.554500475102927339e+02
-3.413090238194240289e+00
2.558961537730579749e+01
-5.437683897348154005e+01
-2.513170560951633243e-05
1.975246426184778685e-05
-1.837975571222904284e-05
2.188542101084914323e-05
8.250514953024054934e-05
7.158211984139585719e-06
-5.578739997487526184e-05
1.913638032660162339e-04
5.446755190498710519e-06
-3.219958856243398644e-05
7.975770352946957387e-05
4.331514709695348131e+01
6.386332679188080874e+02
-3.285768747216059182e+01
2.415893826937031463e+03
-5.766875169379177350e+03
-6.185459307173840671e+01
2.953967762459948062e+03
-8.986290575914970759e+03
-2.157143577976204440e+01
9.812158224673428322e+02
-3.239566489593028564e+03
-7.018201418649887280e-02
-1.626803825977791440e-01
-1.873851602097849622e-01
1.137756232949753699e+00
-2.833588974556604967e+00
-1.712595865362474545e-01
1.720283705815327968e+00
-4.541119598574604233e+00
-4.999749497269667664e-02
6.062166487139727389e-01
-1.682287510077893566e+00
9.599061303783461341e+00
-3.969782095679244662e+02
1.620153218588692212e+01
-1.575572716160842447e+03
3.600018364372966062e+03
2.709375790388443761e+01
-1.786251165191404652e+03
5.151831257745542644e+03
1.117550730763623612e+01
-5.777372919568224461e+02
1.809136294692935053e+03
-2.989518802340078787e-02
1.402085963952278913e+00
-7.355889778992105721e-02
8.337296623036087873e-01
2.240010350239081405e-01
-5.520360755300415118e-02
5.667140231594114397e-01
7.186952213588352345e-01
-1.550738522777489123e-02
1.575027858337339493e-01
2.107675243733114767e-01
9.975059382832340837e-01
-7.884449134432692380e-03
-5.904692520965654917e-02
1.395877962923028459e+00
-4.516596201392251153e+00
-5.585365905760953514e-02
1.751593825113734626e+00
-5.990413175128898260e+00
-1.794527864169044931e-02
5.965255193639776854e-01
-2.060841371984064807e+00
1.240872330599017588e-02
2.179342875669096607e-03
3.931836962351274906e+03
-1.739580919170560082e+04
3.132407349244821489e+03
3.439927686233954155e+05
-1.216291554081835784e+06
-7.070690317772341950e+04
1.383298055345403496e+06
-3.966822349478321150e+06
-6.002127366942467779e+04
8.038162633916807827e+05
-2.091083223774529528e+06
-4.010712462900182436e+04
1.122526041970210790e+05
2.356211965750933450e+04
-3.475802013693162240e+06
1.137404810522025265e+07
7.541758505129583646e+05
-1.308888677437199838e+07
3.645360451641266048e+07
5.959606535026783822e+05
-7.427368049755088054e+06
1.893198607118401676e+07
8.320657328589136887e+04
-1.912379144816256303e+05
-2.109087584313316620e+05
8.718009519341446459e+06
-2.691919546406127512e+07
-1.988961331511688186e+06
3.089671631368660554e+07
-8.386917801013122499e+07
-1.454198351859092480e+06
1.705566659852788225e+07
-4.275741736244103312e+07
8.150622264376597981e-01
2.574959946580147818e+00
1.160731550504262355e+00
-2.363069020301970635e+00
6.770424393813947894e+00
7.572985056433042539e-01
-2.725021533433978238e+00
7.115173284883759663e+00
1.766719902686343102e-01
-7.979685256826618556e-01
2.116067966141639722e+00
6.926573083055678759e-03
3.020222751615588702e-02
6.309106307231850293e-03
-1.206816245701526208e-01
2.627668841357854723e-01
3.414662230689903110e-03
-1.078673058206944813e-01
2.709084391288061888e-01
7.374584916590626099e-04
-2.748847629965489592e-02
7.332437704944562429e-02
1.010255121775297305e+00
8.993121867145095066e-04
2.839589820473760740e-01
-4.049376112765974867e+00
1.320867381628930026e+01
1.039608275264081172e-01
-7.026658720356585341e+00
2.478079892936558437e+01
3.093229326734215148e-02
-2.692052493198538787e+00
9.610270492866700209e+00
1.308421534623989801e+00
-5.537728847773136856e-03
-6.783022609978828221e-02
-6.690011467899861231e-01
3.403055633881569175e+00
-5.296477369302984850e-02
-9.923208032836648984e-01
4.820953859130938213e+00
-6.134161601218090024e-03
-3.843063283842362843e-01
1.756119629402523863e+00
2.096551999295542828e+03
1.463749316826155336e+03
1.312549328609852182e+03
1.830733001708211668e+04
-4.353414407461069641e+04
-8.332889543511114425e+02
3.204731997183186832e+04
-1.086094503752085875e+05
4.522513639811220401e+02
8.353439546391713520e+03
-4.453132500373219955e+04
-1.011126943744976052e+04
-4.464079834069347999e+04
-6.543076096009802313e+03
-2.668160030467478209e+05
6.864727779949918622e+05
3.406257960353233102e+03
-4.375921312942773220e+05
1.631903309894406004e+06
-7.465722709795990340e+03
-1.145433856560094137e+05
6.747841372921414440e+05
2.294066432360900581e+04
2.308386477637126809e+05
1.495661848402023679e+04
1.195111057024413720e+06
-3.103492304531191941e+06
-3.037935717029197804e+03
1.872261478820831049e+06
-7.302297128750827163e+06
4.269517635131930001e+04
4.677847086147254449e+05
-3.062443378222662490e+06
-1.462067034998408417e+04
-3.779261809837569599e+05
-9.609351595145355532e+03
-1.710285200690060388e+06
4.332966353286930360e+06
-2.236227945481294228e+04
-2.501204218378996011e+06
1.028362336407925375e+07
-8.541496878298450611e+04
-5.699020003946509678e+05
4.397619581421155483e+06
9.789747327985583070e+01
-4.265973087748922410e+01
1.534842103790491308e+02
-1.417062076076895437e+03
2.752861414366502686e+03
1.387406469558648894e+02
-1.433658507513588120e+03
2.857741895243075760e+03
4.102510946737612585e+01
-4.236807379746389870e+02
8.503594335657172678e+02
-3.280254165814075140e+00
-9.047727368375756640e+00
-1.243763315643539613e+01
5.540675581895890645e+01
-1.060651114167662570e+02
-1.194422418179216372e+01
7.677099589194681073e+01
-1.554715224250494998e+02
-3.413057596331806831e+00
2.559389472585972669e+01
-5.436860496778697183e+01
-2.513155364663192454e-05
1.975332698350191910e-05
-1.837842613219963848e-05
2.188522409742213557e-05
8.250522793929635456e-05
7.157994980214248422e-06
-5.579118849302085572e-05
1.913447583550125517e-04
5.446590959819633550e-06
-3.219770879583999738e-05
7.976340365739134131e-05
4.331514709695348131e+01
6.386332679188080874e+02
-3.285768747216059182e+01
2.415893826937031463e+03
-5.766875169379177350e+03
-6.185459307173840671e+01
2.953967762459948062e+03
-8.986290575914970759e+03
-2.157143577976204440e+01
9.812158224673428322e+02
-3.239566489593028564e+03
-7.018627679103819905e-02
-1.626762457391236760e-01
-1.873567163717153317e-01
1.137670897905803447e+00
-2.833765488999444138e+00
-1.712662581572153564e-01
1.720318735508290064e+00
-4.541266087383367456e+00
-5.000126590504907348e-02
6.061905504814281143e-01
-1.682220574430006721e+00
9.599058159713875327e+00
-3.969496881298887843e+02
1.620158996821624697e+01
-1.575820626584430329e+03
3.599688281489650308e+03
2.709355572514635213e+01
-1.786194431240661970e+03
5.151831088389883917e+03
1.117550422330861082e+01
-5.777246791061539852e+02
1.809215760273446449e+03
-2.989519170269503909e-02
1.402037151049564390e+00
-7.355898430379548270e-02
8.337403849313814730e-01
2.240012252655756153e-01
-5.520354106960056323e-02
5.667122162589954826e-01
7.186948728021289590e-01
-1.550738248717447622e-02
1.575027458205639774e-01
2.107674153679528761e-01
9.975418993528993861e-01
-7.884448672309755241e-03
-5.904694000967448259e-02
1.395876416781215656e+00
-4.516595882648776872e+00
-5.585377225075698060e-02
1.751570539354611267e+00
-5.990478057474714291e+00
-1.794525129293016510e-02
5.965317431675122295e-01
-2.060824884130497914e+00
1.240872330599017588e-02
2.027686987970968822e-03
3.931819254556043688e+03
-1.739581022194577963e+04
3.132415919925878825e+03
3.439942473997752531e+05
-1.216322465175138554e+06
-7.070866844589723041e+04
1.383244501427720301e+06
-3.966742171605333220e+06
-6.002344893759717525e+04
8.038536539928982966e+05
-2.090971070832915138e+06
-4.010767221018603595e+04
1.122525331536376907e+05
2.356226362410129877e+04
-3.475731391177193727e+06
1.137331112596804090e+07
7.541177851839059731e+05
-1.308982354768937826e+07
3.645712270537859201e+07
5.958929140459428309e+05
-7.427109251720279455e+06
1.893318069288774580e+07
8.320592098784865811e+04
-1.912379899268815061e+05
-2.109056864164964936e+05
8.718115296699736267e+06
-2.692038343109189719e+07
-1.989041804147001589e+06
3.089680359671814367e+07
-8.386107068614807725e+07
-1.454347133665614296e+06
1.705482488467928395e+07
-4.275770415144757181e+07
8.150600613224738833e-01
2.574978407861193030e+00
1.160719648453149011e+00
-2.363103365557685631e+00
6.770323959640807132e+00
7.573172666922455276e-01
-2.724929045156092133e+00
7.115368615086083537e+00
1.766695414988244672e-01
-7.979838357478333810e-01
2.116037228393603087e+00
6.926243356017994929e-03
3.020125770396668227e-02
6.309533115089156069e-03
-1.206587853414616690e-01
2.627856827204280710e-01
3.414460103418788094e-03
-1.078954303476354765e-01
2.708786557793634864e-01
7.374740898856630474e-04
-2.748554590384623408e-02
7.332776734276713615e-02
1.010215799152351934e+00
8.993121806722939506e-04
2.839633347898359306e-01
-4.049212058618198995e+00
1.320903711431612670e+01
1.039599627167527157e-01
-7.027361249132939136e+00
2.477901535718125459e+01
3.093241203096834535e-02
-2.691897606588662395e+00
9.610666099006323293e+00
1.308520452778618948e+00
-5.537728537408013497e-03
-6.783062065090976478e-02
-6.690075307674014926e-01
3.403023441036632679e+00
-5.296439933866080307e-02
-9.922998563976854758e-01
4.821047595299298827e+00
-6.134169697253421746e-03
-3.843112291594369956e-01
1.756100646392994902e+00
2.096551999295542828e+03
1.463749316826155336e+03
1.312549328609852182e+03
1.830733001708211668e+04
-4.353414407461069641e+04
-8.332889543511114425e+02
3.204731997183186832e+04
-1.086094503752085875e+05
4.522513639811220401e+02
8.353439546391713520e+03
-4.453132500373219955e+04
-1.010891949217269212e+04
-4.464312710411416629e+04
-6.544106583040926125e+03
-2.667898904628497548e+05
6.865577722994924989e+05
3.406513564272023814e+03
-4.376121356406130944e+05
1.631886317896735854e+06
-7.466397440794372415e+03
-1.145245858178366470e+05
6.748660609797433717e+05
2.294664017416171919e+04
2.308111202734228573e+05
1.495399614238264439e+04
1.195257818892735755e+06
-3.102877440698108636e+06
-3.037841645646862162e+03
1.872351498733614571e+06
-7.300610486618225463e+06
4.268759265331973438e+04
4.679317591007348383e+05
-3.062018371473725885e+06
-1.461976794583072115e+04
-3.779505775002248120e+05
-9.609747422016504061e+03
-1.710251266377016902e+06
4.333248471837820485e+06
-2.236050422021078339e+04
-2.500976726844163146e+06
1.028612280028383434e+07
-8.542168645664489304e+04
-5.698250104416927788e+05
4.397651286066230386e+06
9.789747327985583070e+01
-4.265973087748922410e+01
1.534842103790491308e+02
-1.417062076076895437e+03
2.752861414366502686e+03
1.387406469558648894e+02
-1.433658507513588120e+03
2.857741895243075760e+03
4.102510946737612585e+01
-4.236807379746389870e+02
8.503594335657172678e+02
-3.279967927228169433e+00
-9.046706045019456965e+00
-1.243863037139310102e+01
5.538867468725970156e+01
-1.060766600456278894e+02
-1.194484541432802516e+01
7.676838696737175383e+01
-1.554887382181251780e+02
-3.413201112650719349e+00
2.559637330118819420e+01
-5.436261404811104114e+01
-2.513226698953312203e-05
1.975403497024412559e-05
-1.837715017810001458e-05
2.188507286994269987e-05
8.250530398264202005e-05
7.157914189313811538e-06
-5.579383567418437853e-05
1.913295564204758133e-04
5.446226719445254398e-06
-3.219694076440126414e-05
7.976747018720181941e-05
4.331514709695348131e+01
6.386332679188080874e+02
-3.285768747216059182e+01
2.415893826937031463e+03
-5.766875169379177350e+03
-6.185459307173840671e+01
2.953967762459948062e+03
-8.986290575914970759e+03
-2.157143577976204440e+01
9.812158224673428322e+02
-3.239566489593028564e+03
-7.019179185367198370e-02
-1.626738065162001701e-01
-1.873251163350935222e-01
1.137637845622358368e+00
-2.833870331963124212e+00
-1.712674570879489933e-01
1.720346371319734446e+00
-4.541460020598258929e+00
-5.000666494184845962e-02
6.061432308399380409e-01
-1.682175046676453789e+00
9.599033167612743611e+00
-3.969294484412022257e+02
1.620169007709242237e+01
-1.575969897017536596e+03
3.599464537976624342e+03
2.709332588653526841e+01
-1.786202225721205878e+03
5.151716029141408399e+03
1.117548068402067329e+01
-5.777152998232863865e+02
1.809291051418839743e+03
-2.989516765745942745e-02
1.402001772478330244e+00
-7.355919102435359846e-02
8.337473838165305740e-01
2.240013592281658028e-01
-5.520344993275454193e-02
5.667114165693822869e-01
7.186948788964656609e-01
-1.550737623303677371e-02
1.575027106659095399e-01
2.107673031322903623e-01
9.975650517964210762e-01
-7.884448370453663035e-03
-5.904691578985717809e-02
1.395878948871721592e+00
-4.516587410348962273e+00
-5.585391211944984446e-02
1.751543099343221277e+00
-5.990550102883876349e+00
-1.794522251567152657e-02
5.965380498833871004e-01
-2.060808820817825904e+00
1.240872330599017588e-02
1.920327979032474984e-03
3.931804002308898816e+03
-1.739580920893226357e+04
3.132423228004008706e+03
3.439945287778385682e+05
-1.216350055063716834e+06
-7.071014410268506617e+04
1.383218871243950445e+06
-3.966656250096253119e+06
-6.002530873102020996e+04
8.038774073748061201e+05
-2.090882069874215405e+06
-4.010815875342948857e+04
1.122524725932497095e+05
2.356239192722053485e+04
-3.475674451234824955e+06
1.137269972645327635e+07
7.540635015822220594e+05
-1.309053587195406668e+07
3.645990584705161303e+07
5.958381767325922847e+05
-7.426923672144973651e+06
1.893427658682949096e+07
8.320533096220830339e+04
-1.912380653981490177e+05
-2.109028828240364383e+05
8.718225208535008132e+06
-2.692132581736693159e+07
-1.989123396064271918e+06
3.089667007325124368e+07
-8.385500674807281792e+07
-1.454469066892489558e+06
1.705416072469341010e+07
-4.275766620399542153e+07
8.150495258022734113e-01
2.574979925068205500e+00
1.160734014509790413e+00
-2.363115288904373390e+00
6.770265003962286698e+00
7.573181533443857916e-01
-2.724884853351194458e+00
7.115489100291370939e+00
1.766686910627356388e-01
-7.979922987816661095e-01
2.116017525628488105e+00
6.925938367861959183e-03
3.020038172662671896e-02
6.309926774858780861e-03
-1.206382567923419274e-01
2.628020772986253695e-01
3.414274035763782689e-03
-1.079206161797424540e-01
2.708528635807128104e-01
7.374884309771727970e-04
-2.748292845501719775e-02
7.333068759455667329e-02
1.010178304793196480e+00
8.993121749910019253e-04
2.839674748526759274e-01
-4.049058123706065437e+00
1.320937390643061349e+01
1.039591418172724629e-01
-7.028019359078536255e+00
2.477736437232724498e+01
3.093252460324028008e-02
-2.691752666435536234e+00
9.611032017390749971e+00
1.308610042291567410e+00
-5.537728263873709783e-03
-6.783097622154338202e-02
-6.690131045917371289e-01
3.402996143744509094e+00
-5.296406316319945962e-02
-9.922817053501330475e-01
4.821126116798499339e+00
-6.134176950961798755e-03
-3.843154525950994715e-01
1.756084894215702574e+00
2.096551999295542828e+03
1.463749316826155336e+03
1.312549328609852182e+03
1.830733001708211668e+04
-4.353414407461069641e+04
-8.332889543511114425e+02
3.204731997183186832e+04
-1.086094503752085875e+05
4.522513639811220401e+02
8.353439546391713520e+03
-4.453132500373219955e+04
-1.010686361856875010e+04
-4.464543520675959735e+04
-6.545028116516777118e+03
-2.667648397307308041e+05
6.866380332151062321e+05
3.406745793445842537e+03
-4.376188771884639282e+05
1.631877611683651805e+06
-7.467013423505927676e+03
-1.145090809431568632e+05
6.749365206244920846e+05
2.295184701221401338e+04
2.307834517692485242e+05
1.495167405516062536e+04
1.195415563743694685e+06
-3.102282375136264134e+06
-3.037758128949056299e+03
1.872469015735124471e+06
-7.299115682083319873e+06
4.268141551618983794e+04
4.680613702324289479e+05
-3.061629103459694423e+06
-1.461898448366170123e+04
-3.779754774837511941e+05
-9.610094710686164035e+03
-1.710194155765240313e+06
4.333534792082826607e+06
-2.235896624630010047e+04
-2.500787111033231951e+06
1.028829596541823447e+07
-8.542570591679304198e+04
-5.697527332915713778e+05
4.397713367703155614e+06
9.789747327985583070e+01
-4.265973087748922410e+01
1.534842103790491308e+02
-1.417062076076895437e+03
2.752861414366502686e+03
1.387406469558648894e+02
-1.433658507513588120e+03
2.857741895243075760e+03
4.102510946737612585e+01
-4.236807379746389870e+02
8.503594335657172678e+02
-3.279736597371759377e+00
-9.045823957407197469e+00
-1.243922294448566745e+01
5.537369100283971335e+01
-1.060862056255191703e+02
-1.194530533515656323e+01
7.676580336859034048e+01
-1.555036613624647828e+02
-3.413423240136312042e+00
2.559790071821209878e+01
-5.435804464475287290e+01
-2.513314125418988183e-05
1.975463817518312664e-05
-1.837599963492522685e-05
2.188496704581136470e-05
8.250545687950894031e-05
7.157901998622625491e-06
-5.579599128886609339e-05
1.913164550814999319e-04
5.445779138524530176e-06
-3.219670979385928935e-05
7.977056712324162818e-05
4.331514709695348131e+01
6.386332679188080874e+02
-3.285768747216059182e+01
2.415893826937031463e+03
-5.766875169379177350e+03
-6.185459307173840671e+01
2.953967762459948062e+03
-8.986290575914970759e+03
-2.157143577976204440e+01
9.812158224673428322e+02
-3.239566489593028564e+03
-7.019756866835759335e-02
-1.626721786564554739e-01
-1.872931594468150995e-01
1.137629911363107649e+00
-2.833940417914525778e+00
-1.712670510222879527e-01
1.720364652953533025e+00
-4.541655344504220260e+00
-5.001244140224714307e-02
6.060886655906988496e-01
-1.682145976936710197e+00
9.599001006134766811e+00
-3.969133932846895050e+02
1.620180264943200399e+01
-1.576073172530373995e+03
3.599293325770476258e+03
2.709309380282959978e+01
-1.786232724454443542e+03
5.151572457982694687e+03
1.117544952903629074e+01
-5.777088995210278881e+02
1.809356332747101533e+03
-2.989513493168029570e-02
1.401972922232425089e+00
-7.355942917049780594e-02
8.337527719643649249e-01
2.240014670516088657e-01
-5.520335822398539372e-02
5.667109056161090397e-01
7.186949664262414217e-01
-1.550736811254447775e-02
1.575027019687365859e-01
2.107672060749354315e-01
9.975798261233614905e-01
-7.884448178027095300e-03
-5.904686649145436672e-02
1.395884189788869856e+00
-4.516573517002532512e+00
-5.585406862098166170e-02
1.751513075866519831e+00
-5.990626253323236838e+00
-1.794519291754158655e-02
5.965443703642316908e-01
-2.060793205133077954e+00
1.240872330599017588e-02
1.836541542245429676e-03
3.931790581113657026e+03
-1.739580729400160999e+04
3.132429684688596353e+03
3.439942830023987917e+05
-1.216373756958446000e+06
-7.071153073976765154e+04
1.383204820321975043e+06
-3.966584695073831826e+06
-6.002673955200580531e+04
8.038959692307150690e+05
-2.090803653291684343e+06
-4.010859540793986525e+04
1.122524193927052111e+05
2.356250758596268133e+04
-3.475627143794303760e+06
1.137219354764957540e+07
7.540119802108898293e+05
-1.309109147271109559e+07
3.646206505142899603e+07
5.957943561369933886e+05
-7.426788771540720016e+06
1.893529475821787491e+07
8.320479620190589048e+04
-1.912381373813506798e+05
-2.109003379745215643e+05
8.718326982411019504e+06
-2.692209268108290061e+07
-1.989200515640916768e+06
3.089659684552532807e+07
-8.385019592126721144e+07
-1.454573791067935992e+06
1.705351546994531900e+07
-4.275754949298682064e+07
8.150336382255792822e-01
2.574970098631967463e+00
1.160765243115130962e+00
-2.363112104276027914e+00
6.770234754286571288e+00
7.573075287593384886e-01
-2.724873368730548417e+00
7.115557519783022755e+00
1.766688726442727231e-01
-7.979961066570240291e-01
2.116005529445124544e+00
6.925655709228742754e-03
3.019958967584857740e-02
6.310290610248289050e-03
-1.206197962532897516e-01
2.628163328567466595e-01
3.414102381570046849e-03
-1.079431711739050198e-01
2.708306310423623242e-01
7.375016458953109755e-04
-2.748059120226516508e-02
7.333318787081594126e-02
1.010142672325363256e+00
8.993121696624166959e-04
2.839713968078219630e-01
-4.048914247269689071e+00
1.320968487983298445e+01
1.039583661737248504e-01
-7.028632658773433128e+00
2.477584503233899937e+01
3.093263077165300107e-02
-2.691617884104048120e+00
9.611367959134000216e+00
1.308691429605900458e+00
-5.537728022485956247e-03
-6.783129754979290438e-02
-6.690179703865828387e-01
3.402973106730042385e+00
-5.296376049687198662e-02
-9.922659999179077595e-01
4.821191370884365668e+00
-6.134183465915473386e-03
-3.843190831637767757e-01
1.756071963843965911e+00
2.096551999295542828e+03
1.463749316826155336e+03
1.312549328609852182e+03
1.830733001708211668e+04
-4.353414407461069641e+04
-8.332889543511114425e+02
3.204731997183186832e+04
-1.086094503752085875e+05
4.522513639811220401e+02
8.353439546391713520e+03
-4.453132500373219955e+04
-1.010504887399337349e+04
-4.464768207281965442e+04
-6.545857235230470906e+03
-2.667408161865341244e+05
6.867131370159562211e+05
3.406957610301891691e+03
-4.376177121430928819e+05
1.631871912756521022e+06
-7.467578969350073749e+03
-1.144959969263782259e+05
6.749991822099369019e+05
2.295642998368827466e+04
2.307563501285815437e+05
1.494960074061599153e+04
1.195576265397518640e+06
-3.101720978986785747e+06
-3.037683358650683658e+03
1.872601243610406294e+06
-7.297774266038500704e+06
4.267629029505246581e+04
4.681769654624383547e+05
-3.061264944477792829e+06
-1.461829662612383254e+04
-3.780000252276241663e+05
-9.610402559632188058e+03
-1.710125803582780296e+06
4.333808914075936191e+06
-2.235761727943602818e+04
-2.500622088918153662e+06
1.029023271640688181e+07
-8.542785272519799764e+04
-5.696852027375104371e+05
4.397794896678579971e+06
9.789747327985583070e+01
-4.265973087748922410e+01
1.534842103790491308e+02
-1.417062076076895437e+03
2.752861414366502686e+03
1.387406469558648894e+02
-1.433658507513588120e+03
2.857741895243075760e+03
4.102510946737612585e+01
-4.236807379746389870e+02
8.503594335657172678e+02
-3.279534626630975946e+00
-9.045043310921737856e+00
-1.243961900517459362e+01
5.536094885989957959e+01
-1.060942325286058860e+02
-1.194567286632787706e+01
7.676301519954108699e+01
-1.555169117525844058e+02
-3.413680426507788912e+00
2.559886010323526762e+01
-5.435448027400886417e+01
-2.513400921704145053e-05
1.975516112041794783e-05
-1.837495045467422075e-05
2.188490264494648155e-05
8.250569396715480206e-05
7.157923734381142400e-06
-5.579792563357390716e-05
1.913047053788005864e-04
5.445300365001853027e-06
-3.219675453008691724e-05
7.977303065278182315e-05
4.331514709695348131e+01
6.386332679188080874e+02
-3.285768747216059182e+01
2.415893826937031463e+03
-5.766875169379177350e+03
-6.185459307173840671e+01
2.953967762459948062e+03
-8.986290575914970759e+03
-2.157143577976204440e+01
9.812158224673428322e+02
-3.239566489593028564e+03
-7.020323364334886407e-02
-1.626709600799129130e-01
-1.872619630447159567e-01
1.137634238383868235e+00
-2.833993264800902079e+00
-1.712664075267475161e-01
1.720375209012500406e+00
-4.541835683958679759e+00
-5.001813116934404613e-02
6.060327457891834246e-01
-1.682128757421906817e+00
9.598967525549831237e+00
-3.968996291361606268e+02
1.620191561931412494e+01
-1.576154508974843566e+03
3.599149119979420448e+03
2.709287034352022161e+01
-1.786267933885430693e+03
5.151434831205340743e+03
1.117541578938965507e+01
-5.777049855802093816e+02
1.809411133589646624e+03
-2.989510104022847017e-02
1.401947485616241496e+00
-7.355966389925348847e-02
8.337574731539063588e-01
2.240015623805393929e-01
-5.520327498749530437e-02
5.667103991699784515e-01
7.186950317136290289e-01
-1.550735887868110591e-02
1.575027225294810262e-01
2.107671277164535062e-01
9.975888034438195051e-01
-7.884448063049807193e-03
-5.904680051526798451e-02
1.395891249052090721e+00
-4.516556048244522614e+00
-5.585423539041177443e-02
1.751481551110039447e+00
-5.990704301519307329e+00
-1.794516292835119861e-02
5.965506456659651624e-01
-2.060778085423036643e+00
1.240872330599017588e-02
1.768525414522588738e-03
3.931778606277573999e+03
-1.739580490632908186e+04
3.132435509360960623e+03
3.439937704951791093e+05
-1.216393911038995953e+06
-7.071290094666792720e+04
1.383196120106271468e+06
-3.966530798930192366e+06
-6.002775372547454026e+04
8.039124156825797400e+05
-2.090731383772274479e+06
-4.010899057496921159e+04
1.122523720922590001e+05
2.356261279733398260e+04
-3.475587227927985601e+06
1.137177363748731464e+07
7.539627086797714001e+05
-1.309153023979947902e+07
3.646371339129403234e+07
5.957595015648377594e+05
-7.426691169742720202e+06
1.893624730508000776e+07
8.320430927822622471e+04
-1.912382049151012907e+05
-2.108980246257086401e+05
8.718417748348690569e+06
-2.692272533975475281e+07
-1.989271578762670280e+06
3.089665551435708627e+07
-8.384626630105054379e+07
-1.454666433394365245e+06
1.705284348547545820e+07
-4.275743069178738445e+07
8.150140461564778782e-01
2.574951935077484766e+00
1.160808228797421959e+00
-2.363097725092420109e+00
6.770226447609187126e+00
7.572888336836411938e-01
-2.724886268788502708e+00
7.115585926710671139e+00
1.766697807839893719e-01
-7.979964278388416155e-01
2.115999479418221085e+00
6.925392586048410154e-03
3.019887059150638126e-02
6.310628409949728228e-03
-1.206031335921839698e-01
2.628287372899093532e-01
3.413943286990552429e-03
-1.079634395476686409e-01
2.708114821685246865e-01
7.375138809118311897e-04
-2.747849740700554141e-02
7.333532407594524349e-02
1.010108764909815715e+00
8.993121646528087331e-04
2.839751163033713000e-01
-4.048779526921872929e+00
1.320997265295329903e+01
1.039576325812198165e-01
-7.029204949950797143e+00
2.477444486559086556e+01
3.093273098696684709e-02
-2.691492436776528052e+00
9.611676593878966557e+00
1.308765736075789388e+00
-5.537727808707384146e-03
-6.783158934112824834e-02
-6.690222277147983565e-01
3.402953718893478197e+00
-5.296348671089087107e-02
-9.922523969141427980e-01
4.821245247598052508e+00
-6.134189344641897447e-03
-3.843222039726852390e-01
1.756061455372064151e+00
2.096551999295542828e+03
1.463749316826155336e+03
1.312549328609852182e+03
1.830733001708211668e+04
-4.353414407461069641e+04
-8.332889543511114425e+02
3.204731997183186832e+04
-1.086094503752085875e+05
4.522513639811220401e+02
8.353439546391713520e+03
-4.453132500373219955e+04
-1.010342441464243529e+04
-4.464983451000985224e+04
-6.546610379885056318e+03
-2.667179160845162114e+05
6.867832647955860011e+05
3.407152124122082114e+03
-4.376119637200440629e+05
1.631865719554869225e+06
-7.468103441028481029e+03
-1.144847950279876095e+05
6.750555745172611205e+05
2.296052434048159193e+04
2.307303573100715876e+05
1.494772883533960339e+04
1.195734043643333949e+06
-3.101197231955361553e+06
-3.037615761279002072e+03
1.872738721210263437e+06
-7.296566624319138005e+06
4.267194780115050526e+04
4.682808417822075426e+05
-3.060926098111160100e+06
-1.461768314840972198e+04
-3.780235912355149630e+05
-9.610678895021261269e+03
-1.710054099405155517e+06
4.334064121131048538e+06
-2.235641922290918592e+04
-2.500475425811802503e+06
1.029198417481330223e+07
-8.542868514897953719e+04
-5.696222362128370441e+05
4.397884517253854312e+06
9.789747327985583070e+01
-4.265973087748922410e+01
1.534842103790491308e+02
-1.417062076076895437e+03
2.752861414366502686e+03
1.387406469558648894e+02
-1.433658507513588120e+03
2.857741895243075760e+03
4.102510946737612585e+01
-4.236807379746389870e+02
8.503594335657172678e+02
-3.279350160582604534e+00
-9.044342022353912824e+00
-1.243991746836447376e+01
5.534992628269791481e+01
-1.061010560917786876e+02
-1.194597703443961301e+01
7.676000198637433414e+01
-1.555288335812733749e+02
-3.413952533004279477e+00
2.559944843947929982e+01
-5.435167148966991846e+01
-2.513482139213037869e-05
1.975561842229809156e-05
-1.837398138224076677e-05
2.188487494758470617e-05
8.250601108061102369e-05
7.157962616563518983e-06
-5.579975935710124548e-05
1.912939140026539031e-04
5.444814466265782538e-06
-3.219694693148482482e-05
7.977504887672932509e-05
4.331514709695348131e+01
6.386332679188080874e+02
-3.285768747216059182e+01
2.415893826937031463e+03
-5.766875169379177350e+03
-6.185459307173840671e+01
2.953967762459948062e+03
-8.986290575914970759e+03
-2.157143577976204440e+01
9.812158224673428322e+02
-3.239566489593028564e+03
-7.020862109074911539e-02
-1.626699503038247507e-01
-1.872321108430764491e-01
1.137644406980464096e+00
-2.834036770194261923e+00
-1.712659377854027221e-01
1.720379004682230706e+00
-4.541999345649124109e+00
-5.002356237258240995e-02
6.059783384999674061e-01
-1.682119253090353039e+00
9.598935358775353421e+00
-3.968872158754678026e+02
1.620202352672910706e+01
-1.576225231181109166e+03
3.599020330787034709e+03
2.709266066558176078e+01
-1.786300945593628512e+03
5.151313169575084430e+03
1.117538161550178799e+01
-5.777029039722934840e+02
1.809457051987583782e+03
-2.989506927244308873e-02
1.401923966318257442e+00
-7.355988036269284214e-02
8.337618979568094391e-01
2.240016510945064543e-01
-5.520320362802336178e-02
5.667098000067526398e-01
7.186950461946914892e-01
-1.550734894085544803e-02
1.575027677573409279e-01
2.107670659514794265e-01
9.975935296618111403e-01
-7.884448006001925149e-03
-5.904672290170513010e-02
1.395899588203424857e+00
-4.516536104843868138e+00
-5.585440860066221563e-02
1.751449166433785010e+00
-5.990783007516755632e+00
-1.794513280792820256e-02
5.965568437042992889e-01
-2.060763468694762679e+00
1.240872330599017588e-02
1.712145647455604524e-03
3.931767809598678468e+03
-1.739580221587536653e+04
3.132440838647870351e+03
3.439931004370961455e+05
-1.216411076882427558e+06
-7.071428096758307947e+04
1.383190252558369422e+06
-3.966492601691107731e+06
-6.002839893751058844e+04
8.039278836854570545e+05
-2.090663711157076061e+06
-4.010935085227454692e+04
1.122523298848629493e+05
2.356270925573319255e+04
-3.475553263780512847e+06
1.137142380634886771e+07
7.539153811509787338e+05
-1.309187897714699619e+07
3.646495031198969483e+07
5.957319432921836851e+05
-7.426621814221018925e+06
1.893714241611275822e+07
8.320386350992848747e+04
-1.912382679074868502e+05
-2.108959135417307552e+05
8.718497723115338013e+06
-2.692325168741111085e+07
-1.989336381190331420e+06
3.089684817333272099e+07
-8.384301293171498179e+07
-1.454750165241409326e+06
1.705213751385566220e+07
-4.275732798342945427e+07
8.149917985983672342e-01
2.574927332692144688e+00
1.160859734433197676e+00
-2.363074616729355704e+00
6.770235844717672258e+00
7.572642434659073718e-01
-2.724918318165946651e+00
7.115581874791655714e+00
1.766712227164330407e-01
-7.979939967170012194e-01
2.115998272323557305e+00
6.925146374568503030e-03
3.019821434409562105e-02
6.310943710342489972e-03
-1.205880187023137123e-01
2.628395548475309096e-01
3.413795029183171788e-03
-1.079817403763134870e-01
2.707949778605703850e-01
7.375252715469831927e-04
-2.747661298596688548e-02
7.333714798233720300e-02
1.010076409131888564e+00
8.993121599246991192e-04
2.839786536133205308e-01
-4.048652912886128163e+00
1.321024010913687619e+01
1.039569368236240715e-01
-7.029740845733726040e+00
2.477314945017803538e+01
3.093282584833780685e-02
-2.691375288884900741e+00
9.611961153495736099e+00
1.308833962516430027e+00
-5.537727618533974140e-03
-6.783185578997755205e-02
-6.690259646615313027e-01
3.402937442687465452e+00
-5.296323768345177069e-02
-9.922405921172432475e-01
4.821289415693078340e+00
-6.134194678368805505e-03
-3.843248888041367328e-01
1.756053014668605305e+00
2.096551999295542828e+03
1.463749316826155336e+03
1.312549328609852182e+03
1.830733001708211668e+04
-4.353414407461069641e+04
-8.332889543511114425e+02
3.204731997183186832e+04
-1.086094503752085875e+05
4.522513639811220401e+02
8.353439546391713520e+03
-4.453132500373219955e+04
-1.010195249900009003e+04
-4.465187401128631609e+04
-6.547300225562110427e+03
-2.666961839282361325e+05
6.868486950446766568e+05
3.407331868103835404e+03
-4.376036898433053866e+05
1.631857100277264835e+06
-7.468594813388908733e+03
-1.144751186410536902e+05
6.751065931928429054e+05
2.296422959029846243e+04
2.307057812484364549e+05
1.494602272201368578e+04
1.195885448096340755e+06
-3.100711954556479119e+06
-3.037554138160544426e+03
1.872875306915918132e+06
-7.295477942759623751e+06
4.266819205223086465e+04
4.683746539999895613e+05
-3.060613254032553639e+06
-1.461712855065966869e+04
-3.780458139382815571e+05
-9.610929564368449064e+03
-1.709983747493207688e+06
4.334297425661735237e+06
-2.235534425614979045e+04
-2.500343642572280485e+06
1.029358411698621511e+07
-8.542858378900300886e+04
-5.695635685998362023e+05
4.397974751600705087e+06
9.789747327985583070e+01
-4.265973087748922410e+01
1.534842103790491308e+02
-1.417062076076895437e+03
2.752861414366502686e+03
1.387406469558648894e+02
-1.433658507513588120e+03
2.857741895243075760e+03
4.102510946737612585e+01
-4.236807379746389870e+02
8.503594335657172678e+02
-3.279177073568817935e+00
-9.043705924958322484e+00
-1.244016893049567152e+01
5.534028439774024122e+01
-1.061068904980322003e+02
-1.194623288800802996e+01
7.675679843588402207e+01
-1.555396345074277349e+02
-3.414229411730324237e+00
2.559977434057687518e+01
-5.434946312962611614e+01
-2.513556554841596890e-05
1.975601985952759858e-05
-1.837307613745021458e-05
2.188487971940503518e-05
8.250640134264207557e-05
7.158009705377326774e-06
-5.580155043269279598e-05
1.912838570501311595e-04
5.444333408040716631e-06
-3.219721995128897024e-05
7.977673249290875227e-05
4.331514709695348131e+01
6.386332679188080874e+02
-3.285768747216059182e+01
2.415893826937031463e+03
-5.766875169379177350e+03
-6.185459307173840671e+01
2.953967762459948062e+03
-8.986290575914970759e+03
-2.157143577976204440e+01
9.812158224673428322e+02
-3.239566489593028564e+03
-7.021366060200576187e-02
-1.626690437098188280e-01
-1.872038814999698875e-01
1.137657051865372804e+00
-2.834074765475391278e+00
-1.712657412207974628e-01
1.720376747526823236e+00
-4.542148320730711397e+00
-5.002867658389779926e-02
6.059268178407902772e-01
-1.682114538145979665e+00
9.598905699922768875e+00
-3.968756542672290948e+02
1.620212393587297584e+01
-1.576290973952556669e+03
3.598901318742081912e+03
2.709246697665112436e+01
-1.786329175654989513e+03
5.151209233670018875e+03
1.117534796055890745e+01
-5.777021262261044967e+02
1.809495802346467144e+03
-2.989504106337614528e-02
1.401901598041840780e+00
-7.356007246349040296e-02
8.337662367554414811e-01
2.240017358645171874e-01
-5.520314516491370976e-02
5.667090799586762540e-01
7.186950063965438229e-01
-1.550733853404316111e-02
1.575028323798790542e-01
2.107670177968377634e-01
9.975949903425207488e-01
-7.884447994222838763e-03
-5.904663684398908652e-02
1.395908862349217516e+00
-4.516514387672876829e+00
-5.585458583189503723e-02
1.751416327553354302e+00
-5.990861608274332895e+00
-1.794510272438478923e-02
5.965629440053953347e-01
-2.060749355784383230e+00
1.240872330599017588e-02
1.664780877820164467e-03
3.931757989232139153e+03
-1.739579929721224835e+04
3.132445768294540358e+03
3.439923246345805237e+05
-1.216425806372975465e+06
-7.071568014089488133e+04
1.383186090913858032e+06
-3.966466898940302897e+06
-6.002872758140404039e+04
8.039428064007929061e+05
-2.090600094829319045e+06
-4.010968152935395483e+04
1.122522922385632701e+05
2.356279830744543142e+04
-3.475524217975181527e+06
1.137113068827898428e+07
7.538697855556176510e+05
-1.309215732256503776e+07
3.646585876916002482e+07
5.957103006136581535e+05
-7.426574053282067180e+06
1.893798626537389308e+07
8.320345321233847062e+04
-1.912383265428766608e+05
-2.108939782674990420e+05
8.718568000398248434e+06
-2.692369228590824828e+07
-1.989395165050359443e+06
3.089715661386751384e+07
-8.384030420804288983e+07
-1.454827185780797154e+06
1.705140224359142780e+07
-4.275724052033961564e+07
8.149676432531932635e-01
2.574897647657635957e+00
1.160917457458907842e+00
-2.363044539428471147e+00
6.770259911963271371e+00
7.572353032791568905e-01
-2.724965779968256729e+00
7.115550772083095943e+00
1.766730616346015303e-01
-7.979893374537119222e-01
2.116001117960038425e+00
6.924914768817598022e-03
3.019761210267647364e-02
6.311239609646568209e-03
-1.205742333777578279e-01
2.628490150050981633e-01
3.413656102339298649e-03
-1.079983521559735593e-01
2.707807358774557138e-01
7.375359360469645404e-04
-2.747490818284372208e-02
7.333870474179064736e-02
1.010045438214425939e+00
8.993121554435682665e-04
2.839820283292197600e-01
-4.048533425232303529e+00
1.321048988784949962e+01
1.039562748147980359e-01
-7.030244702736348827e+00
2.477194538837420268e+01
3.093291593745641291e-02
-2.691265453108224293e+00
9.612224679367667335e+00
1.308896968650784975e+00
-5.537727448547684339e-03
-6.783210049665937269e-02
-6.690292565289308602e-01
3.402923820096345864e+00
-5.296300987902009122e-02
-9.922303251777303545e-01
4.821325300053291407e+00
-6.134199545304940861e-03
-3.843272008496660952e-01
1.756046338851392052e+00
2.096551999295542828e+03
1.463749316826155336e+03
1.312549328609852182e+03
1.830733001708211668e+04
-4.353414407461069641e+04
-8.332889543511114425e+02
3.204731997183186832e+04
-1.086094503752085875e+05
4.522513639811220401e+02
8.353439546391713520e+03
-4.453132500373219955e+04
-1.010060645782618303e+04
-4.465379340136809333e+04
-6.547936128464832109e+03
-2.666756058682419243e+05
6.869097216497834306e+05
3.407498802753708787e+03
-4.375941548497012700e+05
1.631845120941961184e+06
-7.469059155923759135e+03
-1.144667181588201347e+05
6.751528904990858864e+05
2.296761566928563479e+04
2.306827555126866209e+05
1.494445650105348614e+04
1.196028743348492309e+06
-3.100264492757650558e+06
-3.037497597511803178e+03
1.873007347848664969e+06
-7.294495568255978636e+06
4.266488526150315010e+04
4.684596593279454974e+05
-3.060326122468003072e+06
-1.461662198894218091e+04
-3.780665267051856499e+05
-9.611158769427356674e+03
-1.709917357438799925e+06
4.334507778407151811e+06
-2.235437223320849080e+04
-2.500224457623977680e+06
1.029505658748889528e+07
-8.542780591913887474e+04
-5.695089089073812356e+05
4.398061323112497106e+06
9.789747327985583070e+01
-4.265973087748922410e+01
1.534842103790491308e+02
-1.417062076076895437e+03
2.752861414366502686e+03
1.387406469558648894e+02
-1.433658507513588120e+03
2.857741895243075760e+03
4.102510946737612585e+01
-4.236807379746389870e+02
8.503594335657172678e+02
-3.279011928291963862e+00
-9.043125116202649139e+00
-1.244040009946165348e+01
5.533178813703158738e+01
-1.061118921276377449e+02
-1.194645051297990257e+01
7.675344865845212894e+01
-1.555494466907321964e+02
-3.414505571180343146e+00
2.559990205279633102e+01
-5.434775357680261010e+01
-2.513624206465741966e-05
1.975637264324721782e-05
-1.837222222383711660e-05
2.188491331974194414e-05
8.250685722922132211e-05
7.158059836697844732e-06
-5.580332824469315270e-05
1.912743984495617413e-04
5.443863403624728304e-06
-3.219753649680049345e-05
7.977815034313053076e-05
4.331514709695348131e+01
6.386332679188080874e+02
-3.285768747216059182e+01
2.415893826937031463e+03
-5.766875169379177350e+03
-6.185459307173840671e+01
2.953967762459948062e+03
-8.986290575914970759e+03
-2.157143577976204440e+01
9.812158224673428322e+02
-3.239566489593028564e+03
-7.021832904018314447e-02
-1.626681828218427273e-01
-1.871773796155929148e-01
1.137670361237696603e+00
-2.834109225312404501e+00
-1.712658107217511494e-01
1.720369044888159005e+00
-4.542285159428488761e+00
-5.003346371762852629e-02
6.058787792768343117e-01
-1.682112675371074673e+00
9.598879044745345368e+00
-3.968646646371170732e+02
1.620221589779723814e+01
-1.576354638183676570e+03
3.598789159500258393e+03
2.709228994671718738e+01
-1.786351823423076212e+03
5.151122031231771871e+03
1.117531522115089437e+01
-5.777022719135406987e+02
1.809528804562443156e+03
-2.989501696657052496e-02
1.401879968921398323e+00
-7.356023821811438768e-02
8.337705786937310570e-01
2.240018179543114829e-01
-5.520309956595455952e-02
5.667082371218800096e-01
7.186949169329636122e-01
-1.550732779479408081e-02
1.575029119895847429e-01
2.107669805756612336e-01
9.975938520917916330e-01
-7.884448018972613909e-03
-5.904654446955723279e-02
1.395918837635917065e+00
-4.516491373281217747e+00
-5.585476549157706444e-02
1.751383304863646018e+00
-5.990939599148578765e+00
-1.794507278971955305e-02
5.965689326356918842e-01
-2.060735747257913975e+00
1.240872330599017588e-02
1.624591114304864067e-03
3.931748986994216466e+03
-1.739579618879620466e+04
3.132450370333586307e+03
3.439914718093254487e+05
-1.216438578896658728e+06
-7.071710151399814640e+04
1.383183055886924034e+06
-3.966450555812981445e+06
-6.002878729228638258e+04
8.039573579597310163e+05
-2.090540335588963469e+06
-4.010998689187059790e+04
1.122522587524109549e+05
2.356288103821453115e+04
-3.475499298501929734e+06
1.137088341042623110e+07
7.538257594609152293e+05
-1.309238035256306641e+07
3.646650644307973981e+07
5.956934484617536655e+05
-7.426542782667182386e+06
1.893878380087929964e+07
8.320307364702585619e+04
-1.912383810767989198e+05
-2.108921961715475190e+05
8.718629803961275145e+06
-2.692406303260206431e+07
-1.989448293067279039e+06
3.089755907189443707e+07
-8.383804571058188379e+07
-1.454899127081167419e+06
1.705064517687560245e+07
-4.275716221329769492e+07
8.149421488879579067e-01
2.574863922924688797e+00
1.160979647008369753e+00
-2.363008847863196760e+00
6.770296295699702149e+00
7.572031878453016063e-01
-2.725025776346148287e+00
7.115496818575429927e+00
1.766751935353369218e-01
-7.979828539619711059e-01
2.116007402139797655e+00
6.924695791218213152e-03
3.019705633467519371e-02
6.311518759296958977e-03
-1.205615914146227624e-01
2.628573129396413188e-01
3.413525219888999089e-03
-1.080135125845061439e-01
2.707684306126925677e-01
7.375459753196924543e-04
-2.747335759859810198e-02
7.334003285991400056e-02
1.010015703841107282e+00
8.993121511794427555e-04
2.839852579015418321e-01
-4.048420207883672184e+00
1.321072426908593300e+01
1.039556429125261527e-01
-7.030720345989175613e+00
2.477082103003533220e+01
3.093300177294050143e-02
-2.691162059170694842e+00
9.612469831227992145e+00
1.308955482478364463e+00
-5.537727295866814656e-03
-6.783232650820954224e-02
-6.690321668701290081e-01
3.402912465499789985e+00
-5.296280030697941843e-02
-9.922213762050348107e-01
4.821354102177623169e+00
-6.134204011574546749e-03
-3.843291935081966648e-01
1.756041172222651436e+00
2.096551999295542828e+03
1.463749316826155336e+03
1.312549328609852182e+03
1.830733001708211668e+04
-4.353414407461069641e+04
-8.332889543511114425e+02
3.204731997183186832e+04
-1.086094503752085875e+05
4.522513639811220401e+02
8.353439546391713520e+03
-4.453132500373219955e+04
-1.009936729194768304e+04
-4.465559270412729529e+04
-6.548525082895620471e+03
-2.666561310870058369e+05
6.869666384125980549e+05
3.407654453350392487e+03
-4.375841257211091579e+05
1.631829430725412210e+06
-7.469500912416630854e+03
-1.144594103482556820e+05
6.751949923615021398e+05
2.297073213806119020e+04
2.306613030812312500e+05
1.494301106006810551e+04
1.196163258018984459e+06
-3.099853375322050881e+06
-3.037445466585891609e+03
1.873132862640804145e+06
-7.293608441003012471e+06
4.266193172289566428e+04
4.685368553726281971e+05
-3.060063611062990502e+06
-1.461615581327594191e+04
-3.780856863802091684e+05
-9.611369578431414993e+03
-1.709856245652173879e+06
4.334695260457530618e+06
-2.235348829204024514e+04
-2.500116193261072505e+06
1.029641949150471576e+07
-8.542652516178799851e+04
-5.694579642483321950e+05
4.398142045988916419e+06
9.789747327985583070e+01
-4.265973087748922410e+01
1.534842103790491308e+02
-1.417062076076895437e+03
2.752861414366502686e+03
1.387406469558648894e+02
-1.433658507513588120e+03
2.857741895243075760e+03
4.102510946737612585e+01
-4.236807379746389870e+02
8.503594335657172678e+02
-3.278852659274342773e+00
-9.042592175148177702e+00
-1.244062519049785820e+01
5.532426457727865454e+01
-1.061161820472297563e+02
-1.194663782390627205e+01
7.674999284601457816e+01
-1.555583604372961588e+02
-3.414777896639320964e+00
2.559987231535141916e+01
-5.434647212519973181e+01
-2.513685542446194882e-05
1.975668248578254407e-05
-1.837140995501655250e-05
2.188497260154010350e-05
8.250737128640263872e-05
7.158109865819951416e-06
-5.580510805619372488e-05
1.912654500967048133e-04
5.443407677442075866e-06
-3.219787516640069020e-05
7.977934782532104547e-05
4.331514709695348131e+01
6.386332679188080874e+02
-3.285768747216059182e+01
2.415893826937031463e+03
-5.766875169379177350e+03
-6.185459307173840671e+01
2.953967762459948062e+03
-8.986290575914970759e+03
-2.157143577976204440e+01
9.812158224673428322e+02
-3.239566489593028564e+03
-7.022262761272482501e-02
-1.626673360188244932e-01
-1.871526113866506802e-01
1.137683357923946037e+00
-2.834141210064568650e+00
-1.712661034859047637e-01
1.720356445270795565e+00
-4.542412177624905567e+00
-5.003793529881599839e-02
6.058344026620897660e-01
-1.682112403075592066e+00
9.598855532282943415e+00
-3.968540838246293561e+02
1.620229922745747686e+01
-1.576417725459373059e+03
3.598682257759645381e+03
2.709212942921634948e+01
-1.786368862567934457e+03
5.151049726173252566e+03
1.117528352016907967e+01
-5.777030747570196354e+02
1.809557169105789399e+03
-2.989499709443826231e-02
1.401858850544789092e+00
-7.356037766849694848e-02
8.337749634372655372e-01
2.240018979710204083e-01
-5.520306632128125363e-02
5.667072796647288913e-01
7.186947846492580672e-01
-1.550731680284327639e-02
1.575030031692281618e-01
2.107669521075758723e-01
9.975905906607057672e-01
-7.884448073875612722e-03
-5.904644726401811483e-02
1.395929347336820836e+00
-4.516467403825787486e+00
-5.585494649230996617e-02
1.751350286057805627e+00
-5.991016630317012037e+00
-1.794504308008239291e-02
5.965747999831598758e-01
-2.060722643182375524e+00
1.240872330599017588e-02
1.590216669940642657e-03
