3.931897989719669567e+03
-1.739575870681280503e+04
3.132375545898834844e+03
3.439658609236137709e+05
-1.216256581998199690e+06
-7.069800600428853068e+04
1.383907177859704942e+06
-3.966276189097944647e+06
-6.001752423652596190e+04
8.035151181825734675e+05
-2.091710365941657918e+06
-4.010547653771656769e+04
1.122530169706700981e+05
2.356169606583616769e+04
-3.476180699403351173e+06
1.137593670849481970e+07
7.543131127166453516e+05
-1.308476044625267945e+07
3.644458485392813385e+07
5.962266124722879613e+05
-7.427790114356440492e+06
1.892897751404034346e+07
8.320835471266537206e+04
-1.912377264145924128e+05
-2.109162454782992136e+05
8.717975083525680006e+06
-2.691494242066955194e+07
-1.988980652736272197e+06
3.088802996015456319e+07
-8.390870279256162047e+07
-1.453503195344649721e+06
1.706352899082216620e+07
-4.274865973112091422e+07
8.149838730507784623e-01
2.574755351745465770e+00
1.161019803549678597e+00
-2.362777178555153679e+00
6.771038707057573269e+00
7.570782938606833712e-01
-2.725689689043247377e+00
7.114038039714996486e+00
1.766934149293478973e-01
-7.978690983168182926e-01
2.116239150200515340e+00
6.927402739328343377e-03
3.020474290328910988e-02
6.308024337706170936e-03
-1.207413066113113831e-01
2.627159890578132373e-01
3.415177364719879441e-03
-1.077933861118837433e-01
2.709896696689174656e-01
7.374185938559282925e-04
-2.749621038376280982e-02
7.331507891357019746e-02
1.010344404799476958e+00
8.993122007234547691e-04
2.839491168044590008e-01
-4.049752962958004687e+00
1.320782817266536568e+01
1.039627848680542560e-01
-7.025059158961947325e+00
2.478489237013047486e+01
3.093202475605891927e-02
-2.692402389685166320e+00
9.609374464684982797e+00
1.308161560703610560e+00
-5.537729694807678321e-03
-6.782917938621006726e-02
-6.689834970767116751e-01
3.403147966134083102e+00
-5.296577374411866324e-02
-9.923793203111361816e-01
4.820681208409586915e+00
-6.134139870393713091e-03
-3.842925330869636502e-01
1.756175442198598446e+00
2.096551999295542828e+03
1.463749316826155336e+03
1.312549328609852182e+03
1.830733001708211668e+04
-4.353414407461069641e+04
-8.332889543511114425e+02
3.204731997183186832e+04
-1.086094503752085875e+05
4.522513639811220401e+02
8.353439546391713520e+03
-4.453132500373219955e+04
-1.011405647262115599e+04
-4.463101109458185238e+04
-6.541308761668721672e+03
-2.669592341930750408e+05
6.863283229317984078e+05
3.405637218767968534e+03
-4.375077208209015080e+05
1.631817130734469742e+06
-7.462648563007645862e+03
-1.145852517715331924e+05
6.744024689098675735e+05
2.293365827343649653e+04
2.309600081497950596e+05
1.496108397418369532e+04
1.194018134231814183e+06
-3.104223969305276405e+06
-3.038166617199258781e+03
1.872032284909359179e+06
-7.309145012085539289e+06
4.273822871475410648e+04
4.675020186166010099e+05
-3.064853498512499034e+06
-1.462171522218356949e+04
-3.778128579387104255e+05
-9.608682631509725979e+03
-1.710892525721405633e+06
4.332924601416520774e+06
-2.236668326226652789e+04
-2.501971638637746684e+06
1.027449590225954168e+07
-8.536030079034245864e+04
-5.700253441737515386e+05
4.396844346849776804e+06
9.789747327985583070e+01
-4.265973087748922410e+01
1.534842103790491308e+02
-1.417062076076895437e+03
2.752861414366502686e+03
1.387406469558648894e+02
-1.433658507513588120e+03
2.857741895243075760e+03
4.102510946737612585e+01
-4.236807379746389870e+02
8.503594335657172678e+02
-3.282701958759533856e+00
-9.051384468245865733e+00
-1.241544974225804232e+01
5.547164477097869906e+01
-1.060510993896633494e+02
-1.195304455369065799e+01
7.680704618365417957e+01
-1.553317294809839382e+02
-3.412926159239326296e+00
2.557237756995253619e+01
-5.440803670774046452e+01
-2.515642981879956500e-05
1.975025694220132650e-05
-1.837067146929591507e-05
2.188631704131197269e-05
8.250240316860032888e-05
7.157371250566708209e-06
-5.578000011227068460e-05
1.914208288407217846e-04
5.447166261464216858e-06
-3.220610095021981872e-05
7.974016714984341050e-05
4.331514709695348131e+01
6.386332679188080874e+02
-3.285768747216059182e+01
2.415893826937031463e+03
-5.766875169379177350e+03
-6.185459307173840671e+01
2.953967762459948062e+03
-8.986290575914970759e+03
-2.157143577976204440e+01
9.812158224673428322e+02
-3.239566489593028564e+03
-7.020209449091723009e-02
-1.626979845068708408e-01
-1.872514685185499017e-01
1.138313650449944925e+00
-2.833419630443004600e+00
-1.713795568684061688e-01
1.719754933811952657e+00
-4.539717148261272150e+00
-4.998343735754870454e-02
6.062072055948308780e-01
-1.682769616644546051e+00
9.598807238347900395e+00
-3.970543859555743325e+02
1.620212618951781280e+01
-1.574828698671703705e+03
3.600341084383109319e+03
2.709242965907546719e+01
-1.786482357315139097e+03
5.152919378666510966e+03
1.117571013003389524e+01
-5.777999423177481049e+02
1.808730762932043035e+03
-2.989487384493607139e-02
1.402210644858373767e+00
-7.356049468633846233e-02
8.337006542278661003e-01
2.240008282397391026e-01
-5.520287000117722609e-02
5.667186343606578358e-01
7.186931973380502603e-01
-1.550743735432574301e-02
1.575032277927718716e-01
2.107681571517622809e-01
9.974408278363099400e-01
-7.884449714907202852e-03
-5.904690119559103528e-02
1.395871239676408804e+00
-4.516631601676276198e+00
-5.585343136869692221e-02
1.751658003934360330e+00
-5.990208965347804337e+00
-1.794533652216119546e-02
5.965097794825992006e-01
-2.060887936797180409e+00
1.000000000000000000e+01
1.000000000000044942e+01
3.931908513485172534e+03
-1.739570378102990435e+04
3.132370966796635003e+03
3.439509609431501012e+05
-1.216308989806800382e+06
-7.069680011417945207e+04
1.384030650600250345e+06
-3.965963085943232756e+06
-6.001757338131235883e+04
8.035168090069347527e+05
-2.091720596425324213e+06
-4.010521369618771860e+04
1.122535978756138647e+05
2.356164461726739682e+04
-3.476527846528615337e+06
1.137479971144161373e+07
7.543210464266139315e+05
-1.308323593283187971e+07
3.644989578079135716e+07
5.962523287337528309e+05
-7.427037349367670715e+06
1.892953364284522459e+07
8.320863264684924798e+04
-1.912372922597383149e+05
-2.109170783882787509e+05
8.717460215579826385e+06
-2.691655665940143541e+07
-1.989003632396923611e+06
3.088884418099607155e+07
-8.390282030045372248e+07
-1.453431893823229009e+06
1.706528590586450323e+07
-4.274719248415823281e+07
8.150557168346199699e-01
2.574938524168652432e+00
1.160881280660603920e+00
-2.362925248948601897e+00
6.770728167534581843e+00
7.571334757749880184e-01
-2.725502128855078254e+00
7.114367646225597142e+00
1.766906630158444624e-01
-7.978841880877187709e-01
2.116211336826085976e+00
6.927048368263789141e-03
3.020313596342021761e-02
6.308334379952611551e-03
-1.207146107154681569e-01
2.627461233228103321e-01
3.415079396189019643e-03
-1.078159039651038070e-01
2.709562256925476253e-01
7.374236417813312752e-04
-2.749462678239508739e-02
7.331767777114037155e-02
1.010305127631733635e+00
8.993121932352082012e-04
2.839523493153167655e-01
-4.049596636698311158e+00
1.320822802212274460e+01
1.039623248692460450e-01
-7.025550977146514775e+00
2.478343766155581207e+01
3.093206894059627107e-02
-2.692325455492254882e+00
9.609603906378355376e+00
1.308315506192972766e+00
-5.537729029059711150e-03
-6.782960914331329083e-02
-6.689934719140716579e-01
3.403085713495460851e+00
-5.296549679083908946e-02
-9.923564541078614409e-01
4.820809894911885607e+00
-6.134143879754911169e-03
-3.842961683705272136e-01
1.756157589169049960e+00
2.096551999295542828e+03
1.463749316826155336e+03
1.312549328609852182e+03
1.830733001708211668e+04
-4.353414407461069641e+04
-8.332889543511114425e+02
3.204731997183186832e+04
-1.086094503752085875e+05
4.522513639811220401e+02
8.353439546391713520e+03
-4.453132500373219955e+04
-1.011403424595242905e+04
-4.462975395334375935e+04
-6.541324496400126918e+03
-2.669609230700370972e+05
6.862388431807070738e+05
3.405686393606562433e+03
-4.375421327924962970e+05
1.631815690914430423e+06
-7.463469354419115007e+03
-1.145909471682263393e+05
6.744513348472770303e+05
2.293373057269353376e+04
2.309782775043834117e+05
1.496106008639586071e+04
1.193981451795096276e+06
-3.105215101204213221e+06
-3.038149409836728864e+03
1.871683135492960224e+06
-7.308888467367336154e+06
4.272576858769496175e+04
4.674655658444314031e+05
-3.064347517459289636e+06
-1.462170178940909500e+04
-3.777931314422160503e+05
-9.608683996894958909e+03
-1.710935769383321283e+06
4.332147072378348559e+06
-2.236637654042310169e+04
-2.502224731167427264e+06
1.027487961622316577e+07
-8.537759767754873610e+04
-5.700401891496415483e+05
4.397234679700997658e+06
9.789747327985583070e+01
-4.265973087748922410e+01
1.534842103790491308e+02
-1.417062076076895437e+03
2.752861414366502686e+03
1.387406469558648894e+02
-1.433658507513588120e+03
2.857741895243075760e+03
4.102510946737612585e+01
-4.236807379746389870e+02
8.503594335657172678e+02
-3.282646249284416839e+00
-9.051792507973623003e+00
-1.241958335794689283e+01
5.547248446411074951e+01
-1.060323598939613419e+02
-1.194561761474656869e+01
7.683928001234663441e+01
-1.553420449796602156e+02
-3.413853966490834502e+00
2.556441507598081486e+01
-5.441123957855572257e+01
-2.515326493415477184e-05
1.975015071042977133e-05
-1.837418737257473527e-05
2.188584470988467258e-05
8.250339809346427314e-05
7.158203359738364056e-06
-5.577240731633895603e-05
1.914276524927330302e-04
5.446515867514814269e-06
-3.221028476665461137e-05
7.973652316368232140e-05
4.331514709695348131e+01
6.386332679188080874e+02
-3.285768747216059182e+01
2.415893826937031463e+03
-5.766875169379177350e+03
-6.185459307173840671e+01
2.953967762459948062e+03
-8.986290575914970759e+03
-2.157143577976204440e+01
9.812158224673428322e+02
-3.239566489593028564e+03
-7.019299282809700335e-02
-1.626901249698648189e-01
-1.873412987773467875e-01
1.137725368257943348e+00
-2.833990407232839903e+00
-1.712798866680136090e-01
1.721656999054873571e+00
-4.537402395201610261e+00
-4.999423983389588572e-02
6.058893499672556304e-01
-1.683228739637204541e+00
9.598861712524662693e+00
-3.970477708987672258e+02
1.620185820139213817e+01
-1.575156972959763152e+03
3.600261213344119824e+03
2.709356165200785682e+01
-1.785700503352019950e+03
5.153710581725927113e+03
1.117544067069922775e+01
-5.779274701949331075e+02
1.808537028861643194e+03
-2.989494200532252788e-02
1.402199472451216788e+00
-7.355978698082145384e-02
8.337125078584131099e-01
2.240008715632699210e-01
-5.520347211732738041e-02
5.667085741175642566e-01
7.186912160699480134e-01
-1.550737064494993149e-02
1.575044392122349479e-01
2.107684929785721140e-01
9.973859948859397084e-01
-7.884450744422791951e-03
-5.904673704503302784e-02
1.395900343577809011e+00
-4.516541121158592631e+00
-5.585354656391109535e-02
1.751618754273040812e+00
-5.990352476077529076e+00
-1.794532857079073063e-02
5.965133735711285468e-01
-2.060873361109597734e+00
1.000000000000000000e+01
2.229057341403038350e+00
3.931922625647912355e+03
-1.739565084061331436e+04
3.132362169946194626e+03
3.439356125235367217e+05
-1.216342299178561196e+06
-7.069156245259806747e+04
1.384226690540516982e+06
-3.965858703951413743e+06
-6.002290489093408542e+04
8.034468022905102698e+05
-2.091692596914707217e+06
-4.010487644129215187e+04
1.122541790906068491e+05
2.356155795659406795e+04
-3.476827870310892817e+06
1.137408489542429708e+07
7.543948230504759122e+05
-1.308234845314547606e+07
3.644850408362536877e+07
5.961978139578716364e+05
-7.426491639489604160e+06
1.893226975997297838e+07
8.320898419980946346e+04
-1.912368296478065022e+05
-2.109182625398368109e+05
8.717068335657730699e+06
-2.691764940941294283e+07
-1.988979782427957747e+06
3.088642635680893436e+07
-8.390773508619411290e+07
-1.453418346780145541e+06
1.706817018784585968e+07
-4.274158799849037081e+07
8.152822046977836745e-01
2.575519209821333533e+00
1.160449164483456252e+00
-2.363390962954547092e+00
6.769745741609934697e+00
7.573029724533404394e-01
-2.724918720285322227e+00
7.115401693159629559e+00
1.766824106961524810e-01
-7.979303706375213689e-01
2.116125097640926267e+00
6.925985127844531790e-03
3.019833681502430422e-02
6.309271084536081237e-03
-1.206344211295392876e-01
2.628362280270616358e-01
3.414780995194820722e-03
-1.078840134504156917e-01
2.708556390750480602e-01
7.374391592363705068e-04
-2.748979813768604591e-02
7.332554847395604536e-02
1.010194407554770191e+00
8.993121722974971094e-04
2.839615840823542792e-01
-4.049154496829389771e+00
1.320934972304617006e+01
1.039609901783666718e-01
-7.026960955166333456e+00
2.477930851929259504e+01
3.093219939791536088e-02
-2.692101432879887568e+00
9.610264179288332542e+00
1.308775605977188006e+00
-5.537727045698614264e-03
-6.783090012277934178e-02
-6.690233130547876828e-01
3.402900070900037210e+00
-5.296465968168844601e-02
-9.922876943609642009e-01
4.821195292063859661e+00
-6.134156086582383607e-03
-3.843071674009254646e-01
1.756103843815475463e+00
2.096551999295542828e+03
1.463749316826155336e+03
1.312549328609852182e+03
1.830733001708211668e+04
-4.353414407461069641e+04
-8.332889543511114425e+02
3.204731997183186832e+04
-1.086094503752085875e+05
4.522513639811220401e+02
8.353439546391713520e+03
-4.453132500373219955e+04
-1.011471872199199970e+04
-4.462976295799699437e+04
-6.541213477227534895e+03
-2.668946434146017418e+05
6.861032919353022007e+05
3.405839300627593730e+03
-4.376394176201345981e+05
1.631725977441238239e+06
-7.466224011788384814e+03
-1.146242135008050682e+05
6.744794198859640164e+05
2.293215350118306742e+04
2.309845249496758915e+05
1.496131093763545141e+04
1.194494377279382199e+06
-3.106920986312977970e+06
-3.038089934772274319e+03
1.871037133134900359e+06
-7.308144889596398920e+06
4.268191123056127981e+04
4.671888479576699901e+05
-3.064279503166192211e+06
-1.462191609688247445e+04
-3.777808590782110114e+05
-9.608651182834946667e+03
-1.710649470456687268e+06
4.330680423274304718e+06
-2.236518917578303808e+04
-2.502500021812058985e+06
1.027657858749730885e+07
-8.544152305785090721e+04
-5.701950239746021107e+05
4.397123806501566432e+06
9.789747327985583070e+01
-4.265973087748922410e+01
1.534842103790491308e+02
-1.417062076076895437e+03
2.752861414366502686e+03
1.387406469558648894e+02
-1.433658507513588120e+03
2.857741895243075760e+03
4.102510946737612585e+01
-4.236807379746389870e+02
8.503594335657172678e+02
-3.282634941447738264e+00
-9.052908624978558194e+00
-1.242314273372415556e+01
5.549793275607121501e+01
-1.059694766558848471e+02
-1.193942607183069171e+01
7.682676524418064901e+01
-1.554421834112056047e+02
-3.414481023369114077e+00
2.556194702562044796e+01
-5.440385122647459326e+01
-2.514676919983574975e-05
1.974988086018745096e-05
-1.837949829307150950e-05
2.188540128565221710e-05
8.250756701103605225e-05
7.159181765866499271e-06
-5.576456062759852037e-05
1.914213013830447371e-04
5.446001834207733683e-06
-3.221410770456424805e-05
7.973479502989800044e-05
4.331514709695348131e+01
6.386332679188080874e+02
-3.285768747216059182e+01
2.415893826937031463e+03
-5.766875169379177350e+03
-6.185459307173840671e+01
2.953967762459948062e+03
-8.986290575914970759e+03
-2.157143577976204440e+01
9.812158224673428322e+02
-3.239566489593028564e+03
-7.018636755900763136e-02
-1.626880511413216213e-01
-1.874073864037079928e-01
1.137407656606812090e+00
-2.833935848302352234e+00
-1.712153267979462379e-01
1.722856030181646680e+00
-4.536601862531184359e+00
-4.999922004886032945e-02
6.056982689262667696e-01
-1.683467597939159344e+00
9.598799604654772111e+00
-3.971048111801298433e+02
1.620193487551162193e+01
-1.574491544848405283e+03
3.601770234096150489e+03
2.709360893318363495e+01
-1.786220764289590988e+03
5.151281155682150711e+03
1.117540546701396309e+01
-5.779072568889450849e+02
1.808744008201994120e+03
-2.989484937765773606e-02
1.402298839322858148e+00
-7.356007758216860648e-02
8.336855795609148245e-01
2.240000712635231150e-01
-5.520345870200273758e-02
5.667166405984859212e-01
7.186978370172225627e-01
-1.550736304827013412e-02
1.575041598645247620e-01
2.107680846049294898e-01
9.971791919277880334e-01
-7.884454358260659795e-03
-5.904602148201434919e-02
1.396013092099750885e+00
-4.516214901642680246e+00
-5.585417502638647530e-02
1.751443674024005359e+00
-5.990922793158520498e+00
-1.794526463684523870e-02
5.965333012574224325e-01
-2.060806772874016701e+00
1.000000000000000000e+01
1.971426377248135742e+00
3.931932872556963048e+03
-1.739561826930790266e+04
3.132354800559725390e+03
3.439253946765811997e+05
-1.216357464467513608e+06
-7.068643510069424519e+04
1.384392475930282846e+06
-3.965848033081890550e+06
-6.002870117616708012e+04
8.033658073102987837e+05
-2.091670675938103115e+06
-4.010460706069631124e+04
1.122546316250720702e+05
2.356148538996453863e+04
-3.477055521330391522e+06
1.137356062913342007e+07
7.544646159778026631e+05
-1.308170434137674421e+07
3.644666422586337477e+07
5.961383539987743134e+05
-7.426148986618666910e+06
1.893467719883750752e+07
8.320929807731231267e+04
-1.912364015072966286e+05
-2.109193018544156512e+05
8.716696816755624488e+06
-2.691875786971879378e+07
-1.988961299256565515e+06
3.088436354829163477e+07
-8.391117062211374938e+07
-1.453405268258377677e+06
1.707076985225619003e+07
-4.273671148204007000e+07
8.155342264362448468e-01
2.576172593296607083e+00
1.159978316517785935e+00
-2.363907100701398534e+00
6.768644235864226033e+00
7.574817837952606547e-01
-2.724286285032830879e+00
7.116542574011750943e+00
1.766741619867763236e-01
-7.979787619185433334e-01
2.116032150519465027e+00
6.924833474677725108e-03
3.019313469254951421e-02
6.310284754136330845e-03
-1.205475687121296130e-01
2.629338919597584701e-01
3.414458393249464232e-03
-1.079577153462766143e-01
2.707467020692211901e-01
7.374559183104793412e-04
-2.748457807190132426e-02
7.333406495152629267e-02
1.010081191442939952e+00
8.993121509652299934e-04
2.839710889890139645e-01
-4.048701395428565775e+00
1.321049505414221414e+01
1.039596063532315373e-01
-7.028415513325120045e+00
2.477506714660794174e+01
3.093233573147812984e-02
-2.691868620132610967e+00
9.610946988050535822e+00
1.309272857192218087e+00
-5.537724899670568891e-03
-6.783229298939806584e-02
-6.690555543503463598e-01
3.402699261219149118e+00
-5.296375823790440418e-02
-9.922135303616717028e-01
4.821611556981305391e+00
-6.134169203912893595e-03
-3.843190081989730222e-01
1.756045893014373638e+00
2.096551999295542828e+03
1.463749316826155336e+03
1.312549328609852182e+03
1.830733001708211668e+04
-4.353414407461069641e+04
-8.332889543511114425e+02
3.204731997183186832e+04
-1.086094503752085875e+05
4.522513639811220401e+02
8.353439546391713520e+03
-4.453132500373219955e+04
-1.011549837413373098e+04
-4.462936057462506869e+04
-6.541039879316465885e+03
-2.668183196755507961e+05
6.859249645360657014e+05
3.405982979050714221e+03
-4.378094772593856324e+05
1.631598774901155615e+06
-7.469096845901660345e+03
-1.146527101451781346e+05
6.745523371567289578e+05
2.293050071805804691e+04
2.309995812656794442e+05
1.496162865935890113e+04
1.194989139625513693e+06
-3.109220432131139096e+06
-3.038028774017148407e+03
1.870114877021002118e+06
-7.306623229779360816e+06
4.263469322620276944e+04
4.669193683510151459e+05
-3.064018226140839513e+06
-1.462211815827489772e+04
-3.777566826021457673e+05
-9.608621890421261924e+03
-1.710461691788278520e+06
4.328674286501562223e+06
-2.236386638228740048e+04
-2.502718267222610302e+06
1.027964725518323109e+07
-8.551246115621882200e+04
-5.703626367677941453e+05
4.396968986383736134e+06
9.789747327985583070e+01
-4.265973087748922410e+01
1.534842103790491308e+02
-1.417062076076895437e+03
2.752861414366502686e+03
1.387406469558648894e+02
-1.433658507513588120e+03
2.857741895243075760e+03
4.102510946737612585e+01
-4.236807379746389870e+02
8.503594335657172678e+02
-3.282262786685698597e+00
-9.053270936831125937e+00
-1.242898430945270150e+01
5.550549274440693637e+01
-1.059250497697241684e+02
-1.193485472905689981e+01
7.682199129257398340e+01
-1.555225652743970102e+02
-3.414533631244188960e+00
2.556275103761562306e+01
-5.439563676302478257e+01
-2.513920166547786657e-05
1.974990770130854645e-05
-1.838377378435180565e-05
2.188496695034467324e-05
8.251126067254661433e-05
7.159638520215906155e-06
-5.576028297487246497e-05
1.914107015820522859e-04
5.446111077283587151e-06
-3.221498747412829836e-05
7.973552047211910612e-05
4.331514709695348131e+01
6.386332679188080874e+02
-3.285768747216059182e+01
2.415893826937031463e+03
-5.766875169379177350e+03
-6.185459307173840671e+01
2.953967762459948062e+03
-8.986290575914970759e+03
-2.157143577976204440e+01
9.812158224673428322e+02
-3.239566489593028564e+03
-7.017938453463655468e-02
-1.626827641938022317e-01
-1.874474150434806974e-01
1.137108632590793977e+00
-2.834046826812990361e+00
-1.712077273773668640e-01
1.723435574136457538e+00
-4.536049477842521327e+00
-4.999492027703206221e-02
6.056892517068437343e-01
-1.683539499279798068e+00
9.598778355151585728e+00
-3.971380431468566030e+02
1.620200672725178492e+01
-1.574012314509852104e+03
3.602912513924221912e+03
2.709323109185177714e+01
-1.786829658091614192e+03
5.149111577792622484e+03
1.117555026284203912e+01
-5.778294913366077026e+02
1.809001106911643092e+03
-2.989481983063004347e-02
1.402354337045935040e+00
-7.356026662475682876e-02
8.336676634289559296e-01
2.239994891957992340e-01
-5.520328204515641268e-02
5.667245712649280343e-01
7.187033881007686142e-01
-1.550739330929863657e-02
1.575034563633188889e-01
2.107676321265862796e-01
9.969932879339110654e-01
-7.884457632750785025e-03
-5.904534012975031637e-02
1.396119844930628684e+00
-4.515905578139608245e+00
-5.585481562711583359e-02
1.751269509887628084e+00
-5.991484632552363188e+00
-1.794519375691987217e-02
5.965543426473127742e-01
-2.060738220315166735e+00
1.000000000000000000e+01
1.782097574584586175e+00
3.931938058444767194e+03
-1.739560699831319289e+04
3.132350085084529837e+03
3.439208278680833173e+05
-1.216357896231837338e+06
-7.068251986745202157e+04
1.384505396656331606e+06
-3.965886322827520315e+06
-6.003354776884947933e+04
8.032928804938518442e+05
-2.091664308317930438e+06
-4.010444361562849372e+04
1.122549114454683731e+05
2.356144034856855797e+04
-3.477192148391447496e+06
1.137322077865419164e+07
7.545115065974651370e+05
-1.308138382240854390e+07
3.644540223427139223e+07
5.960941512352210702e+05
-7.425948924889623187e+06
1.893626887057984993e+07
8.320952198637821130e+04
-1.912360678050718270e+05
-2.109199642463635828e+05
8.716395661918906495e+06
-2.691977570115448907e+07
-1.988965075026145903e+06
3.088288887263130397e+07
-8.391198579428221285e+07
-1.453380113930208143e+06
1.707281984775604308e+07
-4.273342609982767701e+07
8.157505776910098927e-01
2.576742229399022754e+00
1.159586160340952521e+00
-2.364347683515166665e+00
6.767688566771945524e+00
7.576234612749991326e-01
-2.723763567265468311e+00
7.117510248914249438e+00
1.766682089531007305e-01
-7.980166845263617637e-01
2.115955996138175532e+00
6.923857375908347260e-03
3.018872021719905263e-02
6.311142280013400975e-03
-1.204739975848947847e-01
2.630167224931952430e-01
3.414186021344519945e-03
-1.080200267946191395e-01
2.706544790462999672e-01
7.374700405370231181e-04
-2.748017354691368111e-02
7.334126063553791930e-02
1.009991283666895612e+00
8.993121341043143349e-04
2.839786976167866239e-01
-4.048340736157593156e+00
1.321140244913424233e+01
1.039584886563651167e-01
-7.029582655838655825e+00
2.477168274741241305e+01
3.093244691474259997e-02
-2.691680138300584613e+00
9.611496261813780251e+00
1.309693229595788377e+00
-5.537723082264895021e-03
-6.783346713646208614e-02
-6.690827883891218297e-01
3.402529337914383500e+00
-5.296300077263543099e-02
-9.921510678264248151e-01
4.821962864768314816e+00
-6.134180188344828810e-03
-3.843289484535655776e-01
1.755997131724877258e+00
2.096551999295542828e+03
1.463749316826155336e+03
1.312549328609852182e+03
1.830733001708211668e+04
-4.353414407461069641e+04
-8.332889543511114425e+02
3.204731997183186832e+04
-1.086094503752085875e+05
4.522513639811220401e+02
8.353439546391713520e+03
-4.453132500373219955e+04
-1.011618524298316152e+04
-4.462880393899251794e+04
-6.540876568079463141e+03
-2.667488396127471933e+05
6.857563069567513885e+05
3.406107250058411864e+03
-4.379868737148399232e+05
1.631436272212179843e+06
-7.471649034004298301e+03
-1.146751775136495708e+05
6.746439174608400790e+05
2.292912576794335473e+04
2.310171051328511676e+05
1.496188803808076773e+04
1.195390971067181556e+06
-3.111437420740888454e+06
-3.037973081649002324e+03
1.869239773430046625e+06
-7.305243136554669589e+06
4.259199154457535769e+04
4.666876068988055922e+05
-3.063635809984769206e+06
-1.462227232145615926e+04
-3.777296599445309257e+05
-9.608606108313420918e+03
-1.710362853887407575e+06
4.326717518507679924e+06
-2.236261264272974222e+04
-2.502834363905957900e+06
1.028275569461502135e+07
-8.557765845329395961e+04
-5.705156037978724344e+05
4.396856831255837344e+06
9.789747327985583070e+01
-4.265973087748922410e+01
1.534842103790491308e+02
-1.417062076076895437e+03
2.752861414366502686e+03
1.387406469558648894e+02
-1.433658507513588120e+03
2.857741895243075760e+03
4.102510946737612585e+01
-4.236807379746389870e+02
8.503594335657172678e+02
-3.281804809149513336e+00
-9.053282080066983539e+00
-1.243454308405150321e+01
5.550568051976515704e+01
-1.058937457451958295e+02
-1.193232699711838052e+01
7.681701777797069042e+01
-1.555860792205834571e+02
-3.414236506207946498e+00
2.556560039396236306e+01
-5.438771261425896597e+01
-2.513299573128356508e-05
1.974996376391850787e-05
-1.838646737533835152e-05
2.188473455161431695e-05
8.251463693147116423e-05
7.159692844690337904e-06
-5.575927715268463137e-05
1.913973097931635314e-04
5.446569122081222080e-06
-3.221395851068725529e-05
7.973772220852368305e-05
4.331514709695348131e+01
6.386332679188080874e+02
-3.285768747216059182e+01
2.415893826937031463e+03
-5.766875169379177350e+03
-6.185459307173840671e+01
2.953967762459948062e+03
-8.986290575914970759e+03
-2.157143577976204440e+01
9.812158224673428322e+02
-3.239566489593028564e+03
-7.017225861019708855e-02
-1.626753436921233031e-01
-1.874758869914203985e-01
1.136793041833692230e+00
-2.834328403189819490e+00
-1.712235194609309785e-01
1.723792393661964573e+00
-4.535402121643220319e+00
-4.998710910548861269e-02
6.057500727043207966e-01
-1.683563204001960578e+00
9.598794353193083495e+00
-3.971490140741341293e+02
1.620202387520638965e+01
-1.573791148675965132e+03
3.603589664267763510e+03
2.709281968402743246e+01
-1.787259762303218395e+03
5.147653192657860018e+03
1.117574208332250230e+01
-5.777496115485355404e+02
1.809209092948269472e+03
-2.989484993066899091e-02
1.402367493800073861e+00
-7.356022360144709449e-02
8.336615715949615701e-01
2.239991802735568360e-01
-5.520314186506912468e-02
5.667289118174542173e-01
7.187066977201563844e-01
-1.550743037198127998e-02
1.575028424614972056e-01
2.107673090961434959e-01
9.968419834691195636e-01
-7.884460309569287992e-03
-5.904476479062432254e-02
1.396209537699647063e+00
-4.515645551116854506e+00
-5.585537860055082154e-02
1.751118887860864337e+00
-5.991967392115695290e+00
-1.794512863934609112e-02
5.965731411080699154e-01
-2.060677888449745421e+00
1.000000000000000000e+01
1.642293771716504702e+00
3.931939889943807430e+03
-1.739560961915931694e+04
3.132347148386364552e+03
3.439199172714130254e+05
-1.216349064170641126e+06
-7.067943890520521381e+04
1.384584267535951454e+06
-3.965950866781806573e+06
-6.003771485044715519e+04
8.032254105312880129e+05
-2.091670016682267189e+06
-4.010435277199539269e+04
1.122550730648605095e+05
2.356141420917093637e+04
-3.477266847728699911e+06
1.137300622898370959e+07
7.545425424317397410e+05
-1.308127535258031078e+07
3.644456532305635512e+07
5.960606831317101605e+05
-7.425849400864711031e+06
1.893728856625462323e+07
8.320968080772038957e+04
-1.912358040658025420e+05
-2.109203526227560942e+05
8.716150752746067941e+06
-2.692070796259324998e+07
-1.988984888981072232e+06
3.088175975018392876e+07
-8.391115255532684922e+07
-1.453346578768737614e+06
1.707449578290334716e+07
-4.273121825367030501e+07
8.159318298318360974e-01
2.577228380534568597e+00
1.159269937930398786e+00
-2.364714239057025935e+00
6.766877624559268334e+00
7.577300678518719135e-01
-2.723346292757894638e+00
7.118308976154498424e+00
1.766643748776625944e-01
-7.980447557701202399e-01
2.115895912014895242e+00
6.923042794289149121e-03
3.018503117868992502e-02
6.311856132270407538e-03
-1.204126661879726806e-01
2.630858697303175564e-01
3.413959851730913927e-03
-1.080718381090378377e-01
2.705776859523744693e-01
7.374817395327670647e-04
-2.747652070225210102e-02
7.334723642722934533e-02
1.009921435809589818e+00
8.993121210856182962e-04
2.839846664347657756e-01
-4.048059883647479040e+00
1.321210478000972977e+01
1.039576022680672590e-01
-7.030500397240086130e+00
2.476904062481490953e+01
3.093253612407180497e-02
-2.691530333852482748e+00
9.611929238925462471e+00
1.310043167042001633e+00
-5.537721566284127019e-03
-6.783444096664112410e-02
-6.691054290781498493e-01
3.402387778080305569e+00
-5.296237506933857558e-02
-9.920993373510793578e-01
4.822254507156958248e+00
-6.134189223363210701e-03
-3.843371466577079620e-01
1.755956810947108870e+00
2.096551999295542828e+03
1.463749316826155336e+03
1.312549328609852182e+03
1.830733001708211668e+04
-4.353414407461069641e+04
-8.332889543511114425e+02
3.204731997183186832e+04
-1.086094503752085875e+05
4.522513639811220401e+02
8.353439546391713520e+03
-4.453132500373219955e+04
-1.011679951804758093e+04
-4.462825585022929590e+04
-6.540727508829309045e+03
-2.666861017092585680e+05
6.856023617066104198e+05
3.406216603894346918e+03
-4.381547101702808868e+05
1.631272809976502787e+06
-7.473916975792187259e+03
-1.146940353035026928e+05
6.747360320467717247e+05
2.292792470703958679e+04
2.310339697846660274e+05
1.496211010866428478e+04
1.195736723220075248e+06
-3.113476290081651416e+06
-3.037922901744863793e+03
1.868442519970171619e+06
-7.304003098776349798e+06
4.255372123734701745e+04
4.664842841115978081e+05
-3.063235226857365109e+06
-1.462240180615331155e+04
-3.777038130043002893e+05
-9.608596067996089914e+03
-1.710298929768789560e+06
4.324909988199788146e+06
-2.236146342969649049e+04
-2.502904924324322492e+06
1.028566873559295200e+07
-8.563653036250227888e+04
-5.706534736483861925e+05
4.396768274093323387e+06
9.789747327985583070e+01
-4.265973087748922410e+01
1.534842103790491308e+02
-1.417062076076895437e+03
2.752861414366502686e+03
1.387406469558648894e+02
-1.433658507513588120e+03
2.857741895243075760e+03
4.102510946737612585e+01
-4.236807379746389870e+02
8.503594335657172678e+02
-3.281341912351425805e+00
-9.053170738306301146e+00
-1.243967631640680160e+01
5.550330987922691861e+01
-1.058686557326609119e+02
-1.193070562775340626e+01
7.681213827197952071e+01
-1.556402487800416168e+02
-3.413824952604675111e+00
2.556903837253172185e+01
-5.438033431705374454e+01
-2.512758354286980246e-05
1.975003300793949315e-05
-1.838846289199977624e-05
2.188457689224692038e-05
8.251768071761305160e-05
7.159601737893875433e-06
-5.575941327680467751e-05
1.913839571294540019e-04
5.447126671685032589e-06
-3.221233531276783630e-05
7.974025755920022360e-05
4.331514709695348131e+01
6.386332679188080874e+02
-3.285768747216059182e+01
2.415893826937031463e+03
-5.766875169379177350e+03
-6.185459307173840671e+01
2.953967762459948062e+03
-8.986290575914970759e+03
-2.157143577976204440e+01
9.812158224673428322e+02
-3.239566489593028564e+03
-7.016542454725291367e-02
-1.626674918448113849e-01
-1.874989672781977867e-01
1.136483658530853758e+00
-2.834663397428689002e+00
-1.712467061373721400e-01
1.724064076227720399e+00
-4.534725646241144936e+00
-4.997845078953355030e-02
6.058307816026939907e-01
-1.683573896176592477e+00
9.598821898756364490e+00
-3.971518972726739776e+02
1.620202311661000394e+01
-1.573668462106076731e+03
3.604073767447290265e+03
2.709241019365459380e+01
-1.787608370152091311e+03
5.146515029047863209e+03
1.117594227832439380e+01
-5.776727885018567576e+02
1.809388970147311284e+03
-2.989490115161238040e-02
1.402364245472054627e+00
-7.356009024846983657e-02
8.336603126291238786e-01
2.239989888703682597e-01
-5.520302804272767677e-02
5.667315680430257130e-01
7.187089717012427048e-01
-1.550746744130534864e-02
1.575023092721166695e-01
2.107670567135910555e-01
9.967056899865368580e-01
-7.884462715481982756e-03
-5.904423851272662394e-02
1.396291052975385361e+00
-4.515409853219722436e+00
-5.585590200955079659e-02
1.750980377081662986e+00
-5.992408761817589635e+00
-1.794506705049584913e-02
5.965906552911517391e-01
-2.060622202086858756e+00
1.000000000000000000e+01
1.533441028086707236e+00
3.931939550951202364e+03
-1.739562117510902317e+04
3.132345374693157737e+03
3.439213794147089939e+05
-1.216334279437820893e+06
-7.067691166301179328e+04
1.384640442306570243e+06
-3.966032823710935190e+06
-6.004142486447734700e+04
8.031619317041196628e+05
-2.091683125990455272e+06
-4.010430875329632545e+04
1.122551586877106747e+05
2.356140029340947513e+04
-3.477301771761893295e+06
1.137287155912603810e+07
7.545632734715176048e+05
-1.308130225417241640e+07
3.644401306992771477e+07
5.960342316185125383e+05
-7.425814685750481673e+06
1.893793615398905799e+07
8.320979756399543840e+04
-1.912355856061197119e+05
-2.109205651312718401e+05
8.715941828553579748e+06
-2.692158531663026661e+07
-1.989014809702789178e+06
3.088086734922659025e+07
-8.390923486472965777e+07
-1.453307869477214525e+06
1.707592229172138497e+07
-4.272971715605987608e+07
8.160836434054463684e-01
2.577644406381183639e+00
1.159017252637700057e+00
-2.365018740414883247e+00
6.766188178040573042e+00
7.578074074799484583e-01
-2.723017201681656285e+00
7.118966162209655835e+00
1.766623038687662184e-01
-7.980646096564683045e-01
2.115849260449802038e+00
6.922360424140946121e-03
3.018193602248273044e-02
6.312452231491197385e-03
-1.203613708049189601e-01
2.631437968762357360e-01
3.413771584251549824e-03
-1.081150277141336158e-01
2.705135670526129799e-01
7.374914496691757594e-04
-2.747348573918909423e-02
7.335220863491767607e-02
1.009867537076345023e+00
8.993121111208137071e-04
2.839893284834201781e-01
-4.047842621557703247e+00
1.321264378447411580e+01
1.039569006126660200e-01
-7.031218913301896301e+00
2.476699129724514847e+01
3.093260775075023714e-02
-2.691411500529365952e+00
9.612269083341438147e+00
1.310335651106480759e+00
-5.537720296174758645e-03
-6.783525119889731447e-02
-6.691243175052072889e-01
3.402269386468032675e+00
-5.296185708423437749e-02
-9.920563857301701871e-01
4.822497335431063625e+00
-6.134196663618235630e-03
-3.843439182108162600e-01
1.755923405975240437e+00
2.096551999295542828e+03
1.463749316826155336e+03
1.312549328609852182e+03
1.830733001708211668e+04
-4.353414407461069641e+04
-8.332889543511114425e+02
3.204731997183186832e+04
-1.086094503752085875e+05
4.522513639811220401e+02
8.353439546391713520e+03
-4.453132500373219955e+04
-1.011735537143777947e+04
-4.462775846052857378e+04
-6.540592508668121809e+03
-2.666293488091753097e+05
6.854625026105728466e+05
3.406314382235649191e+03
-4.383089888598182006e+05
1.631119126175053883e+06
-7.475947976372390258e+03
-1.147104606550224707e+05
6.748233488493188052e+05
2.292684658857262548e+04
2.310493858154943446e+05
1.496230507041157398e+04
1.196043641203896841e+06
-3.115333264482147526e+06
-3.037877519906483485e+03
1.867722637065566611e+06
-7.302885237202006392e+06
4.251929168457183550e+04
4.663031432559718378e+05
-3.062847095575798769e+06
-1.462251643320294352e+04
-3.776801434347010800e+05
-9.608588801711988708e+03
-1.710249730456482852e+06
4.323261341633608565e+06
-2.236041578829567879e+04
-2.502953289636727888e+06
1.028833790066835657e+07
-8.568970498829967983e+04
-5.707779086747175315e+05
4.396697164479110390e+06
9.789747327985583070e+01
-4.265973087748922410e+01
1.534842103790491308e+02
-1.417062076076895437e+03
2.752861414366502686e+03
1.387406469558648894e+02
-1.433658507513588120e+03
2.857741895243075760e+03
4.102510946737612585e+01
-4.236807379746389870e+02
8.503594335657172678e+02
-3.280898557941680060e+00
-9.053021879449534737e+00
-1.244440958176890533e+01
5.550013002849475185e+01
-1.058468751187320009e+02
-1.192951448936222469e+01
7.680756851838660282e+01
-1.556884907764635386e+02
-3.413386018894995821e+00
2.557252704584326253e+01
-5.437352823769703747e+01
-2.512267179674191087e-05
1.975011080129101989e-05
-1.839013082489337361e-05
2.188444178466073315e-05
8.252042137096332510e-05
7.159463896667677240e-06
-5.575986299522032861e-05
1.913715851708230875e-04
5.447694332034470572e-06
-3.221060700765168098e-05
7.974271496572821931e-05
4.331514709695348131e+01
6.386332679188080874e+02
-3.285768747216059182e+01
2.415893826937031463e+03
-5.766875169379177350e+03
-6.185459307173840671e+01
2.953967762459948062e+03
-8.986290575914970759e+03
-2.157143577976204440e+01
9.812158224673428322e+02
-3.239566489593028564e+03
-7.015899285534346608e-02
-1.626597978873954020e-01
-1.875190538934397022e-01
1.136187476756268966e+00
-2.835008193537462251e+00
-1.712717094461747303e-01
1.724300643277266287e+00
-4.534046407979078097e+00
-4.996982976825982414e-02
6.059142032182527338e-01
-1.683583506151107967e+00
9.598851247435028711e+00
-3.971522398897735684e+02
1.620201937508726076e+01
-1.573579943607934865e+03
3.604476718740412252e+03
2.709200820388428710e+01
-1.787919842296356592e+03
5.145528461607153076e+03
1.117613916555246512e+01
-5.775996727628148619e+02
1.809551810598515431e+03
-2.989495867436150339e-02
1.402354822113590416e+00
-7.355992397239363711e-02
8.336610573548660641e-01
2.239988508928539013e-01
-5.520293217411332415e-02
5.667333760996796643e-01
7.187107258818533628e-01
-1.550750266714583624e-02
1.575018400340117142e-01
2.107668466549054986e-01
9.965759953440339602e-01
-7.884464993314969222e-03
-5.904373576485749675e-02
1.396368417230167358e+00
-4.515187010053106853e+00
-5.585640431639959241e-02
1.750848503219558872e+00
-5.992826856405354619e+00
-1.794500765420015825e-02
5.966073951944721454e-01
-2.060569317064215866e+00
1.000000000000000000e+01
1.446904247135528010e+00
3.931937785717717816e+03
-1.739563856874876365e+04
3.132344381516027170e+03
3.439244334833851317e+05
-1.216315527912225807e+06
-7.067476605502159509e+04
1.384680330774838105e+06
-3.966128415775879752e+06
-6.004481375903636217e+04
8.031018664303808473e+05
-2.091699976101896958e+06
-4.010429476873094245e+04
1.122551957235699956e+05
2.356139425361869871e+04
-3.477311245664027520e+06
1.137278764763320796e+07
7.545773067640056834e+05
-1.308141662157667801e+07
3.644364786783496290e+07
5.960123862949933391e+05
-7.425820576923492365e+06
1.893834398522443697e+07
8.320988797476301261e+04
-1.912353955131901021e+05
-2.109206706658127659e+05
8.715753886968545616e+06
-2.692243148130736127e+07
-1.989050494700169656e+06
3.088016468806457892e+07
-8.390656278812384605e+07
-1.453266356848214986e+06
1.707717273931745440e+07
-4.272869131801092625e+07
8.162110466421738098e-01
2.578002179254055726e+00
1.158817103856540909e+00
-2.365271816582602327e+00
6.765599595512275855e+00
7.578606256952227227e-01
-2.722760986938562500e+00
7.119506122221741506e+00
1.766616806619408231e-01
-7.980776940229151739e-01
2.115813703500918574e+00
6.921786694592125221e-03
3.017932885684539504e-02
6.312951455856486913e-03
-1.203183337133891528e-01
2.631924921960827057e-01
3.413614528552361312e-03
-1.081511135840994842e-01
2.704598923907094443e-01
7.374995209936684214e-04
-2.747096041814012929e-02
7.335635266324305737e-02
1.009826441928276974e+00
8.993121036064757054e-04
2.839929391364836020e-01
-4.047676504461407809e+00
1.321305149960184977e+01
1.039563479169489379e-01
-7.031776807657592165e+00
2.476541968194080923e+01
3.093266517069914734e-02
-2.691317696914725666e+00
9.612533680277266512e+00
1.310581094656792622e+00
-5.537719227361574854e-03
-6.783592733673135533e-02
-6.691401300489654425e-01
3.402169984450721607e+00
-5.296142747455194477e-02
-9.920206391352385245e-01
4.822700099189780154e+00
-6.134202794568291428e-03
-3.843495176414582493e-01
1.755895684609651841e+00
2.096551999295542828e+03
1.463749316826155336e+03
1.312549328609852182e+03
1.830733001708211668e+04
-4.353414407461069641e+04
-8.332889543511114425e+02
3.204731997183186832e+04
-1.086094503752085875e+05
4.522513639811220401e+02
8.353439546391713520e+03
-4.453132500373219955e+04
-1.011786086530989633e+04
-4.462732201328677183e+04
-6.540470658288729283e+03
-2.665779787899417570e+05
6.853356714377159951e+05
3.406402367291509563e+03
-4.384492160267550498e+05
1.630978151366369799e+06
-7.477771703022634028e+03
-1.147249853914700216e+05
6.749044019778090296e+05
2.292586759122286094e+04
2.310631893365450378e+05
1.496247789832481976e+04
1.196319648424984422e+06
-3.117018120800471865e+06
-3.037836417605625684e+03
1.867075271314045414e+06
-7.301876418542969972e+06
4.248827997476159362e+04
4.661408072838503285e+05
-3.062480729275214020e+06
-1.462262026993972904e+04
-3.776588400729182176e+05
-9.608583169797830124e+03
-1.710207807592506288e+06
4.321765117281133309e+06
-2.235946273538955938e+04
-2.502988491286335979e+06
1.029076187841175310e+07
-8.573772805439114745e+04
-5.708902547676757677e+05
4.396640446576204151e+06
9.789747327985583070e+01
-4.265973087748922410e+01
1.534842103790491308e+02
-1.417062076076895437e+03
2.752861414366502686e+03
1.387406469558648894e+02
-1.433658507513588120e+03
2.857741895243075760e+03
4.102510946737612585e+01
-4.236807379746389870e+02
8.503594335657172678e+02
-3.280481782428137372e+00
-9.052865932778010105e+00
-1.244877429042371197e+01
5.549676608340341488e+01
-1.058272515001530252e+02
-1.192857113583843365e+01
7.680337030378363750e+01
-1.557322678632980342e+02
-3.412950033421385143e+00
2.557588439813710934e+01
-5.436727215379664813e+01
-2.511813861082526017e-05
1.975019446921318927e-05
-1.839161089942586112e-05
2.188431123608816718e-05
8.252288827746692896e-05
7.159314399326988214e-06
-5.576033704305657864e-05
1.913604409766860319e-04
5.448242165617398239e-06
-3.220894049019690485e-05
7.974496373903833539e-05
4.331514709695348131e+01
6.386332679188080874e+02
-3.285768747216059182e+01
2.415893826937031463e+03
-5.766875169379177350e+03
-6.185459307173840671e+01
2.953967762459948062e+03
-8.986290575914970759e+03
-2.157143577976204440e+01
9.812158224673428322e+02
-3.239566489593028564e+03
-7.015297674418338736e-02
-1.626524444438655348e-01
-1.875370906174199936e-01
1.135906029965786601e+00
-2.835348048306185476e+00
-1.712966276476261263e-01
1.724520224043274874e+00
-4.533373197390800691e+00
-4.996152854867160625e-02
6.059946462667842315e-01
-1.683595938263969360e+00
9.598879118532865462e+00
-3.971519950135415797e+02
1.620201770639629402e+01
-1.573502675220058336e+03
3.604839615965478970e+03
2.709161492716695108e+01
-1.788210822579570504e+03
5.144629851779624005e+03
1.117632919636551847e+01
-5.775302438094834088e+02
1.809702215557976615e+03
-2.989501731204266544e-02
1.402342906682765067e+00
-7.355974540567093711e-02
8.336627699514234102e-01
2.239987424276433936e-01
-5.520285039797210441e-02
5.667346576103140521e-01
7.187121579673900751e-01
-1.550753556996237875e-02
1.575014254262780411e-01
2.107666672421178999e-01
9.964499778450454093e-01
-7.884467193954148787e-03
-5.904324758608415352e-02
1.396443084755333075e+00
-4.514972788853984120e+00
-5.585689210110678093e-02
1.750721255728935111e+00
-5.993228477667632781e+00
-1.794494995709027332e-02
5.966235532103995043e-01
-2.060518524359348014e+00
1.000000000000000000e+01
1.377396522693640657e+00
3.931935075577425778e+03
-1.739565980321394454e+04
3.132343921838391452e+03
3.439285787442976725e+05
-1.216294074280931847e+06
-7.067289115146025142e+04
1.384707977095633280e+06
-3.966235495413088240e+06
-6.004796906132849836e+04
8.030448877582921414e+05
-2.091718089257355547e+06
-4.010429987449561304e+04
1.122552019811713544e+05
2.356139325287577958e+04
-3.477304565505522303e+06
1.137273575569451414e+07
7.545869978921208531e+05
-1.308158772904598899e+07
3.644340365595135838e+07
5.959935746486375574e+05
-7.425851107854319736e+06
1.893859904275339097e+07
8.320996241222685785e+04
-1.912352226524393482e+05
-2.109207150645172514e+05
8.715576886242387816e+06
-2.692326228720723465e+07
-1.989089020143073052e+06
3.087962483035389706e+07
-8.390334756725604832e+07
-1.453223640659276396e+06
1.707829372714237869e+07
-4.272799090067875385e+07
8.163182961023331963e-01
2.578311754533927580e+00
1.158660189923360617e+00
-2.365482459765110512e+00
6.765094413676215446e+00
7.578940684151045382e-01
-2.722564713349913568e+00
7.119949414205340332e+00
1.766622392722510537e-01
-7.980852309898156527e-01
2.115787266708381242e+00
6.921302437616602514e-03
3.017712352706549903e-02
6.313370808435454437e-03
-1.202821055673382739e-01
2.632335772808552798e-01
3.413483231166626348e-03
-1.081813354232896845e-01
2.704148390679112501e-01
7.375062388758019203e-04
-2.746885623780133748e-02
7.335981218381003310e-02
1.009795684707649022e+00
8.993120980695528972e-04
2.839956990343037169e-01
-4.047551749020016132e+00
1.321335310829462450e+01
1.039559160191362991e-01
-7.032204507407124439e+00
2.476423503972104001e+01
3.093271104524203050e-02
-2.691244228878810762e+00
9.612737174505568305e+00
1.310787930247154121e+00
-5.537718323740659782e-03
-6.783649331103130953e-02
-6.691534156452932924e-01
3.402086180574336982e+00
-5.296107053158116001e-02
-9.919908179401386583e-01
4.822869915546173836e+00
-6.134207848198657172e-03
-3.843541522052102977e-01
1.755872642482881663e+00
2.096551999295542828e+03
1.463749316826155336e+03
1.312549328609852182e+03
1.830733001708211668e+04
-4.353414407461069641e+04
-8.332889543511114425e+02
3.204731997183186832e+04
-1.086094503752085875e+05
4.522513639811220401e+02
8.353439546391713520e+03
-4.453132500373219955e+04
-1.011832165855189851e+04
-4.462694605613853491e+04
-6.540360850169163314e+03
-2.665314703006783384e+05
6.852207414569688262e+05
3.406481723310383131e+03
-4.385760707306239055e+05
1.630850104694169248e+06
-7.479410288863223286e+03
-1.147378999667594180e+05
6.749790615850451868e+05
2.292497397970038583e+04
2.310754259144747630e+05
1.496263161617859259e+04
1.196569212699350901e+06
-3.118544377647893503e+06
-3.037799172341097801e+03
1.866494427487216424e+06
-7.300965740891976282e+06
4.246034331787442352e+04
4.659950329024478560e+05
-3.062138065047391690e+06
-1.462271529247027684e+04
-3.776398197623891174e+05
-9.608578689105830563e+03
-1.710170268109175842e+06
4.320410055347752757e+06
-2.235859641543693579e+04
-2.503014358109203167e+06
1.029295489407022670e+07
-8.578108556706520903e+04
-5.709916781858586473e+05
4.396596156396828592e+06
9.789747327985583070e+01
-4.265973087748922410e+01
1.534842103790491308e+02
-1.417062076076895437e+03
2.752861414366502686e+03
1.387406469558648894e+02
-1.433658507513588120e+03
2.857741895243075760e+03
4.102510946737612585e+01
-4.236807379746389870e+02
8.503594335657172678e+02
-3.280092520804764433e+00
-9.052713737789838788e+00
-1.245280177220981876e+01
5.549344047148422732e+01
-1.058092713168290686e+02
-1.192779992083324458e+01
7.679954801918383112e+01
-1.557723227239663686e+02
-3.412527010147035078e+00
2.557905581956683250e+01
-5.436152856712379133e+01
-2.511392509468295418e-05
1.975028214852521513e-05
-1.839295930959105324e-05
2.188417948795557118e-05
8.252510916579208810e-05
7.159165493801879393e-06
-5.576073940798280718e-05
1.913505293353509856e-04
5.448761399743564995e-06
-3.220738752968641276e-05
7.974697285443709677e-05
4.331514709695348131e+01
6.386332679188080874e+02
-3.285768747216059182e+01
2.415893826937031463e+03
-5.766875169379177350e+03
-6.185459307173840671e+01
2.953967762459948062e+03
-8.986290575914970759e+03
-2.157143577976204440e+01
9.812158224673428322e+02
-3.239566489593028564e+03
-7.014735634738396286e-02
-1.626454703704377225e-01
-1.875534975196060938e-01
1.135638950631399080e+00
-2.835678524413395518e+00
-1.713208619080156536e-01
1.724729587081129889e+00
-4.532708469316114375e+00
-4.995361776275400456e-02
6.060704782561644466e-01
-1.683612270159905222e+00
9.598904537405257287e+00
-3.971518274458078963e+02
1.620201963052704031e+01
-1.573428612057955206e+03
3.605178033800054436e+03
2.709123016417836283e+01
-1.788487888696052096e+03
5.143793588716264821e+03
1.117651166093817849e+01
-5.774642713580644795e+02
1.809842396479554736e+03
-2.989507533270485684e-02
1.402329827089587866e+00
-7.355956190729588673e-02
8.336650617376450967e-01
2.239986540876954257e-01
-5.520278061448598284e-02
5.667355466513808171e-01
7.187133500871148994e-01
-1.550756613926561681e-02
1.575010591941760074e-01
2.107665129356747491e-01
9.963266660569699562e-01
-7.884469335503817289e-03
-5.904277090586038806e-02
1.396515591465084860e+00
-4.514765551356343387e+00
-5.585736771488625935e-02
1.750597862838346952e+00
-5.993616365877345586e+00
-1.794489376676294476e-02
5.966392078166180557e-01
-2.060469523639912648e+00
1.000000000000000000e+01
1.321121782285913593e+00
3.931931737729444649e+03
-1.739568356385371590e+04
3.132343831812303051e+03
3.439334817409333191e+05
-1.216270760134000098e+06
-7.067121291246781766e+04
1.384726162791182986e+06
-3.966352416218961123e+06
-6.005094921681621781e+04
8.029907241119032260e+05
-2.091735936355639948e+06
-4.010431694880843861e+04
1.122551890110923414e+05
2.356139544072195713e+04
-3.477287766299903393e+06
1.137270382212566026e+07
7.545938869015425444e+05
-1.308179554547608271e+07
3.644323651669996977e+07
5.959767690629245481e+05
-7.425895934186929837e+06
1.893875810990472510e+07
8.321002755144541152e+04
-1.912350599037302309e+05
-2.109207277125289838e+05
8.715404539267834276e+06
-2.692408732404957339e+07
-1.989128523481761105e+06
3.087922714314810559e+07
-8.389973360894818604e+07
-1.453180736909745960e+06
1.707931660561299324e+07
-4.272751649456295371e+07
8.164089263005639419e-01
2.578581486177493165e+00
1.158538795729441961e+00
-2.365658132536374136e+00
6.764658132464015594e+00
7.579113361689232553e-01
-2.722417658150362740e+00
7.120313089242565674e+00
1.766637595818433548e-01
-7.980882325012542688e-01
2.115768314265090044e+00
6.920891976536466469e-03
3.017524954735457260e-02
6.313724213536466012e-03
-1.202514985007389348e-01
2.632683814714490977e-01
3.413373222218926348e-03
-1.082067108203453587e-01
2.703769097617588768e-01
7.375118372757257955e-04
-2.746710047447133846e-02
7.336270541227808695e-02
1.009773304838772701e+00
8.993120941338984689e-04
2.839977680628957835e-01
-4.047460556332422854e+00
1.321356868269500140e+01
1.039555824348944724e-01
-7.032526327510086439e+00
2.476336484518292735e+01
3.093274750221236546e-02
-2.691187336846774247e+00
9.612890902847986752e+00
1.310963024194675475e+00
-5.537717555911449846e-03
-6.783696863507272801e-02
-6.691646220770524067e-01
3.402015208356832243e+00
-5.296077343222390515e-02
-9.919658766720538257e-01
4.823012601002663047e+00
-6.134212014006604034e-03
-3.843579914535976139e-01
1.755853457325129652e+00
2.096551999295542828e+03
1.463749316826155336e+03
1.312549328609852182e+03
1.830733001708211668e+04
-4.353414407461069641e+04
-8.332889543511114425e+02
3.204731997183186832e+04
-1.086094503752085875e+05
4.522513639811220401e+02
8.353439546391713520e+03
-4.453132500373219955e+04
-1.011874228641061927e+04
-4.462662669281510171e+04
-6.540261979675763541e+03
-2.664893595826136880e+05
6.851166322182579897e+05
3.406553343270648838e+03
-4.386905735161428456e+05
1.630734305160862161e+06
-7.480882078500975695e+03
-1.147493986059838062e+05
6.750476420578613179e+05
2.292415613288822351e+04
2.310862064504217706e+05
1.496276842661037881e+04
1.196795406500775600e+06
-3.119925952983455732e+06
-3.037765418180645156e+03
1.865974104248423362e+06
-7.300143698595961556e+06
4.243518566055025440e+04
4.658640814085650491e+05
-3.061818515079074539e+06
-1.462280267626148998e+04
-3.776229158877747250e+05
-9.608575120173407413e+03
-1.710135878739124164e+06
4.319184013692022301e+06
-2.235780915679388636e+04
-2.503032785610379651e+06
1.029493538398563489e+07
-8.582021486052400724e+04
-5.710832167270667851e+05
4.396562803281439468e+06
9.789747327985583070e+01
-4.265973087748922410e+01
1.534842103790491308e+02
-1.417062076076895437e+03
2.752861414366502686e+03
1.387406469558648894e+02
-1.433658507513588120e+03
2.857741895243075760e+03
4.102510946737612585e+01
-4.236807379746389870e+02
8.503594335657172678e+02
-3.279729650503177218e+00
-9.052569071311694415e+00
-1.245652151246305905e+01
5.549023065380612962e+01
-1.057926605164876008e+02
-1.192716459086825154e+01
7.679608656283222956e+01
-1.558091191391136761e+02
-3.412119730821510988e+00
2.558203168993175325e+01
-5.435625704539729952e+01
-2.510999621079465301e-05
1.975037238831396720e-05
-1.839420170873985009e-05
2.188404509289563370e-05
8.252710946422456804e-05
7.159021253321789826e-06
-5.576104282306911647e-05
1.913417758569756265e-04
5.449250688462710722e-06
-3.220595922512988260e-05
7.974874569662128247e-05
4.331514709695348131e+01
6.386332679188080874e+02
-3.285768747216059182e+01
2.415893826937031463e+03
-5.766875169379177350e+03
-6.185459307173840671e+01
2.953967762459948062e+03
-8.986290575914970759e+03
-2.157143577976204440e+01
9.812158224673428322e+02
-3.239566489593028564e+03
-7.014210215332980503e-02
-1.626388654354292140e-01
-1.875685001945562314e-01
1.135385274041596393e+00
-2.835998796781329379e+00
-1.713442713671890494e-01
1.724931410604639392e+00
-4.532052483794100972e+00
-4.994609516379087955e-02
6.061414811630981836e-01
-1.683632595240215135e+00
9.598927338285180966e+00
-3.971519431958661244e+02
1.620202542448639704e+01
-1.573355026384793291e+03
3.605498319614308912e+03
2.709085328018258210e+01
-1.788753952230133791e+03
5.143007944333578052e+03
1.117668681094810879e+01
-5.774014710681401539e+02
1.809973657541292823e+03
-2.989513223275690884e-02
1.402316065675500267e+00
-7.355937607016597990e-02
8.336677777862031569e-01
2.239985817702528637e-01
-5.520272143112376489e-02
5.667361082465501854e-01
7.187143418956097873e-01
-1.550759451644746420e-02
1.575007364633910500e-01
2.107663805217536712e-01
9.962057740079047763e-01
-7.884471424428159819e-03
-5.904230472787043438e-02
1.396586145955230229e+00
-4.514564592481804084e+00
-5.585783201599719278e-02
1.750477996223549937e+00
-5.993991792345556568e+00
-1.794483899783979805e-02
5.966543964161727942e-01
-2.060422163495497117e+00
1.000000000000000000e+01
1.275234308268122119e+00
3.931927983844450409e+03
-1.739570897286354011e+04
3.132344000708778822e+03
3.439389144209103542e+05
-1.216246163218567614e+06
-7.066968068399598997e+04
1.384736916258051526e+06
-3.966477707119352184e+06
-6.005379428297020786e+04
8.029391118581874762e+05
-2.091752657008487266e+06
-4.010434137428525719e+04
1.122551642737858201e+05
2.356139961329172729e+04
-3.477264756404827815e+06
1.137268410949002206e+07
7.545989793548707385e+05
-1.308202688486085646e+07
3.644311763890247792e+07
5.959612985835421132e+05
-7.425948463738953695e+06
1.893885799020929635e+07
8.321008758920863329e+04
-1.912349028379273077e+05
-2.109207268210869224e+05
8.715233154002359137e+06
-2.692491183141637966e+07
-1.989167876308044419e+06
3.087895329037888348e+07
-8.389582418893742561e+07
-1.453138256017053965e+06
1.708026334349899366e+07
-4.272720100131887943e+07
8.164858504299228326e-01
2.578818263087978124e+00
1.158446569150136662e+00
-2.365804982512418331e+00
6.764278800845244355e+00
7.579153901476709532e-01
-2.722310997399308263e+00
7.120611186599581366e+00
1.766660607569652264e-01
-7.980875303957057909e-01
2.115755500738021766e+00
6.920542447617058883e-03
3.017364906609013020e-02
6.314023109857971015e-03
-1.202255361057090050e-01
2.632979976258731925e-01
3.413280826897622296e-03
-1.082280772963226112e-01
2.703448714848439849e-01
7.375165085944266827e-04
-2.746563321650339826e-02
7.336512983635207208e-02
1.009757729012676908e+00
8.993120914976683675e-04
2.839992747713238064e-01
-4.047396654559223705e+00
1.321371436217776463e+01
1.039553290560089743e-01
-7.032761863797760249e+00
2.476275064309218976e+01
3.093277625755246757e-02
-2.691143984966868352e+00
9.613004024542796344e+00
1.311111987550485747e+00
-5.537716899847204381e-03
-6.783736927361370961e-02
-6.691741158042626703e-01
3.401954803817847317e+00
-5.296052567531760180e-02
-9.919449586005160135e-01
4.823132922975458037e+00
-6.134215447269349315e-03
-3.843611744817466702e-01
1.755837454188674540e+00
2.096551999295542828e+03
1.463749316826155336e+03
1.312549328609852182e+03
1.830733001708211668e+04
-4.353414407461069641e+04
-8.332889543511114425e+02
3.204731997183186832e+04
-1.086094503752085875e+05
4.522513639811220401e+02
8.353439546391713520e+03
-4.453132500373219955e+04
-1.011912664264723571e+04
-4.462635913981330668e+04
-6.540173010837824222e+03
-2.664512296326505020e+05
6.850223437101546442e+05
3.406617978160410985e+03
-4.387937953008658369e+05
1.630629815357629210e+06
-7.482203076220659568e+03
-1.147596323175247235e+05
6.751105853767050430e+05
2.292340635750925503e+04
2.310956564852940792e+05
1.496289012713681223e+04
1.197000659838688560e+06
-3.121176056363668293e+06
-3.037734829473732134e+03
1.865508663614710793e+06
-7.299401827259028330e+06
4.241254399161905894e+04
4.657464837410572800e+05
-3.061520693499735557e+06
-1.462288326363021770e+04
-3.776079446158107021e+05
-9.608572318370923313e+03
-1.710104024938918650e+06
4.318075292478667572e+06
-2.235709380372903252e+04
-2.503044916990045924e+06
1.029672205459045060e+07
-8.585551114242202311e+04
-5.711658039836575044e+05
4.396539143454633653e+06
9.789747327985583070e+01
-4.265973087748922410e+01
1.534842103790491308e+02
-1.417062076076895437e+03
2.752861414366502686e+03
1.387406469558648894e+02
-1.433658507513588120e+03
2.857741895243075760e+03
4.102510946737612585e+01
-4.236807379746389870e+02
8.503594335657172678e+02
-3.279391431431710746e+00
-9.052433149368871668e+00
-1.245996068952440972e+01
5.548716169512464091e+01
-1.057772402116578689e+02
-1.192664397768005813e+01
7.679296493831891723e+01
-1.558430021842330859e+02
-3.411728437235201916e+00
2.558481783829505929e+01
-5.435141843743071632e+01
-2.510632661367550407e-05
1.975046399369978408e-05
-1.839535228742551835e-05
2.188390807769046250e-05
8.252891223188166074e-05
7.158882836912557903e-06
-5.576124411164468640e-05
1.913340848265262367e-04
5.449711195702425524e-06
-3.220465268295925236e-05
7.975029674742960793e-05
4.331514709695348131e+01
6.386332679188080874e+02
-3.285768747216059182e+01
2.415893826937031463e+03
-5.766875169379177350e+03
-6.185459307173840671e+01
2.953967762459948062e+03
-8.986290575914970759e+03
-2.157143577976204440e+01
9.812158224673428322e+02
-3.239566489593028564e+03
-7.013718322454601251e-02
-1.626326040753948432e-01
-1.875822483165061894e-01
1.135143899154063662e+00
-2.836309257931714622e+00
-1.713668711032105274e-01
1.725126889381175088e+00
-4.531404787061233286e+00
-4.993893517216757560e-02
6.062079071466290880e-01
-1.683656680439002962e+00
9.598947628652108932e+00
-3.971523868389115819e+02
1.620203494312913151e+01
-1.573281079955000905e+03
3.605803447667290584e+03
2.709048354644039236e+01
-1.789010561205619751e+03
5.142266386761964895e+03
1.117685519194808208e+01
-5.773415582518140354e+02
1.810096932363745509e+03
-2.989518793876997510e-02
1.402301801043949414e+00
-7.355918877612760420e-02
8.336708483993716667e-01
2.239985233331516501e-01
-5.520267177583061680e-02
5.667363810725891682e-01
7.187151569032862453e-01
-1.550762088268518336e-02
1.575004531066122315e-01
2.107662677321330003e-01
9.960872496091683903e-01
-7.884473463109374983e-03
-5.904184876683649108e-02
1.396654840937525899e+00
-4.514369545352383994e+00
-5.585828534793112893e-02
1.750361486256969634e+00
-5.994355488767143747e+00
-1.794478560244847781e-02
5.966691414580725938e-01
-2.060376348195684937e+00
1.000000000000000000e+01
1.237575009973670204e+00
