3.931897989719669567e+03
-1.739575870681280503e+04
3.132375545898834844e+03
3.439658609236137709e+05
-1.216256581998199690e+06
-7.069800600428853068e+04
1.383907177859704942e+06
-3.966276189097944647e+06
-6.001752423652596190e+04
8.035151181825734675e+05
-2.091710365941657918e+06
-4.010547653771656769e+04
1.122530169706700981e+05
2.356169606583616769e+04
-3.476180699403351173e+06
1.137593670849481970e+07
7.543131127166453516e+05
-1.308476044625267945e+07
3.644458485392813385e+07
5.962266124722879613e+05
-7.427790114356440492e+06
1.892897751404034346e+07
8.320835471266537206e+04
-1.912377264145924128e+05
-2.109162454782992136e+05
8.717975083525680006e+06
-2.691494242066955194e+07
-1.988980652736272197e+06
3.088802996015456319e+07
-8.390870279256162047e+07
-1.453503195344649721e+06
1.706352899082216620e+07
-4.274865973112091422e+07
8.149838730507784623e-01
2.574755351745465770e+00
1.161019803549678597e+00
-2.362777178555153679e+00
6.771038707057573269e+00
7.570782938606833712e-01
-2.725689689043247377e+00
7.114038039714996486e+00
1.766934149293478973e-01
-7.978690983168182926e-01
2.116239150200515340e+00
6.927402739328343377e-03
3.020474290328910988e-02
6.308024337706170936e-03
-1.207413066113113831e-01
2.627159890578132373e-01
3.415177364719879441e-03
-1.077933861118837433e-01
2.709896696689174656e-01
7.374185938559282925e-04
-2.749621038376280982e-02
7.331507891357019746e-02
1.010344404799476958e+00
8.993122007234547691e-04
2.839491168044590008e-01
-4.049752962958004687e+00
1.320782817266536568e+01
1.039627848680542560e-01
-7.025059158961947325e+00
2.478489237013047486e+01
3.093202475605891927e-02
-2.692402389685166320e+00
9.609374464684982797e+00
1.308161560703610560e+00
-5.537729694807678321e-03
-6.782917938621006726e-02
-6.689834970767116751e-01
3.403147966134083102e+00
-5.296577374411866324e-02
-9.923793203111361816e-01
4.820681208409586915e+00
-6.134139870393713091e-03
-3.842925330869636502e-01
1.756175442198598446e+00
2.096551999295542828e+03
1.463749316826155336e+03
1.312549328609852182e+03
1.830733001708211668e+04
-4.353414407461069641e+04
-8.332889543511114425e+02
3.204731997183186832e+04
-1.086094503752085875e+05
4.522513639811220401e+02
8.353439546391713520e+03
-4.453132500373219955e+04
-1.011405647262115599e+04
-4.463101109458185238e+04
-6.541308761668721672e+03
-2.669592341930750408e+05
6.863283229317984078e+05
3.405637218767968534e+03
-4.375077208209015080e+05
1.631817130734469742e+06
-7.462648563007645862e+03
-1.145852517715331924e+05
6.744024689098675735e+05
2.293365827343649653e+04
2.309600081497950596e+05
1.496108397418369532e+04
1.194018134231814183e+06
-3.104223969305276405e+06
-3.038166617199258781e+03
1.872032284909359179e+06
-7.309145012085539289e+06
4.273822871475410648e+04
4.675020186166010099e+05
-3.064853498512499034e+06
-1.462171522218356949e+04
-3.778128579387104255e+05
-9.608682631509725979e+03
-1.710892525721405633e+06
4.332924601416520774e+06
-2.236668326226652789e+04
-2.501971638637746684e+06
1.027449590225954168e+07
-8.536030079034245864e+04
-5.700253441737515386e+05
4.396844346849776804e+06
9.789747327985583070e+01
-4.265973087748922410e+01
1.534842103790491308e+02
-1.417062076076895437e+03
2.752861414366502686e+03
1.387406469558648894e+02
-1.433658507513588120e+03
2.857741895243075760e+03
4.102510946737612585e+01
-4.236807379746389870e+02
8.503594335657172678e+02
-3.282701958759533856e+00
-9.051384468245865733e+00
-1.241544974225804232e+01
5.547164477097869906e+01
-1.060510993896633494e+02
-1.195304455369065799e+01
7.680704618365417957e+01
-1.553317294809839382e+02
-3.412926159239326296e+00
2.557237756995253619e+01
-5.440803670774046452e+01
-2.515642981879956500e-05
1.975025694220132650e-05
-1.837067146929591507e-05
2.188631704131197269e-05
8.250240316860032888e-05
7.157371250566708209e-06
-5.578000011227068460e-05
1.914208288407217846e-04
5.447166261464216858e-06
-3.220610095021981872e-05
7.974016714984341050e-05
4.331514709695348131e+01
6.386332679188080874e+02
-3.285768747216059182e+01
2.415893826937031463e+03
-5.766875169379177350e+03
-6.185459307173840671e+01
2.953967762459948062e+03
-8.986290575914970759e+03
-2.157143577976204440e+01
9.812158224673428322e+02
-3.239566489593028564e+03
-7.020209449091723009e-02
-1.626979845068708408e-01
-1.872514685185499017e-01
1.138313650449944925e+00
-2.833419630443004600e+00
-1.713795568684061688e-01
1.719754933811952657e+00
-4.539717148261272150e+00
-4.998343735754870454e-02
6.062072055948308780e-01
-1.682769616644546051e+00
9.598807238347900395e+00
-3.970543859555743325e+02
1.620212618951781280e+01
-1.574828698671703705e+03
3.600341084383109319e+03
2.709242965907546719e+01
-1.786482357315139097e+03
5.152919378666510966e+03
1.117571013003389524e+01
-5.777999423177481049e+02
1.808730762932043035e+03
-2.989487384493607139e-02
1.402210644858373767e+00
-7.356049468633846233e-02
8.337006542278661003e-01
2.240008282397391026e-01
-5.520287000117722609e-02
5.667186343606578358e-01
7.186931973380502603e-01
-1.550743735432574301e-02
1.575032277927718716e-01
2.107681571517622809e-01
9.974408278363099400e-01
-7.884449714907202852e-03
-5.904690119559103528e-02
1.395871239676408804e+00
-4.516631601676276198e+00
-5.585343136869692221e-02
1.751658003934360330e+00
-5.990208965347804337e+00
-1.794533652216119546e-02
5.965097794825992006e-01
-2.060887936797180409e+00
7.000000000000000000e+00
7.000000000000320632e+00
3.931913439873933839e+03
-1.739566605024774617e+04
3.132374828358927971e+03
3.439559951064986526e+05
-1.216297140159938252e+06
-7.069935921168525238e+04
1.383912004604285583e+06
-3.966152120833227877e+06
-6.001599710765028431e+04
8.035362904961559689e+05
-2.091708040100899991e+06
-4.010503568965006707e+04
1.122540737078806997e+05
2.356168130293870854e+04
-3.476475151458546519e+06
1.137491322523895465e+07
7.542759034918906400e+05
-1.308428989763082564e+07
3.644815414307586104e+07
5.962644319960031426e+05
-7.427420734368936159e+06
1.892882142773715407e+07
8.320886826291486796e+04
-1.912368978292010725e+05
-2.109166320398017415e+05
8.717449073749439791e+06
-2.691655278193103522e+07
-1.989042647853834089e+06
3.088917289948589355e+07
-8.390278379519478977e+07
-1.453447151577496203e+06
1.706390819644213468e+07
-4.274910629032408446e+07
8.150025857249159067e-01
2.574803279726946226e+00
1.160992945861341274e+00
-2.362806344138449699e+00
6.770977119148882117e+00
7.570876756372679761e-01
-2.725657262359638455e+00
7.114095286695897080e+00
1.766929562069069204e-01
-7.978716198989403985e-01
2.116234530076724685e+00
6.927308439989601253e-03
3.020430098217274928e-02
6.308069782076286026e-03
-1.207372080825813987e-01
2.627207548001067594e-01
3.415167779448185885e-03
-1.077957403090814420e-01
2.709860232579071049e-01
7.374189620162741434e-04
-2.749608385079520267e-02
7.331529924362290007e-02
1.010321847279060936e+00
8.993121962968720793e-04
2.839501374935836098e-01
-4.049701590258580453e+00
1.320796315472594351e+01
1.039626857405204774e-01
-7.025171291756653780e+00
2.478454802208137764e+01
3.093203206846268510e-02
-2.692388636439635441e+00
9.609417680303563358e+00
1.308204304105019755e+00
-5.537729506177220713e-03
-6.782924867830611437e-02
-6.689851509898140369e-01
3.403137431841768645e+00
-5.296574232442796681e-02
-9.923766170197287906e-01
4.820696876487913229e+00
-6.134140226238673360e-03
-3.842928754654937329e-01
1.756173687350698565e+00
2.096551999295542828e+03
1.463749316826155336e+03
1.312549328609852182e+03
1.830733001708211668e+04
-4.353414407461069641e+04
-8.332889543511114425e+02
3.204731997183186832e+04
-1.086094503752085875e+05
4.522513639811220401e+02
8.353439546391713520e+03
-4.453132500373219955e+04
-1.011583420980486881e+04
-4.463035007723264425e+04
-6.541024977493473671e+03
-2.669431928213420906e+05
6.861814301329870941e+05
3.405638196352506384e+03
-4.375748084894141066e+05
1.631994817146274494e+06
-7.462894472290661724e+03
-1.145815979330365226e+05
6.744194636143533280e+05
2.292906367201984176e+04
2.309707112461677752e+05
1.496186105938482069e+04
1.194171019226240227e+06
-3.105780084410066716e+06
-3.038168203695242937e+03
1.871381027010521153e+06
-7.307287919863377698e+06
4.273463971159730863e+04
4.675364943374117138e+05
-3.064671211493472569e+06
-1.462241934175526876e+04
-3.778002512780554243e+05
-9.608557363808055015e+03
-1.710781199128063861e+06
4.331747717491351068e+06
-2.236675289069887003e+04
-2.502430899290980306e+06
1.027592932257979922e+07
-8.536505540914733137e+04
-5.700039790936689824e+05
4.396990056114572100e+06
9.789747327985583070e+01
-4.265973087748922410e+01
1.534842103790491308e+02
-1.417062076076895437e+03
2.752861414366502686e+03
1.387406469558648894e+02
-1.433658507513588120e+03
2.857741895243075760e+03
4.102510946737612585e+01
-4.236807379746389870e+02
8.503594335657172678e+02
-3.281223239178073570e+00
-9.051229576657011222e+00
-1.242566553928400275e+01
5.547879263245057757e+01
-1.060139793370044572e+02
-1.194414069920463461e+01
7.683229860265139166e+01
-1.553492292318278487e+02
-3.413657660249867387e+00
2.556669217502422597e+01
-5.441073553115332118e+01
-2.514694215942258801e-05
1.974893954749343345e-05
-1.837481218380246511e-05
2.188677888265676952e-05
8.250815260213556208e-05
7.158026368042506496e-06
-5.577720607964634705e-05
1.914146054312832802e-04
5.446791002434385878e-06
-3.220800909367304692e-05
7.973898412683568893e-05
4.331514709695348131e+01
6.386332679188080874e+02
-3.285768747216059182e+01
2.415893826937031463e+03
-5.766875169379177350e+03
-6.185459307173840671e+01
2.953967762459948062e+03
-8.986290575914970759e+03
-2.157143577976204440e+01
9.812158224673428322e+02
-3.239566489593028564e+03
-7.017362142133014291e-02
-1.626739669021793622e-01
-1.873657929156254398e-01
1.137655152211400900e+00
-2.834067142896925073e+00
-1.713132270883161723e-01
1.720897946482691898e+00
-4.538361506144882540e+00
-4.998780592228465464e-02
6.060853230789984281e-01
-1.682942437775319489e+00
9.599313094003614211e+00
-3.969056326550072527e+02
1.620144325481006931e+01
-1.575822623607041578e+03
3.599510011399129780e+03
2.709367979244571245e+01
-1.785598762601252247e+03
5.154124601731126859e+03
1.117554652233105905e+01
-5.778785563400582532e+02
1.808592977432997031e+03
-2.989553566466796042e-02
1.401955839923058722e+00
-7.355859952735449570e-02
8.337390815388983079e-01
2.240012890819012281e-01
-5.520355747744587482e-02
5.667066891409431317e-01
7.186899681322483913e-01
-1.550739636160782670e-02
1.575039917793410182e-01
2.107684046486360263e-01
9.976808878095634325e-01
-7.884446665395757406e-03
-5.904713720387785858e-02
1.395852350140541542e+00
-4.516659743092761303e+00
-5.585330429732186797e-02
1.751674207585792287e+00
-5.990188152149153566e+00
-1.794534843982614758e-02
5.965077516695090898e-01
-2.060891608321592461e+00
7.000000000000000000e+00
3.478533755914946290e+00
3.931931354579055096e+03
-1.739555667200166863e+04
3.132376442693025638e+03
3.439497696453146636e+05
-1.216328758749533677e+06
-7.070205831667632447e+04
1.383857646233665524e+06
-3.966106872310455423e+06
-6.001353586147273018e+04
8.035728442791039124e+05
-2.091694341714800801e+06
-4.010449851659235719e+04
1.122553843204477744e+05
2.356169570993041998e+04
-3.476716403806690127e+06
1.137395378669603355e+07
7.542021563826063648e+05
-1.308471670980793051e+07
3.645116291927728802e+07
5.963246981364481617e+05
-7.426844507175166160e+06
1.892862218856031075e+07
8.320951829887252825e+04
-1.912358306854466791e+05
-2.109165112784157391e+05
8.716946823827276006e+06
-2.691824791707319394e+07
-1.989164721871429821e+06
3.088964000085585564e+07
-8.389621550576505065e+07
-1.453358903182110051e+06
1.706440382768540457e+07
-4.274994334534458071e+07
8.150522490038857315e-01
2.574931366936113353e+00
1.160923965558743998e+00
-2.362881930716639545e+00
6.770816795110780717e+00
7.571111133326697828e-01
-2.725575323210635670e+00
7.114240766869417421e+00
1.766918313319220668e-01
-7.978778866719271612e-01
2.116222971613848092e+00
6.927090191768012391e-03
3.020329918235655289e-02
6.308180238550586440e-03
-1.207275620894459334e-01
2.627317813658927026e-01
3.415143075654801259e-03
-1.078015645710326958e-01
2.709771904682233279e-01
7.374199557486200117e-04
-2.749575792061692558e-02
7.331585356847408752e-02
1.010271955161152757e+00
8.993121866237614595e-04
2.839525040134497913e-01
-4.049584694415078623e+00
1.320826711582411228e+01
1.039624410566471063e-01
-7.025441715668202747e+00
2.478372781840199579e+01
3.093205102710682927e-02
-2.692353895465917191e+00
9.609525389207856705e+00
1.308302598676046591e+00
-5.537729077897926740e-03
-6.782941442867763959e-02
-6.689890334363427504e-01
3.403112955557952013e+00
-5.296566357999444447e-02
-9.923699947245396835e-01
4.820734795441899756e+00
-6.134141150399325011e-03
-3.842937425265652296e-01
1.756169301352997536e+00
2.096551999295542828e+03
1.463749316826155336e+03
1.312549328609852182e+03
1.830733001708211668e+04
-4.353414407461069641e+04
-8.332889543511114425e+02
3.204731997183186832e+04
-1.086094503752085875e+05
4.522513639811220401e+02
8.353439546391713520e+03
-4.453132500373219955e+04
-1.011855737890001365e+04
-4.463056197846350551e+04
-6.541266398936788391e+03
-2.669299704825328663e+05
6.860162628936402034e+05
3.405930573751896645e+03
-4.375422836305361707e+05
1.631729667455565650e+06
-7.464981490844873406e+03
-1.145906997272328736e+05
6.745455182991628535e+05
2.292198466753035973e+04
2.309719466963101586e+05
1.496131622644055460e+04
1.194286358220421709e+06
-3.107596486755525228e+06
-3.038056622367919772e+03
1.871596800643575145e+06
-7.309739097552538849e+06
4.270147329594240000e+04
4.674697393419669825e+05
-3.063361760693248361e+06
-1.462350920944005884e+04
-3.777948983643485699e+05
-9.608629638301881641e+03
-1.710707563850036822e+06
4.330327238061213866e+06
-2.236457147502104635e+04
-2.502334427383558825e+06
1.027426754544371739e+07
-8.541326241701557592e+04
-5.700366169605850009e+05
4.398006778756385669e+06
9.789747327985583070e+01
-4.265973087748922410e+01
1.534842103790491308e+02
-1.417062076076895437e+03
2.752861414366502686e+03
1.387406469558648894e+02
-1.433658507513588120e+03
2.857741895243075760e+03
4.102510946737612585e+01
-4.236807379746389870e+02
8.503594335657172678e+02
-3.278868452025055280e+00
-9.051882536089838283e+00
-1.243088824989048113e+01
5.554200075585467999e+01
-1.059016038142884639e+02
-1.194119800263690223e+01
7.680284755847323197e+01
-1.554409689338572491e+02
-3.413892042997728193e+00
2.556305127323503967e+01
-5.441123255072150755e+01
-2.514073154316603993e-05
1.974493936682102937e-05
-1.837461808793601744e-05
2.188924686197778608e-05
8.252355730881083095e-05
7.157970524796601585e-06
-5.578021091619675750e-05
1.913891762453181513e-04
5.446861180646160457e-06
-3.220920291204835230e-05
7.973811758768301365e-05
4.331514709695348131e+01
6.386332679188080874e+02
-3.285768747216059182e+01
2.415893826937031463e+03
-5.766875169379177350e+03
-6.185459307173840671e+01
2.953967762459948062e+03
-8.986290575914970759e+03
-2.157143577976204440e+01
9.812158224673428322e+02
-3.239566489593028564e+03
-7.013177924266789098e-02
-1.626366034450875686e-01
-1.874547484694968624e-01
1.137018239149317989e+00
-2.834657390957923795e+00
-1.713071826783422458e-01
1.721569461354643282e+00
-4.537415876768013945e+00
-4.998535861394026725e-02
6.060448039359100925e-01
-1.683052441204572203e+00
9.600208647528713612e+00
-3.966363724658359615e+02
1.620068112868424492e+01
-1.576930822545052479e+03
3.598748642687500251e+03
2.709431461947403363e+01
-1.785004999926000437e+03
5.154757810517096004e+03
1.117554808825195956e+01
-5.779144127947686229e+02
1.808522020063926448e+03
-2.989671117503482287e-02
1.401496681414461820e+00
-7.355641812764360243e-02
8.337827991855792931e-01
2.240017288906544501e-01
-5.520393395318388269e-02
5.666985791481482515e-01
7.186882714823741303e-01
-1.550739590876150376e-02
1.575043162806937791e-01
2.107685162702579995e-01
9.981549396075456437e-01
-7.884440792023696132e-03
-5.904739132532368234e-02
1.395845289368584874e+00
-4.516633225312729039e+00
-5.585324040566529841e-02
1.751662877970642906e+00
-5.990273263324510822e+00
-1.794535444032871810e-02
5.965080350524716302e-01
-2.060886513200435477e+00
7.000000000000000000e+00
3.118198469629937630e+00
3.931943573473255128e+03
-1.739549048494650560e+04
3.132378541571129517e+03
3.439505680212342413e+05
-1.216329010347074131e+06
-7.070386466231427039e+04
1.383803066881774459e+06
-3.966156556384700350e+06
-6.001216698493203876e+04
8.035884443007346708e+05
-2.091690844019150361e+06
-4.010411291416185122e+04
1.122562419985536108e+05
2.356171755686155302e+04
-3.476778283032877371e+06
1.137367578157556430e+07
7.541541830378200393e+05
-1.308507669895425439e+07
3.645235473640107363e+07
5.963574061109967297e+05
-7.426753648615158163e+06
1.892814000723672658e+07
8.321000213811051799e+04
-1.912350937374086061e+05
-2.109162314614015631e+05
8.716725794844174758e+06
-2.691899798238575086e+07
-1.989241403290028684e+06
3.089029912481156737e+07
-8.389180907352352142e+07
-1.453312415859948378e+06
1.706421181375174224e+07
-4.275123178197600693e+07
8.151131738031737184e-01
2.575090584902425928e+00
1.160841205871135928e+00
-2.362974174725042786e+00
6.770619543770023618e+00
7.571387314533304380e-01
-2.725476786574049459e+00
7.114417393842833448e+00
1.766905215371281923e-01
-7.978853507214483942e-01
2.116209059606388720e+00
6.926828030332291691e-03
3.020211928026329817e-02
6.308317490413506597e-03
-1.207159164494327891e-01
2.627448858714375723e-01
3.415111242320933039e-03
-1.078088187184837871e-01
2.709663903347190317e-01
7.374212702675268230e-04
-2.749534233414278883e-02
7.331654657367507599e-02
1.010213542225931738e+00
8.993121754325474884e-04
2.839553699844484802e-01
-4.049445586797186358e+00
1.320862532011158841e+01
1.039621326849334004e-01
-7.025775727875133825e+00
2.478272577605192595e+01
3.093207560740551462e-02
-2.692309801179459061e+00
9.609660562588517863e+00
1.308419379071023236e+00
-5.537728575209848077e-03
-6.782961650708001222e-02
-6.689936864147528750e-01
3.403083897931295176e+00
-5.296556476797462804e-02
-9.923618466653711945e-01
4.820780951193490260e+00
-6.134142334277558305e-03
-3.842948303153709277e-01
1.756163860620862938e+00
2.096551999295542828e+03
1.463749316826155336e+03
1.312549328609852182e+03
1.830733001708211668e+04
-4.353414407461069641e+04
-8.332889543511114425e+02
3.204731997183186832e+04
-1.086094503752085875e+05
4.522513639811220401e+02
8.353439546391713520e+03
-4.453132500373219955e+04
-1.012233576845743119e+04
-4.463216954545897897e+04
-6.541414150911533397e+03
-2.668963328224661527e+05
6.858250221574222669e+05
3.406253070529265642e+03
-4.375087148985233507e+05
1.631516320445316844e+06
-7.467375503908981045e+03
-1.146027545391466847e+05
6.746662384841096355e+05
2.291224865780667096e+04
2.309553255523179541e+05
1.496100011795448881e+04
1.194596913148753345e+06
-3.109682398758482188e+06
-3.037932556007771836e+03
1.871825862666090019e+06
-7.311730056620502844e+06
4.266319008621993999e+04
4.673787502816013293e+05
-3.062090187762080692e+06
-1.462499651506173723e+04
-3.778066913840673515e+05
-9.608668860010846402e+03
-1.710489815089064883e+06
4.328707942068880424e+06
-2.236212655299896505e+04
-2.502227437479754910e+06
1.027290212294827402e+07
-8.546924664674910309e+04
-5.700825506615400082e+05
4.399007602512713522e+06
9.789747327985583070e+01
-4.265973087748922410e+01
1.534842103790491308e+02
-1.417062076076895437e+03
2.752861414366502686e+03
1.387406469558648894e+02
-1.433658507513588120e+03
2.857741895243075760e+03
4.102510946737612585e+01
-4.236807379746389870e+02
8.503594335657172678e+02
-3.275942901333852131e+00
-9.051968251133718724e+00
-1.243643546901148689e+01
5.560244684277454752e+01
-1.057883186064394039e+02
-1.193911425828056139e+01
7.678900608849465925e+01
-1.555128241563991764e+02
-3.414025513785569732e+00
2.555670801886755683e+01
-5.441607390628679042e+01
-2.513350377007036887e-05
1.974070593147542960e-05
-1.837351312733960114e-05
2.189178378539992928e-05
8.253941300128954340e-05
7.157715418021241801e-06
-5.578190690637685998e-05
1.913703764468148341e-04
5.447071031145216558e-06
-3.221112859149816111e-05
7.973525705342591650e-05
4.331514709695348131e+01
6.386332679188080874e+02
-3.285768747216059182e+01
2.415893826937031463e+03
-5.766875169379177350e+03
-6.185459307173840671e+01
2.953967762459948062e+03
-8.986290575914970759e+03
-2.157143577976204440e+01
9.812158224673428322e+02
-3.239566489593028564e+03
-7.009241971068570776e-02
-1.625986684529307502e-01
-1.874868818538382165e-01
1.136568776235897360e+00
-2.835127474631970124e+00
-1.713608212476982473e-01
1.721696763262861252e+00
-4.536821206013911478e+00
-4.997731582303215764e-02
6.060777564682491292e-01
-1.683115683852264066e+00
9.601155052018288671e+00
-3.963426069220786871e+02
1.620010958822757985e+01
-1.577850879699291454e+03
3.598143399884011615e+03
2.709417164053508031e+01
-1.784760884823866036e+03
5.155010326020704269e+03
1.117569869944548699e+01
-5.779119663968083387e+02
1.808490566587078320e+03
-2.989793241567229726e-02
1.401009312206606072e+00
-7.355481887218455472e-02
8.338168136748955739e-01
2.240020359709398723e-01
-5.520385830413051392e-02
5.666961665446986762e-01
7.186880205213952433e-01
-1.550743504534747401e-02
1.575041902871013033e-01
2.107685192719695177e-01
9.986856350051687148e-01
-7.884434264407626930e-03
-5.904761039841191494e-02
1.395846260802972916e+00
-4.516579762629841177e+00
-5.585321251838844953e-02
1.751641486245057111e+00
-5.990392433021226815e+00
-1.794535816207036213e-02
5.965088360134069845e-01
-2.060879730665075904e+00
7.000000000000000000e+00
2.839320349978049496e+00
3.931957163943235173e+03
-1.739542736990835692e+04
3.132379857479381371e+03
3.439527364010968013e+05
-1.216318548800265417e+06
-7.070499122969941527e+04
1.383754508656731807e+06
-3.966259724602926522e+06
-6.001142469321975659e+04
8.035955598956971662e+05
-2.091683888519219588e+06
-4.010369541759652930e+04
1.122570661380100064e+05
2.356172992836180129e+04
-3.476801010617335327e+06
1.137363687843189016e+07
7.541243122447985224e+05
-1.308533971355086938e+07
3.645240289846150577e+07
5.963752394632067299e+05
-7.426837933878057636e+06
1.892772393135784566e+07
8.321051674362426274e+04
-1.912343817983551126e+05
-2.109161128793480166e+05
8.716571692087374628e+06
-2.691940916470280290e+07
-1.989288553922784748e+06
3.089105222804755345e+07
-8.388892007988303900e+07
-1.453287250454869354e+06
1.706379423156337067e+07
-4.275244524256620556e+07
8.151785535493728529e-01
2.575264236528745698e+00
1.160753565755132000e+00
-2.363073938797079609e+00
6.770404110764136618e+00
7.571677120097403124e-01
-2.725370802487182331e+00
7.114609508312724095e+00
1.766891546220178133e-01
-7.978933533386715071e-01
2.116193963907831765e+00
6.926531536220554598e-03
3.020079866026664089e-02
6.308473885084211856e-03
-1.207028461670258401e-01
2.627594668134251576e-01
3.415074621954817223e-03
-1.078170175062011238e-01
2.709543077131407740e-01
7.374227929177766322e-04
-2.749486995139313605e-02
7.331732573865892832e-02
1.010147393982371078e+00
8.993121628360171158e-04
2.839586415358698046e-01
-4.049288215032244231e+00
1.320902849551004365e+01
1.039617768962217553e-01
-7.026157161935098650e+00
2.478158803910509178e+01
3.093210418149604929e-02
-2.692259090504946162e+00
9.609815096057712225e+00
1.308550307263554036e+00
-5.537728015298227537e-03
-6.782984403694802822e-02
-6.689988769023738069e-01
3.403051654838800122e+00
-5.296545270093207247e-02
-9.923527033414257792e-01
4.820832430880032327e+00
-6.134143684317506194e-03
-3.842960569594628395e-01
1.756157764463896820e+00
2.096551999295542828e+03
1.463749316826155336e+03
1.312549328609852182e+03
1.830733001708211668e+04
-4.353414407461069641e+04
-8.332889543511114425e+02
3.204731997183186832e+04
-1.086094503752085875e+05
4.522513639811220401e+02
8.353439546391713520e+03
-4.453132500373219955e+04
-1.012662750400234836e+04
-4.463378155602030165e+04
-6.541465945065136111e+03
-2.668576811328693875e+05
6.855988786171852844e+05
3.406569845260342390e+03
-4.374869816544608329e+05
1.631366042211314430e+06
-7.469805473514428741e+03
-1.146145454103140364e+05
6.747852706496889004e+05
2.290126388135765956e+04
2.309393763030676346e+05
1.496091050090994577e+04
1.194948013017637888e+06
-3.112121826191829983e+06
-3.037809881767550451e+03
1.871956964380716905e+06
-7.313161361730436794e+06
4.262415414360750583e+04
4.672897218967239023e+05
-3.060818427532641217e+06
-1.462666426281576605e+04
-3.778171210703931865e+05
-9.608676528070925997e+03
-1.710247445660899393e+06
4.326832942140600644e+06
-2.235969335713394685e+04
-2.502180636206879281e+06
1.027189664775956608e+07
-8.552658254368697817e+04
-5.701274510001377203e+05
4.400022311118432321e+06
9.789747327985583070e+01
-4.265973087748922410e+01
1.534842103790491308e+02
-1.417062076076895437e+03
2.752861414366502686e+03
1.387406469558648894e+02
-1.433658507513588120e+03
2.857741895243075760e+03
4.102510946737612585e+01
-4.236807379746389870e+02
8.503594335657172678e+02
-3.272924249347103132e+00
-9.052003482936223477e+00
-1.244140950005427548e+01
5.566008099322610292e+01
-1.056777973855110559e+02
-1.193699473959075341e+01
7.679778186709376087e+01
-1.555552466160619929e+02
-3.414195380120117473e+00
2.554666475945916204e+01
-5.442629936419795911e+01
-2.512854622749064482e-05
1.973609639691380950e-05
-1.837148784007814570e-05
2.189431491613078111e-05
8.255504468930519241e-05
7.157369106340247020e-06
-5.578148433004103876e-05
1.913608998396274636e-04
5.447323261659146555e-06
-3.221410820516044883e-05
7.973004405667079796e-05
4.331514709695348131e+01
6.386332679188080874e+02
-3.285768747216059182e+01
2.415893826937031463e+03
-5.766875169379177350e+03
-6.185459307173840671e+01
2.953967762459948062e+03
-8.986290575914970759e+03
-2.157143577976204440e+01
9.812158224673428322e+02
-3.239566489593028564e+03
-7.005734584697077827e-02
-1.625625517109675899e-01
-1.874737255635236521e-01
1.136268011386266874e+00
-2.835517243383343544e+00
-1.714559255791946180e-01
1.721495368614709864e+00
-4.536327569391840342e+00
-4.996559667430355844e-02
6.061499844050534103e-01
-1.683174982531488562e+00
9.602081981618541207e+00
-3.960495668845623527e+02
1.619972129179460296e+01
-1.578573362487034501e+03
3.597695206840811352e+03
2.709347337640415176e+01
-1.784733249240269060e+03
5.155107930518379362e+03
1.117594482677301926e+01
-5.778912368484042190e+02
1.808461165898561831e+03
-2.989910845370631273e-02
1.400535481199546295e+00
-7.355378612939743321e-02
8.338408147324875008e-01
2.240022111332106991e-01
-5.520345089136967365e-02
5.666976213138581464e-01
7.186886010322867113e-01
-1.550750025534192167e-02
1.575038167011461598e-01
2.107684847519826488e-01
9.992090692709137967e-01
-7.884427955663055043e-03
-5.904775638945831268e-02
1.395858463611272082e+00
-4.516494452092119971e+00
-5.585321389083070659e-02
1.751613387117536114e+00
-5.990532223598686201e+00
-1.794536169182370591e-02
5.965094909718225979e-01
-2.060873497621641182e+00
7.000000000000000000e+00
2.601883322327827042e+00
3.931973583838719605e+03
-1.739535497480764752e+04
3.132380354641304166e+03
3.439543381868916331e+05
-1.216306381834616186e+06
-7.070570950967993122e+04
1.383713583301044302e+06
-3.966383820164922159e+06
-6.001100264542381774e+04
8.035989982032369589e+05
-2.091673105843035504e+06
-4.010321114298528119e+04
1.122579806160320004e+05
2.356173319959066794e+04
-3.476829986657839268e+06
1.137365002855072729e+07
7.541038716551061952e+05
-1.308553377077710442e+07
3.645187624552557617e+07
5.963863723864824278e+05
-7.426972424660921097e+06
1.892741655549787730e+07
8.321109662254899740e+04
-1.912336082707672613e+05
-2.109161318634417548e+05
8.716419142388606444e+06
-2.691972981395189837e+07
-1.989322739149769302e+06
3.089177722832408175e+07
-8.388694271458302438e+07
-1.453270434849877609e+06
1.706334305551518872e+07
-4.275348762689408660e+07
8.152439137953945147e-01
2.575441020571052064e+00
1.160667010111273267e+00
-2.363174879279448248e+00
6.770183747876809655e+00
7.571961255671799673e-01
-2.725263883530638864e+00
7.114805742414967327e+00
1.766878196759838759e-01
-7.979014163955705508e-01
2.116178551118135687e+00
6.926213498065919745e-03
3.019938941928296261e-02
6.308641411589103326e-03
-1.206889530714661263e-01
2.627748929612099826e-01
3.415035324566687621e-03
-1.078257372297936473e-01
2.709415289752435396e-01
7.374244297897830603e-04
-2.749436692273531796e-02
7.331815052139654953e-02
1.010075649770284745e+00
8.993121492119741413e-04
2.839621913325246494e-01
-4.049118180350814278e+00
1.320946301990037242e+01
1.039613896911975172e-01
-7.026570276045727148e+00
2.478035931880786435e+01
3.093213535392921529e-02
-2.692204045676963364e+00
9.609982344863583492e+00
1.308689900107462778e+00
-5.537727420374783695e-03
-6.783008607415857982e-02
-6.690043711034294738e-01
3.403017626381955374e+00
-5.296533330905953130e-02
-9.923430166983796541e-01
4.820886784275053571e+00
-6.134145125027603423e-03
-3.842973584100662920e-01
1.756151319417686540e+00
2.096551999295542828e+03
1.463749316826155336e+03
1.312549328609852182e+03
1.830733001708211668e+04
-4.353414407461069641e+04
-8.332889543511114425e+02
3.204731997183186832e+04
-1.086094503752085875e+05
4.522513639811220401e+02
8.353439546391713520e+03
-4.453132500373219955e+04
-1.013118272925331257e+04
-4.463549174210509227e+04
-6.541438451544888267e+03
-2.668153519734251313e+05
6.853585552361608716e+05
3.406870650617373030e+03
-4.374728018294334179e+05
1.631265387074833736e+06
-7.472177077622223806e+03
-1.146260718061717780e+05
6.748975829737540334e+05
2.288965725983828088e+04
2.309224731545619143e+05
1.496100612532301966e+04
1.195329236568340100e+06
-3.114699051468390040e+06
-3.037692681693925351e+03
1.872031277164243395e+06
-7.314152426512950100e+06
4.258590401317986107e+04
4.672022454429017962e+05
-3.059604406959347427e+06
-1.462841905391964065e+04
-3.778281801565373316e+05
-9.608658675946804578e+03
-1.709986334811921697e+06
4.324862609436929226e+06
-2.235735504693722760e+04
-2.502165000697545242e+06
1.027117428571069054e+07
-8.558297763494294486e+04
-5.701717771823965013e+05
4.401001542663069442e+06
9.789747327985583070e+01
-4.265973087748922410e+01
1.534842103790491308e+02
-1.417062076076895437e+03
2.752861414366502686e+03
1.387406469558648894e+02
-1.433658507513588120e+03
2.857741895243075760e+03
4.102510946737612585e+01
-4.236807379746389870e+02
8.503594335657172678e+02
-3.269937650157106912e+00
-9.052032660007967024e+00
-1.244568866620723391e+01
5.571505004999533384e+01
-1.055714292415812565e+02
-1.193486194764724750e+01
7.682251192434782183e+01
-1.555754058294674280e+02
-3.414399483817685432e+00
2.553412229103639675e+01
-5.444024995591322380e+01
-2.512601537480733648e-05
1.973125472057050077e-05
-1.836870269952771396e-05
2.189682413081718373e-05
8.257024523420013835e-05
7.156960536979359224e-06
-5.577966678258571795e-05
1.913581501434291632e-04
5.447597623683368080e-06
-3.221776238084648195e-05
7.972326780192428143e-05
4.331514709695348131e+01
6.386332679188080874e+02
-3.285768747216059182e+01
2.415893826937031463e+03
-5.766875169379177350e+03
-6.185459307173840671e+01
2.953967762459948062e+03
-8.986290575914970759e+03
-2.157143577976204440e+01
9.812158224673428322e+02
-3.239566489593028564e+03
-7.002564761507856783e-02
-1.625283153869452879e-01
-1.874325745492657902e-01
1.136065238918703590e+00
-2.835851320808247866e+00
-1.715746360996697473e-01
1.721106984157513065e+00
-4.535875740361459130e+00
-4.995186650374896370e-02
6.062426226850019528e-01
-1.683237014848293578e+00
9.602978103536843335e+00
-3.957631826284446106e+02
1.619945819936141618e+01
-1.579149597291062264e+03
3.597365957382215583e+03
2.709244690995334537e+01
-1.784835130362614109e+03
5.155122411802705756e+03
1.117624341445519498e+01
-5.778613506214049949e+02
1.808428430146013170e+03
-2.990022772171621601e-02
1.400082978959425573e+00
-7.355314841410577620e-02
8.338573222784398942e-01
2.240022858007701123e-01
-5.520284326563280192e-02
5.667014997087561623e-01
7.186897020166662653e-01
-1.550758005140777385e-02
1.575033075888989109e-01
2.107684335255691488e-01
9.996998203524367632e-01
-7.884422188931639736e-03
-5.904781704155132732e-02
1.395882523988099200e+00
-4.516377635413133973e+00
-5.585325013481803880e-02
1.751577797000641645e+00
-5.990693132031561952e+00
-1.794536423663923783e-02
5.965102245711905171e-01
-2.060867237943340591e+00
7.000000000000000000e+00
2.388132783102243639e+00
3.931992434520394454e+03
-1.739527228491400456e+04
3.132380316011649938e+03
3.439551565294087050e+05
-1.216294869634999894e+06
-7.070619729132253269e+04
1.383679730509083252e+06
-3.966513047143858392e+06
-6.001075812596899777e+04
8.035997697945419932e+05
-2.091661339703656035e+06
-4.010267251271584246e+04
1.122589929035848327e+05
2.356173182705731961e+04
-3.476869004321283195e+06
1.137366736531546339e+07
7.540874216588191921e+05
-1.308569098609896190e+07
3.645107829942800105e+07
5.963945402961112559e+05
-7.427129864331090823e+06
1.892716687855823711e+07
8.321172639030736173e+04
-1.912327698305764934e+05
-2.109161908912926156e+05
8.716264753651572391e+06
-2.692002185055911168e+07
-1.989354008911360288e+06
3.089240381642593071e+07
-8.388551308662126958e+07
-1.453256133205329301e+06
1.706290123802333325e+07
-4.275441505671672523e+07
8.153074739842747221e-01
2.575616476159416468e+00
1.160583977508606868e+00
-2.363274440666168985e+00
6.769963753144785379e+00
7.572231692296667038e-01
-2.725158683407377325e+00
7.115001511884908147e+00
1.766865542004977252e-01
-7.979093437570580205e-01
2.116163172340638887e+00
6.925880721696145263e-03
3.019791921283333097e-02
6.308815994492868000e-03
-1.206745387807288128e-01
2.627908499667302999e-01
3.414994367569678876e-03
-1.078347800276598656e-01
2.709283228499372309e-01
7.374261371884508224e-04
-2.749384488526582584e-02
7.331900338484559354e-02
1.009999518184523604e+00
8.993121347754593322e-04
2.839659545870700796e-01
-4.048938311714375793e+00
1.320992202352620026e+01
1.039609783784273406e-01
-7.027008077372242312e+00
2.477905917302215499e+01
3.093216852841708039e-02
-2.692145602444079966e+00
9.610159651144087434e+00
1.308835306330153214e+00
-5.537726801971309433e-03
-6.783033722853580583e-02
-6.690100551195723444e-01
3.402982491466390869e+00
-5.296520933853732932e-02
-9.923329911952412097e-01
4.820942917069793943e+00
-6.134146622862398854e-03
-3.842987071180184455e-01
1.756144654834082441e+00
2.096551999295542828e+03
1.463749316826155336e+03
1.312549328609852182e+03
1.830733001708211668e+04
-4.353414407461069641e+04
-8.332889543511114425e+02
3.204731997183186832e+04
-1.086094503752085875e+05
4.522513639811220401e+02
8.353439546391713520e+03
-4.453132500373219955e+04
-1.013586869572256364e+04
-4.463736986765283655e+04
-6.541352706753623352e+03
-2.667702285402170382e+05
6.851162076606740011e+05
3.407155192692370292e+03
-4.374620521095475415e+05
1.631195286404789658e+06
-7.474470270158954008e+03
-1.146375350761663431e+05
6.750028907842132030e+05
2.287775451477242314e+04
2.309034784592068172e+05
1.496123641459258943e+04
1.195733756491372595e+06
-3.117290151652547996e+06
-3.037581209431845764e+03
1.872086035910999635e+06
-7.314875265117827803e+06
4.254879086316280882e+04
4.671145380475695129e+05
-3.058455966361220460e+06
-1.463021342304650716e+04
-3.778412050341606955e+05
-9.608622492573309501e+03
-1.709710354459726717e+06
4.322887191719313152e+06
-2.235511934992584429e+04
-2.502155645660194103e+06
1.027062197147809155e+07
-8.563787530266672547e+04
-5.702165954634217778e+05
4.401935433744868264e+06
9.789747327985583070e+01
-4.265973087748922410e+01
1.534842103790491308e+02
-1.417062076076895437e+03
2.752861414366502686e+03
1.387406469558648894e+02
-1.433658507513588120e+03
2.857741895243075760e+03
4.102510946737612585e+01
-4.236807379746389870e+02
8.503594335657172678e+02
-3.266974283807936530e+00
-9.052020496178080577e+00
-1.244944943025851281e+01
5.576843190535740291e+01
-1.054680215940240373e+02
-1.193273180775659270e+01
7.685642734035090484e+01
-1.555820766966662916e+02
-3.414628570009807795e+00
2.552012077448229732e+01
-5.445642164577205335e+01
-2.512550830591822457e-05
1.972624536080421493e-05
-1.836531599343306766e-05
2.189935080159646584e-05
8.258520889775588754e-05
7.156506479081163865e-06
-5.577717760566193949e-05
1.913591994440007793e-04
5.447885387491631055e-06
-3.222177434506071021e-05
7.971560267096096581e-05
4.331514709695348131e+01
6.386332679188080874e+02
-3.285768747216059182e+01
2.415893826937031463e+03
-5.766875169379177350e+03
-6.185459307173840671e+01
2.953967762459948062e+03
-8.986290575914970759e+03
-2.157143577976204440e+01
9.812158224673428322e+02
-3.239566489593028564e+03
-6.999554119060419355e-02
-1.624950279900096994e-01
-1.873781447603840855e-01
1.135913206798598196e+00
-2.836151777091445947e+00
-1.717041372370190777e-01
1.720630061929472543e+00
-4.535443474493328075e+00
-4.993723808260785990e-02
6.063441188297662432e-01
-1.683302106613029148e+00
9.603859684656216089e+00
-3.954801773603309698e+02
1.619925940542504961e+01
-1.579640243107081687e+03
3.597115397277798820e+03
2.709126314233437327e+01
-1.785005993018048684e+03
5.155081607782026367e+03
1.117656565358908338e+01
-5.778273883711609642e+02
1.808393281907607616e+03
-2.990131339196938631e-02
1.399644832858869092e+00
-7.355272895172827730e-02
8.338690674548132620e-01
2.240022899959447644e-01
-5.520213459609516621e-02
5.667067835417379795e-01
7.186911575966099530e-01
-1.550766670486124904e-02
1.575027289298642219e-01
2.107683719583982596e-01
1.000153983015202197e+00
-7.884417007100309391e-03
-5.904779088819908650e-02
1.395918546717560105e+00
-4.516229426744071240e+00
-5.585332677161406606e-02
1.751533093994990464e+00
-5.990879852912243564e+00
-1.794536484800035928e-02
5.965113577106071485e-01
-2.060859955283304679e+00
7.000000000000000000e+00
2.191851552681646442e+00
3.932013435570817364e+03
-1.739517936227803875e+04
3.132379925506947529e+03
3.439552590533310431e+05
-1.216284514948700089e+06
-7.070654287792366813e+04
1.383652144282852765e+06
-3.966641681694507133e+06
-6.001063051404448925e+04
8.035980536820186535e+05
-2.091650305195260094e+06
-4.010208762546898652e+04
1.122601017518364388e+05
2.356172862081099447e+04
-3.476916044992798474e+06
1.137367756269915774e+07
7.540722887626648881e+05
-1.308583023709737137e+07
3.645013887081510574e+07
5.964013194583250443e+05
-7.427306772719837725e+06
1.892693646795259044e+07
8.321239655665484315e+04
-1.912318677808814682e+05
-2.109162299569725583e+05
8.716112110125940293e+06
-2.692030152725064754e+07
-1.989387255869848887e+06
3.089290472603803873e+07
-8.388444841860757768e+07
-1.453241898924605222e+06
1.706247291337303072e+07
-4.275528037211508304e+07
8.153686700369828788e-01
2.575789392076551110e+00
1.160505305096467987e+00
-2.363371904501780030e+00
6.769745444993548134e+00
7.572485590496625951e-01
-2.725055938182082471e+00
7.115195723477692802e+00
1.766853715929662394e-01
-7.979170822232731775e-01
2.116147907630156144e+00
6.925535219637243313e-03
3.019639592927115049e-02
6.308996289742447791e-03
-1.206596997700120077e-01
2.628072380693703414e-01
3.414952085567049284e-03
-1.078440837219349496e-01
2.709147722735750219e-01
7.374279010012601719e-04
-2.749330736997767158e-02
7.331987917166406243e-02
1.009919241529233735e+00
8.993121195667219594e-04
2.839699176001969638e-01
-4.048749151726419804e+00
1.321040425211809755e+01
1.039605443161597392e-01
-7.027469474039236275e+00
2.477769034104508350e+01
3.093220360778157346e-02
-2.692083877887778698e+00
9.610346740579457148e+00
1.308985701580428040e+00
-5.537726163361316421e-03
-6.783059582477114768e-02
-6.690158942880157777e-01
3.402946455619539456e+00
-5.296508161204725729e-02
-9.923226857128365497e-01
4.821000519315310484e+00
-6.134148168208110492e-03
-3.843000956427356507e-01
1.756137804608181474e+00
2.096551999295542828e+03
1.463749316826155336e+03
1.312549328609852182e+03
1.830733001708211668e+04
-4.353414407461069641e+04
-8.332889543511114425e+02
3.204731997183186832e+04
-1.086094503752085875e+05
4.522513639811220401e+02
8.353439546391713520e+03
-4.453132500373219955e+04
-1.014061953493572946e+04
-4.463941055592487828e+04
-6.541222850610762180e+03
-2.667232292087205569e+05
6.848767575875567272e+05
3.407424956255678353e+03
-4.374525778868654161e+05
1.631142009679576848e+06
-7.476685058679501708e+03
-1.146490212093384180e+05
6.751026035675304011e+05
2.286571611992788530e+04
2.308823809789786173e+05
1.496156721224043940e+04
1.196153271854601800e+06
-3.119845976289840415e+06
-3.037474971164112048e+03
1.872140431661099195e+06
-7.315455119520194829e+06
4.251283178458488692e+04
4.670258654574251268e+05
-3.057361267876016907e+06
-1.463202415239123002e+04
-3.778562849028840428e+05
-9.608572859896265072e+03
-1.709425313184551196e+06
4.320941728812957183e+06
-2.235297803899607970e+04
-2.502139889078922570e+06
1.027015619052804261e+07
-8.569122630518121878e+04
-5.702623340996794868e+05
4.402831017417121679e+06
9.789747327985583070e+01
-4.265973087748922410e+01
1.534842103790491308e+02
-1.417062076076895437e+03
2.752861414366502686e+03
1.387406469558648894e+02
-1.433658507513588120e+03
2.857741895243075760e+03
4.102510946737612585e+01
-4.236807379746389870e+02
8.503594335657172678e+02
-3.263987559033842967e+00
-9.051912020474482290e+00
-1.245289429134311554e+01
5.582110660700568161e+01
-1.053661841483124846e+02
-1.193059541102562804e+01
7.689533193738394345e+01
-1.555811171869745522e+02
-3.414877059432209983e+00
2.550525453906802298e+01
-5.447392811675624102e+01
-2.512668170795627579e-05
1.972108192294054477e-05
-1.836141542088028461e-05
2.190193809625668700e-05
8.260017389597750794e-05
7.156014966029942662e-06
-5.577447050797809696e-05
1.913621290096455111e-04
5.448182910732155626e-06
-3.222596680268329124e-05
7.970743389279307434e-05
4.331514709695348131e+01
6.386332679188080874e+02
-3.285768747216059182e+01
2.415893826937031463e+03
-5.766875169379177350e+03
-6.185459307173840671e+01
2.953967762459948062e+03
-8.986290575914970759e+03
-2.157143577976204440e+01
9.812158224673428322e+02
-3.239566489593028564e+03
-6.996561330911890697e-02
-1.624618096209081708e-01
-1.873192378911914535e-01
1.135783236319422906e+00
-2.836430211337908958e+00
-1.718375249857947984e-01
1.720114786015999764e+00
-4.535030212630642765e+00
-4.992228031498088803e-02
6.064491465672280368e-01
-1.683368386199887379e+00
9.604745240021062003e+00
-3.951958204418247078e+02
1.619908542457349654e+01
-1.580084344662096782e+03
3.596921161863862835e+03
2.709001568482141664e+01
-1.785216658559702182e+03
5.154984991781474491e+03
1.117689696345866324e+01
-5.777913419552526193e+02
1.808358554734436211e+03
-2.990238958803879618e-02
1.399212873534641188e+00
-7.355241643245635785e-02
8.338776865957027162e-01
2.240022389813297599e-01
-5.520137850298594689e-02
5.667129893231509508e-01
7.186929260676642173e-01
-1.550775632602363965e-02
1.575021078452335244e-01
2.107682987872874225e-01
1.000573218341116455e+00
-7.884412388584076739e-03
-5.904767528587762798e-02
1.395967121039559222e+00
-4.516048076663595978e+00
-5.585344995597011503e-02
1.751477346067525476e+00
-5.991098497246484911e+00
-1.794536269744585397e-02
5.965131724507549693e-01
-2.060850746628922092e+00
7.000000000000000000e+00
2.011161832688916018e+00
3.932036597667779915e+03
-1.739507566316762677e+04
3.132379261349567969e+03
3.439546922289281501e+05
-1.216275398339426843e+06
-7.070678479194160900e+04
1.383630199395205360e+06
-3.966768530236679595e+06
-6.001059534735920170e+04
8.035939076190020423e+05
-2.091640610228840727e+06
-4.010145647272154019e+04
1.122613133564355376e+05
2.356172481467409307e+04
-3.476970152748548891e+06
1.137367699902238511e+07
7.540572749455368612e+05
-1.308596082626604661e+07
3.644910421329303086e+07
5.964073617264085915e+05
-7.427503870081579313e+06
1.892670658524942026e+07
8.321310688197416312e+04
-1.912308972545944271e+05
-2.109162221116099972e+05
8.715962347451245412e+06
-2.692057636676599830e+07
-1.989424715581514407e+06
3.089327338175885379e+07
-8.388366118738511205e+07
-1.453226702195435297e+06
1.706205464515981078e+07
-4.275611498087989539e+07
8.154272517767077177e-01
2.575959491324250727e+00
1.160431432199183543e+00
-2.363467081328080699e+00
6.769528924039321716e+00
7.572721383654837934e-01
-2.724955823573365965e+00
7.115388375957391709e+00
1.766842793436258219e-01
-7.979246209696955194e-01
2.116132750739696977e+00
6.925177128449064995e-03
3.019481992468211681e-02
6.309181957154305978e-03
-1.206444611410558837e-01
2.628240292072620554e-01
3.414908570486697732e-03
-1.078536309169802893e-01
2.709009023323269427e-01
7.374297174513975029e-04
-2.749275530488485414e-02
7.332077643730647298e-02
1.009834638367186566e+00
8.993121035498735216e-04
2.839740876673809700e-01
-4.048550322125450407e+00
1.321091068341350550e+01
1.039600865176691785e-01
-7.027955630928093278e+00
2.477624925980943260e+01
3.093224068723716622e-02
-2.692018684389135164e+00
9.610544204972796933e+00
1.309141025378985912e+00
-5.537725504767838924e-03
-6.783086149653178021e-02
-6.690218807886655350e-01
3.402909568192725498e+00
-5.296495029639626539e-02
-9.923121119708544491e-01
4.821059526233357317e+00
-6.134149759485172000e-03
-3.843015229204416738e-01
1.756130773561696889e+00
2.096551999295542828e+03
1.463749316826155336e+03
1.312549328609852182e+03
1.830733001708211668e+04
-4.353414407461069641e+04
-8.332889543511114425e+02
3.204731997183186832e+04
-1.086094503752085875e+05
4.522513639811220401e+02
8.353439546391713520e+03
-4.453132500373219955e+04
-1.014539604280636377e+04
-4.464158503601987468e+04
-6.541056384636675830e+03
-2.666751260542139644e+05
6.846422605952795129e+05
3.407680469099771472e+03
-4.374434704176834784e+05
1.631097675873283995e+06
-7.478819664732386627e+03
-1.146605279596633045e+05
6.751978860964089399e+05
2.285363902258190501e+04
2.308595260763184342e+05
1.496197993469178073e+04
1.196580384476609994e+06
-3.122346070850263350e+06
-3.037373787484571494e+03
1.872202851300555514e+06
-7.315965127894852310e+06
4.247806072943416802e+04
4.669362143521493999e+05
-3.056309567200320773e+06
-1.463383700498536564e+04
-3.778731106244836701e+05
-9.608512504600381362e+03
-1.709136696539800148e+06
4.319040748430416919e+06
-2.235092804225040891e+04
-2.502112005214925390e+06
1.026972712096910551e+07
-8.574297321427598945e+04
-5.703090208867652109e+05
4.403695599927492440e+06
9.789747327985583070e+01
-4.265973087748922410e+01
1.534842103790491308e+02
-1.417062076076895437e+03
2.752861414366502686e+03
1.387406469558648894e+02
-1.433658507513588120e+03
2.857741895243075760e+03
4.102510946737612585e+01
-4.236807379746389870e+02
8.503594335657172678e+02
-3.260933456517827622e+00
-9.051652547514208891e+00
-1.245616818930528602e+01
5.587353590849833296e+01
-1.052650616952333564e+02
-1.192844214717904094e+01
7.693698171227848093e+01
-1.555757588428292308e+02
-3.415142136033536779e+00
2.548982763663930129e+01
-5.449231064065040187e+01
-2.512936242925251947e-05
1.971576289465526178e-05
-1.835703060752932224e-05
2.190461732172108077e-05
8.261530605081254905e-05
7.155488665786607523e-06
-5.577180024598443964e-05
1.913658720200140132e-04
5.448488892091150437e-06
-3.223024875534283670e-05
7.969895777474558969e-05
4.331514709695348131e+01
6.386332679188080874e+02
-3.285768747216059182e+01
2.415893826937031463e+03
-5.766875169379177350e+03
-6.185459307173840671e+01
2.953967762459948062e+03
-8.986290575914970759e+03
-2.157143577976204440e+01
9.812158224673428322e+02
-3.239566489593028564e+03
-6.993496889990681586e-02
-1.624280739229958803e-01
-1.872605995962405290e-01
1.135660624746939185e+00
-2.836690387702439864e+00
-1.719713262577140800e-01
1.719583522640866668e+00
-4.534644108312514632e+00
-4.990726870708920432e-02
6.065555442861122470e-01
-1.683433690513083558e+00
9.605648022719059043e+00
-3.949065715738765334e+02
1.619891453868228837e+01
-1.580501368126384932e+03
3.596775720702673880e+03
2.708875084754935614e+01
-1.785456389575562753e+03
5.154820066125365884e+03
1.117723049461367602e+01
-5.777537359007545774e+02
1.808327111341793852e+03
-2.990347226269652464e-02
1.398781781723094086e+00
-7.355215290224167979e-02
8.338838905616123842e-01
2.240021365751977134e-01
-5.520060068096686867e-02
5.667199510243248195e-01
7.186950282545674362e-01
-1.550784711853807341e-02
1.575014521807836243e-01
2.107682102712862549e-01
1.000957888654089301e+00
-7.884408335540923907e-03
-5.904746354744001141e-02
1.396029401724573571e+00
-4.515830290177864192e+00
-5.585362661737242052e-02
1.751408528771915218e+00
-5.991355404288460917e+00
-1.794535706689555712e-02
5.965159022356990581e-01
-2.060838870126932676e+00
7.000000000000000000e+00
1.845357719772505289e+00
3.932062103949955599e+03
-1.739496016128222618e+04
3.132378347263366777e+03
3.439534709333156352e+05
-1.216267477771054721e+06
-7.070693903187652177e+04
1.383613371753401356e+06
-3.966894414403770119e+06
-6.001064347048719355e+04
8.035873766307926271e+05
-2.091632289439589018e+06
-4.010077437428436679e+04
1.122626394332515920e+05
2.356172085256126229e+04
-3.477031388693131506e+06
1.137366401449064165e+07
7.540418350402399665e+05
-1.308608754752686247e+07
3.644798387864174694e+07
5.964129344316134229e+05
-7.427722825657132082e+06
1.892646875131063908e+07
8.321386233500704111e+04
-1.912298490453959384e+05
-2.109161565710973809e+05
8.715814689065448940e+06
-2.692085210758771375e+07
-1.989467470698401798e+06
3.089351248466313630e+07
-8.388310505036872625e+07
-1.453210093480322044e+06
1.706164088861958683e+07
-4.275693903105036914e+07
8.154829911748906479e-01
2.576126665491612400e+00
1.160362793631483092e+00
-2.363559871990513983e+00
6.769314010654583491e+00
7.572937486311356325e-01
-2.724858415044591808e+00
7.115579736532653854e+00
1.766832850801730304e-01
-7.979319572024086149e-01
2.116117673022087864e+00
6.924806031575271408e-03
3.019318949448532297e-02
6.309372909409033912e-03
-1.206288331218494242e-01
2.628412076503131578e-01
3.414863854579306812e-03
-1.078634128565741784e-01
2.708867297175606703e-01
7.374315853288420167e-04
-2.749218911570911611e-02
7.332169426123390232e-02
1.009745365437595410e+00
8.993120866604025800e-04
2.839784796692955138e-01
-4.048341123161058874e+00
1.321144305286749088e+01
1.039596031328565429e-01
-7.028468515608504497e+00
2.477473018924202464e+01
3.093227993461503469e-02
-2.691949722673480316e+00
9.610752945511510603e+00
1.309301424907408418e+00
-5.537724825636054261e-03
-6.783113417974108439e-02
-6.690280121499628807e-01
3.402871851097565514e+00
-5.296481540676370448e-02
-9.923012724901070225e-01
4.821119913975027593e+00
-6.134151397032047009e-03
-3.843029891803509956e-01
1.756123561451382598e+00
2.096551999295542828e+03
1.463749316826155336e+03
1.312549328609852182e+03
1.830733001708211668e+04
-4.353414407461069641e+04
-8.332889543511114425e+02
3.204731997183186832e+04
-1.086094503752085875e+05
4.522513639811220401e+02
8.353439546391713520e+03
-4.453132500373219955e+04
-1.015016831092780740e+04
-4.464386680306131893e+04
-6.540856670457250402e+03
-2.666264962541007553e+05
6.844139737776194233e+05
3.407921137022776747e+03
-4.374344069924760261e+05
1.631058345246389974e+06
-7.480867036453825676e+03
-1.146720151377793372e+05
6.752892544705530163e+05
2.284159909766618148e+04
2.308352377691612346e+05
1.496246562608141721e+04
1.197009434482798912e+06
-3.124777375897079706e+06
-3.037277875824631792e+03
1.872276807826927165e+06
-7.316443370197050273e+06
4.244458827289596229e+04
4.668458570622050320e+05
-3.055296016444208566e+06
-1.463564056378218629e+04
-3.778913873139678035e+05
-9.608442833113640518e+03
-1.708848775039712433e+06
4.317193942074705847e+06
-2.234897343539082431e+04
-2.502069288654792123e+06
1.026930758201053739e+07
-8.579295740019432560e+04
-5.703565368017075816e+05
4.404532559439316392e+06
9.789747327985583070e+01
-4.265973087748922410e+01
1.534842103790491308e+02
-1.417062076076895437e+03
2.752861414366502686e+03
1.387406469558648894e+02
-1.433658507513588120e+03
2.857741895243075760e+03
4.102510946737612585e+01
-4.236807379746389870e+02
8.503594335657172678e+02
-3.257777933509695689e+00
-9.051192548230712731e+00
-1.245935817938344847e+01
5.592589594428908129e+01
-1.051642545527023458e+02
-1.192626625995631073e+01
7.698025270892048866e+01
-1.555676239156881309e+02
-3.415422575562078400e+00
2.547398719978129833e+01
-5.451134864125585722e+01
-2.513351989661040007e-05
1.971028257227032705e-05
-1.835215294909861043e-05
2.190740993414487262e-05
8.263070504697041826e-05
7.154927115980534752e-06
-5.576931024451256942e-05
1.913698709563019153e-04
5.448803167177141252e-06
-3.223457369730606801e-05
7.969026939187758419e-05
4.331514709695348131e+01
6.386332679188080874e+02
-3.285768747216059182e+01
2.415893826937031463e+03
-5.766875169379177350e+03
-6.185459307173840671e+01
2.953967762459948062e+03
-8.986290575914970759e+03
-2.157143577976204440e+01
9.812158224673428322e+02
-3.239566489593028564e+03
-6.990306219672745569e-02
-1.623934615442201301e-01
-1.872048143443210411e-01
1.135538244516726802e+00
-2.836932057776236693e+00
-1.721037175897361660e-01
1.719046151038839954e+00
-4.534294453559446048e+00
-4.989234513209216820e-02
6.066623983594194858e-01
-1.683496352292636500e+00
9.606576560609928706e+00
-3.946101601791851294e+02
1.619873538481079223e+01
-1.580898993591221824e+03
3.596680334021761155e+03
2.708749163498344004e+01
-1.785722809390091470e+03
5.154571316281068903e+03
1.117756286338256722e+01
-5.777145968950026145e+02
1.808301199728506390e+03
-2.990457038806153961e-02
1.398348907006464525e+00
-7.355191151395082394e-02
8.338878369247927358e-01
2.240019798321409572e-01
-5.519981303229252317e-02
5.667276511826472296e-01
7.186975094123466690e-01
-1.550793822433545362e-02
1.575007625993975202e-01
2.107681026031802962e-01
1.001305839930797914e+00
-7.884404888307569234e-03
-5.904714529419924363e-02
1.396107005252899880e+00
-4.515571610986384599e+00
-5.585386434672098138e-02
1.751324558483907445e+00
-5.991656969396187193e+00
-1.794534731129589222e-02
5.965197470097833854e-01
-2.060823700241610101e+00
7.000000000000000000e+00
1.693966467085223249e+00
3.932090235436641251e+03
-1.739483151006138723e+04
3.132377183418328514e+03
3.439515960054631578e+05
-1.216260652546862606e+06
-7.070701270088026649e+04
1.383601124312189640e+06
-3.967021183910615277e+06
-6.001077176467563550e+04
8.035785138352295617e+05
-2.091625101400024025e+06
-4.010003403024074214e+04
1.122640953604284441e+05
2.356171684545668177e+04
-3.477100324962873012e+06
1.137363760624210350e+07
7.540256761880720733e+05
-1.308621354209928587e+07
3.644677156146377325e+07
5.964181551013954449e+05
-7.427965784708957188e+06
1.892621854896014929e+07
8.321467077553088893e+04
-1.912287110689911642e+05
-2.109160292148154986e+05
8.715667328174304217e+06
-2.692113439580524713e+07
-1.989516166793338256e+06
3.089362960444509611e+07
-8.388274734878584743e+07
-1.453191846924143378e+06
1.706122466015996411e+07
-4.275776940924411267e+07
8.155355946116589205e-01
2.576290749107161382e+00
1.160299941760828402e+00
-2.363650136152752435e+00
6.769100520860392933e+00
7.573131889598614386e-01
-2.724763825284517438e+00
7.115770100491906724e+00
1.766823984646721801e-01
-7.979390859612066622e-01
2.116102641898900849e+00
6.924421445287001764e-03
3.019150285045775137e-02
6.309569031710698418e-03
-1.206128316651837312e-01
2.628587486022015973e-01
3.414817977831298684e-03
-1.078734165703336412e-01
2.708722799628272560e-01
7.374335031680456527e-04
-2.749160945514536256e-02
7.332263117106997685e-02
1.009651009374766817e+00
8.993120688216442232e-04
2.839831114913524690e-01
-4.048120733463210108e+00
1.321200336782666085e+01
1.039590919282072923e-01
-7.029010446425925984e+00
2.477312646432445575e+01
3.093232155314232582e-02
-2.691876638527278764e+00
9.610974014717850622e+00
1.309467054451666002e+00
-5.537724125444736141e-03
-6.783141374971590754e-02
-6.690342836284324246e-01
3.402833344098163515e+00
-5.296467698345909414e-02
-9.922901735434255244e-01
4.821181630962537490e+00
-6.134153081012843831e-03
-3.843044942677853459e-01
1.756116170720662062e+00
2.096551999295542828e+03
1.463749316826155336e+03
1.312549328609852182e+03
1.830733001708211668e+04
-4.353414407461069641e+04
-8.332889543511114425e+02
3.204731997183186832e+04
-1.086094503752085875e+05
4.522513639811220401e+02
8.353439546391713520e+03
-4.453132500373219955e+04
-1.015490807076707461e+04
-4.464623816809081472e+04
-6.540624868728936235e+03
-2.665777626818186836e+05
6.841931325969697209e+05
3.408145536036427529e+03
-4.374253056246379274e+05
1.631022436538706999e+06
-7.482815492901261678e+03
-1.146834297299769969e+05
6.753766397248816211e+05
2.282966941200801739e+04
2.308097170709563361e+05
1.496302036483880693e+04
1.197436275312481215e+06
-3.127126383072295692e+06
-3.037187751205035966e+03
1.872363902471623383e+06
-7.316907251332678832e+06
4.241259414827410365e+04
4.667551471491517732e+05
-3.054321352841261309e+06
-1.463742364729224028e+04
-3.779109495804480393e+05
-9.608364574122817430e+03
-1.708564653245334281e+06
4.315411821242527105e+06
-2.234712374204901425e+04
-2.502010172664388549e+06
1.026888349552273378e+07
-8.584092594396487402e+04
-5.704047288915652316e+05
4.405341316692529246e+06
9.789747327985583070e+01
-4.265973087748922410e+01
1.534842103790491308e+02
-1.417062076076895437e+03
2.752861414366502686e+03
1.387406469558648894e+02
-1.433658507513588120e+03
2.857741895243075760e+03
4.102510946737612585e+01
-4.236807379746389870e+02
8.503594335657172678e+02
-3.254494851362635721e+00
-9.050486373865581413e+00
-1.246251063406899995e+01
5.597820274534066698e+01
-1.050636441598404076e+02
-1.192406770696132945e+01
7.702460711041032937e+01
-1.555574589993930203e+02
-3.415717927921727792e+00
2.545780062605861715e+01
-5.453094509447253557e+01
-2.513922230477662865e-05
1.970463394783213934e-05
-1.834674951608122927e-05
2.191033152753577270e-05
8.264642835714796460e-05
7.154327931633104658e-06
-5.576708741731562446e-05
1.913738420263132298e-04
5.449126227618211665e-06
-3.223891657055989339e-05
7.968141294066438121e-05
4.331514709695348131e+01
6.386332679188080874e+02
-3.285768747216059182e+01
2.415893826937031463e+03
-5.766875169379177350e+03
-6.185459307173840671e+01
2.953967762459948062e+03
-8.986290575914970759e+03
-2.157143577976204440e+01
9.812158224673428322e+02
-3.239566489593028564e+03
-6.986954188144327282e-02
-1.623577480456130095e-01
-1.871534219420296907e-01
1.135412590720026094e+00
-2.837153176433249602e+00
-1.722336045624573153e-01
1.718507833699866039e+00
-4.533988905688886462e+00
-4.987759549139586523e-02
6.067691629480914672e-01
-1.683555358926434042e+00
9.607536375055008904e+00
-3.943051876643342553e+02
1.619854200343870332e+01
-1.581278477038788878e+03
3.596641302397149957e+03
2.708625059982487926e+01
-1.786016817714471699e+03
5.154223376889746760e+03
1.117789207051799671e+01
-5.776738714260445704e+02
1.808282395301386487e+03
-2.990568838695396164e-02
1.397913465398636035e+00
-7.355168201275913420e-02
8.338893706795449390e-01
2.240017617734485489e-01
-5.519902121464141664e-02
5.667361355590555538e-01
7.187004233427796152e-01
-1.550802915806615175e-02
1.575000379894276881e-01
2.107679726559158750e-01
1.001612653232766048e+00
-7.884402121285011972e-03
-5.904670713310290059e-02
1.396201929457474122e+00
-4.515266625027500424e+00
-5.585417137594347187e-02
1.751223256791813787e+00
-5.992009787611849880e+00
-1.794533282206376562e-02
5.965248892454394491e-01
-2.060804673330835612e+00
7.000000000000000000e+00
1.556549275648136499e+00
