3.931897989719669567e+03
-1.739575870681280503e+04
3.132375545898834844e+03
3.439658609236137709e+05
-1.216256581998199690e+06
-7.069800600428853068e+04
1.383907177859704942e+06
-3.966276189097944647e+06
-6.001752423652596190e+04
8.035151181825734675e+05
-2.091710365941657918e+06
-4.010547653771656769e+04
1.122530169706700981e+05
2.356169606583616769e+04
-3.476180699403351173e+06
1.137593670849481970e+07
7.543131127166453516e+05
-1.308476044625267945e+07
3.644458485392813385e+07
5.962266124722879613e+05
-7.427790114356440492e+06
1.892897751404034346e+07
8.320835471266537206e+04
-1.912377264145924128e+05
-2.109162454782992136e+05
8.717975083525680006e+06
-2.691494242066955194e+07
-1.988980652736272197e+06
3.088802996015456319e+07
-8.390870279256162047e+07
-1.453503195344649721e+06
1.706352899082216620e+07
-4.274865973112091422e+07
8.149838730507784623e-01
2.574755351745465770e+00
1.161019803549678597e+00
-2.362777178555153679e+00
6.771038707057573269e+00
7.570782938606833712e-01
-2.725689689043247377e+00
7.114038039714996486e+00
1.766934149293478973e-01
-7.978690983168182926e-01
2.116239150200515340e+00
6.927402739328343377e-03
3.020474290328910988e-02
6.308024337706170936e-03
-1.207413066113113831e-01
2.627159890578132373e-01
3.415177364719879441e-03
-1.077933861118837433e-01
2.709896696689174656e-01
7.374185938559282925e-04
-2.749621038376280982e-02
7.331507891357019746e-02
1.010344404799476958e+00
8.993122007234547691e-04
2.839491168044590008e-01
-4.049752962958004687e+00
1.320782817266536568e+01
1.039627848680542560e-01
-7.025059158961947325e+00
2.478489237013047486e+01
3.093202475605891927e-02
-2.692402389685166320e+00
9.609374464684982797e+00
1.308161560703610560e+00
-5.537729694807678321e-03
-6.782917938621006726e-02
-6.689834970767116751e-01
3.403147966134083102e+00
-5.296577374411866324e-02
-9.923793203111361816e-01
4.820681208409586915e+00
-6.134139870393713091e-03
-3.842925330869636502e-01
1.756175442198598446e+00
2.096551999295542828e+03
1.463749316826155336e+03
1.312549328609852182e+03
1.830733001708211668e+04
-4.353414407461069641e+04
-8.332889543511114425e+02
3.204731997183186832e+04
-1.086094503752085875e+05
4.522513639811220401e+02
8.353439546391713520e+03
-4.453132500373219955e+04
-1.011405647262115599e+04
-4.463101109458185238e+04
-6.541308761668721672e+03
-2.669592341930750408e+05
6.863283229317984078e+05
3.405637218767968534e+03
-4.375077208209015080e+05
1.631817130734469742e+06
-7.462648563007645862e+03
-1.145852517715331924e+05
6.744024689098675735e+05
2.293365827343649653e+04
2.309600081497950596e+05
1.496108397418369532e+04
1.194018134231814183e+06
-3.104223969305276405e+06
-3.038166617199258781e+03
1.872032284909359179e+06
-7.309145012085539289e+06
4.273822871475410648e+04
4.675020186166010099e+05
-3.064853498512499034e+06
-1.462171522218356949e+04
-3.778128579387104255e+05
-9.608682631509725979e+03
-1.710892525721405633e+06
4.332924601416520774e+06
-2.236668326226652789e+04
-2.501971638637746684e+06
1.027449590225954168e+07
-8.536030079034245864e+04
-5.700253441737515386e+05
4.396844346849776804e+06
9.789747327985583070e+01
-4.265973087748922410e+01
1.534842103790491308e+02
-1.417062076076895437e+03
2.752861414366502686e+03
1.387406469558648894e+02
-1.433658507513588120e+03
2.857741895243075760e+03
4.102510946737612585e+01
-4.236807379746389870e+02
8.503594335657172678e+02
-3.282701958759533856e+00
-9.051384468245865733e+00
-1.241544974225804232e+01
5.547164477097869906e+01
-1.060510993896633494e+02
-1.195304455369065799e+01
7.680704618365417957e+01
-1.553317294809839382e+02
-3.412926159239326296e+00
2.557237756995253619e+01
-5.440803670774046452e+01
-2.515642981879956500e-05
1.975025694220132650e-05
-1.837067146929591507e-05
2.188631704131197269e-05
8.250240316860032888e-05
7.157371250566708209e-06
-5.578000011227068460e-05
1.914208288407217846e-04
5.447166261464216858e-06
-3.220610095021981872e-05
7.974016714984341050e-05
4.331514709695348131e+01
6.386332679188080874e+02
-3.285768747216059182e+01
2.415893826937031463e+03
-5.766875169379177350e+03
-6.185459307173840671e+01
2.953967762459948062e+03
-8.986290575914970759e+03
-2.157143577976204440e+01
9.812158224673428322e+02
-3.239566489593028564e+03
-7.020209449091723009e-02
-1.626979845068708408e-01
-1.872514685185499017e-01
1.138313650449944925e+00
-2.833419630443004600e+00
-1.713795568684061688e-01
1.719754933811952657e+00
-4.539717148261272150e+00
-4.998343735754870454e-02
6.062072055948308780e-01
-1.682769616644546051e+00
9.598807238347900395e+00
-3.970543859555743325e+02
1.620212618951781280e+01
-1.574828698671703705e+03
3.600341084383109319e+03
2.709242965907546719e+01
-1.786482357315139097e+03
5.152919378666510966e+03
1.117571013003389524e+01
-5.777999423177481049e+02
1.808730762932043035e+03
-2.989487384493607139e-02
1.402210644858373767e+00
-7.356049468633846233e-02
8.337006542278661003e-01
2.240008282397391026e-01
-5.520287000117722609e-02
5.667186343606578358e-01
7.186931973380502603e-01
-1.550743735432574301e-02
1.575032277927718716e-01
2.107681571517622809e-01
9.974408278363099400e-01
-7.884449714907202852e-03
-5.904690119559103528e-02
1.395871239676408804e+00
-4.516631601676276198e+00
-5.585343136869692221e-02
1.751658003934360330e+00
-5.990208965347804337e+00
-1.794533652216119546e-02
5.965097794825992006e-01
-2.060887936797180409e+00
8.000000000000000000e+00
7.999999999998496314e+00
3.931901160413388425e+03
-1.739574685319242417e+04
3.132373712853637699e+03
3.439613899826009292e+05
-1.216268913942329120e+06
-7.069712019126898667e+04
1.383979717889243970e+06
-3.966138196936690249e+06
-6.001815065329344361e+04
8.034899487088960595e+05
-2.091751336914664600e+06
-4.010542040078910941e+04
1.122530987214786583e+05
2.356167840783544671e+04
-3.476258915196046699e+06
1.137574252769118920e+07
7.543307891604516190e+05
-1.308358602685543522e+07
3.644682928250085562e+07
5.962152536165288184e+05
-7.428204531535376795e+06
1.892828957660463825e+07
8.320839093889258220e+04
-1.912376924986119557e+05
-2.109164582240012824e+05
8.717899407728401944e+06
-2.691512754925589636e+07
-1.988961016389408149e+06
3.088914874891900271e+07
-8.390644620850476623e+07
-1.453514955145168118e+06
1.706311600589449331e+07
-4.274938355448705703e+07
8.150263322580745262e-01
2.574852502789308328e+00
1.160939894432561070e+00
-2.362853584704849297e+00
6.770892548395284649e+00
7.571100320504866588e-01
-2.725594081802376500e+00
7.114190672599012721e+00
1.766917896596174320e-01
-7.978768477678260806e-01
2.116226301131834298e+00
6.927192732701243846e-03
3.020384881302744934e-02
6.308185141254785654e-03
-1.207280254405561776e-01
2.627303185705303634e-01
3.415133649235699807e-03
-1.078032684423672477e-01
2.709753472079102221e-01
7.374204924183483086e-04
-2.749560752605914940e-02
7.331606776325681751e-02
1.010311817028770154e+00
8.993121950282601277e-04
2.839514649849529948e-01
-4.049646974513022357e+00
1.320808092054617155e+01
1.039624965853874344e-01
-7.025353004370696652e+00
2.478406755628097002e+01
3.093204822034719206e-02
-2.692362464738986549e+00
9.609489823545983356e+00
1.308254799876077179e+00
-5.537729319150797719e-03
-6.782941118889292131e-02
-6.689885993731372604e-01
3.403117777594212079e+00
-5.296564246567870421e-02
-9.923688255629741217e-01
4.820738171710088338e+00
-6.134141512963551916e-03
-3.842940103866768764e-01
1.756168303982015955e+00
2.096551999295542828e+03
1.463749316826155336e+03
1.312549328609852182e+03
1.830733001708211668e+04
-4.353414407461069641e+04
-8.332889543511114425e+02
3.204731997183186832e+04
-1.086094503752085875e+05
4.522513639811220401e+02
8.353439546391713520e+03
-4.453132500373219955e+04
-1.011138696703823553e+04
-4.462307012326203403e+04
-6.542008434540716735e+03
-2.670998510330031859e+05
6.862999676806791686e+05
3.405734433886681927e+03
-4.374465318349399022e+05
1.631057786340867402e+06
-7.462748868784341539e+03
-1.145714546122184256e+05
6.746628501413519261e+05
2.294056672466862074e+04
2.310670537621600088e+05
1.495924227778714157e+04
1.192602598939825315e+06
-3.104516355970347766e+06
-3.038127705863728806e+03
1.872594947229630314e+06
-7.316811206558679231e+06
4.273657855947665666e+04
4.676176730673396378e+05
-3.062147380472295918e+06
-1.462065409363138315e+04
-3.777046109697973006e+05
-9.608969595220747578e+03
-1.711990395196497906e+06
4.332709238281536847e+06
-2.236588702567737346e+04
-2.501592886304305401e+06
1.026877186325492896e+07
-8.536277889217116171e+04
-5.699603280699502211e+05
4.398948646757276729e+06
9.789747327985583070e+01
-4.265973087748922410e+01
1.534842103790491308e+02
-1.417062076076895437e+03
2.752861414366502686e+03
1.387406469558648894e+02
-1.433658507513588120e+03
2.857741895243075760e+03
4.102510946737612585e+01
-4.236807379746389870e+02
8.503594335657172678e+02
-3.284064140164658419e+00
-9.052757378602738214e+00
-1.240526080722669278e+01
5.548498940958657499e+01
-1.060667927797409646e+02
-1.195558627780468797e+01
7.684036844071161454e+01
-1.552479186350423959e+02
-3.413174604171252735e+00
2.556337798681970241e+01
-5.442333493829855939e+01
-2.517433770714013841e-05
1.974873558525441157e-05
-1.836535500294477673e-05
2.188694842448214888e-05
8.250101837674514145e-05
7.157082703640217240e-06
-5.577759616155810596e-05
1.914442197908612436e-04
5.447088598076850714e-06
-3.220867625197423948e-05
7.973383831239922500e-05
4.331514709695348131e+01
6.386332679188080874e+02
-3.285768747216059182e+01
2.415893826937031463e+03
-5.766875169379177350e+03
-6.185459307173840671e+01
2.953967762459948062e+03
-8.986290575914970759e+03
-2.157143577976204440e+01
9.812158224673428322e+02
-3.239566489593028564e+03
-7.021163707010899535e-02
-1.627044118414378293e-01
-1.872163305476425010e-01
1.138379657136832535e+00
-2.833642283510358961e+00
-1.713867941342127055e-01
1.720064914397093636e+00
-4.538479380286939424e+00
-4.998436451834110950e-02
6.061217656165215351e-01
-1.683014974210104375e+00
9.598639561288591082e+00
-3.970934367249050183e+02
1.620238616980594060e+01
-1.574637687472442849e+03
3.600141608828549124e+03
2.709219171812757665e+01
-1.786289170305417883e+03
5.154087362522568583e+03
1.117568308169432179e+01
-5.778575482390930347e+02
1.808510416950936360e+03
-2.989465752755891478e-02
1.402276766670189856e+00
-7.356122259956346388e-02
8.336926549336863834e-01
2.240009092690752046e-01
-5.520272317749811558e-02
5.667166064311905949e-01
7.186904495183389363e-01
-1.550743209026755193e-02
1.575037444534790054e-01
2.107685279300301195e-01
9.974671224138770276e-01
-7.884448949038716167e-03
-5.904708228245781482e-02
1.395836896839264707e+00
-4.516740980338152411e+00
-5.585320642736907315e-02
1.751725001929066883e+00
-5.989984832016803651e+00
-1.794536493648122427e-02
5.965008075859931092e-01
-2.060917492304261689e+00
8.000000000000000000e+00
5.064667963479283941e+00
3.931906111626660277e+03
-1.739573474086636270e+04
3.132370989110142091e+03
3.439566051693632617e+05
-1.216279189294545678e+06
-7.069580638864812499e+04
1.384066669946558308e+06
-3.965987295330412686e+06
-6.001911627538977336e+04
8.034554456219987478e+05
-2.091806767152554356e+06
-4.010540601230601169e+04
1.122530406537444360e+05
2.356167572480747185e+04
-3.476222003516136203e+06
1.137586171349832416e+07
7.543354268205453409e+05
-1.308363456042045914e+07
3.644693051032141596e+07
5.962093857852183282e+05
-7.428384341971107759e+06
1.892786693780480698e+07
8.320830043295398355e+04
-1.912378483052066877e+05
-2.109158954093393113e+05
8.718169475872930139e+06
-2.691455914248873666e+07
-1.989001632765435148e+06
3.088674228124907613e+07
-8.390969580368043482e+07
-1.453500993294032058e+06
1.706349369219668955e+07
-4.274917889110292494e+07
8.151779214777996607e-01
2.575199978662493727e+00
1.160654216104450853e+00
-2.363127205021804400e+00
6.770368332744311601e+00
7.572236417526541086e-01
-2.725251298670321454e+00
7.114738695083496545e+00
1.766859649076006622e-01
-7.979046624245008656e-01
2.116180121300338612e+00
6.926433804974803030e-03
3.020061862656777882e-02
6.308766155266645401e-03
-1.206800497474782574e-01
2.627820714178387140e-01
3.414975719168712644e-03
-1.078389626073584379e-01
2.709236238176221390e-01
7.374273505530555767e-04
-2.749343022800945432e-02
7.331963866026755539e-02
1.010193865578305816e+00
8.993121744422334293e-04
2.839599552007277539e-01
-4.049264274979818445e+00
1.320899231848245670e+01
1.039614553378223061e-01
-7.026412905314351143e+00
2.478109639518194740e+01
3.093213288428115978e-02
-2.692218602371277303e+00
9.609904952189557648e+00
1.308591966957224351e+00
-5.537727961203226489e-03
-6.783024921953610675e-02
-6.690070395063865138e-01
3.403008704228275949e+00
-5.296516795949098022e-02
-9.923309037336477401e-01
4.820943951270069583e+00
-6.134147448913811890e-03
-3.842993476104215045e-01
1.756142520745060720e+00
2.096551999295542828e+03
1.463749316826155336e+03
1.312549328609852182e+03
1.830733001708211668e+04
-4.353414407461069641e+04
-8.332889543511114425e+02
3.204731997183186832e+04
-1.086094503752085875e+05
4.522513639811220401e+02
8.353439546391713520e+03
-4.453132500373219955e+04
-1.011138893921959607e+04
-4.461866840387465345e+04
-6.541739134847962305e+03
-2.671356152738575474e+05
6.861032662395812804e+05
3.405614333206344327e+03
-4.375818242196337087e+05
1.631301693733420223e+06
-7.462026496449953811e+03
-1.145507568343332678e+05
6.747336604796263855e+05
2.294072046427157329e+04
2.311287751308259903e+05
1.495990330819950577e+04
1.192202234731009696e+06
-3.106564242512006778e+06
-3.038174482690350487e+03
1.871400625598301413e+06
-7.314357393607916310e+06
4.274834389481620747e+04
4.677901521751986002e+05
-3.061390816312272102e+06
-1.462060722130492650e+04
-3.776399059529926162e+05
-9.608873680587339550e+03
-1.712330432906928938e+06
4.331186555603024550e+06
-2.236681920301690479e+04
-2.502366256825026590e+06
1.027059224761607870e+07
-8.534526945705898106e+04
-5.698638728560553864e+05
4.399553285808307119e+06
9.789747327985583070e+01
-4.265973087748922410e+01
1.534842103790491308e+02
-1.417062076076895437e+03
2.752861414366502686e+03
1.387406469558648894e+02
-1.433658507513588120e+03
2.857741895243075760e+03
4.102510946737612585e+01
-4.236807379746389870e+02
8.503594335657172678e+02
-3.286151404409755727e+00
-9.055595493177722943e+00
-1.239352608206679385e+01
5.551269756600401450e+01
-1.060692880322307445e+02
-1.195378396813407562e+01
7.690287687258040705e+01
-1.551380162792059139e+02
-3.414112723766777879e+00
2.554651017919896105e+01
-5.444687404452244550e+01
-2.519482404053704231e-05
1.974632146229412825e-05
-1.836157290814342393e-05
2.188766567621791627e-05
8.250106163230612618e-05
7.157323674253638268e-06
-5.577110613850338702e-05
1.914734905059345632e-04
5.446588918263875653e-06
-3.221372095161027864e-05
7.972473774573179842e-05
4.331514709695348131e+01
6.386332679188080874e+02
-3.285768747216059182e+01
2.415893826937031463e+03
-5.766875169379177350e+03
-6.185459307173840671e+01
2.953967762459948062e+03
-8.986290575914970759e+03
-2.157143577976204440e+01
9.812158224673428322e+02
-3.239566489593028564e+03
-7.022788035023784514e-02
-1.627186540091165867e-01
-1.871683023952755154e-01
1.138535865243940348e+00
-2.833814110928237984e+00
-1.713831703696173936e-01
1.720675539632043893e+00
-4.536559146557992861e+00
-4.998760654517962754e-02
6.059504180743244817e-01
-1.683441695714285924e+00
9.598273876235053237e+00
-3.972037814686083834e+02
1.620293768429725034e+01
-1.573898233427136347e+03
3.600442412797995530e+03
2.709170830046285161e+01
-1.786241358576530047e+03
5.155282137663919457e+03
1.117562428516923134e+01
-5.779451650937422755e+02
1.808185458979952728e+03
-2.989415846444334196e-02
1.402472413469012524e+00
-7.356290365024331646e-02
8.336604391273295667e-01
2.240006798092307461e-01
-5.520236069689730268e-02
5.667181631599437219e-01
7.186881543971460617e-01
-1.550742451807121669e-02
1.575044392514113600e-01
2.107690448659272076e-01
9.975209995830246479e-01
-7.884447709562081991e-03
-5.904746773898283951e-02
1.395774065491232285e+00
-4.516928502491334818e+00
-5.585272981081151888e-02
1.751852551583247042e+00
-5.989581049706913518e+00
-1.794542444847999768e-02
5.964834696133067826e-01
-2.060972073077795397e+00
8.000000000000000000e+00
4.429812444875133259e+00
3.931912645007575065e+03
-1.739571942286535705e+04
3.132367469136259388e+03
3.439507955032949103e+05
-1.216290238390343497e+06
-7.069415405842453765e+04
1.384168959727082634e+06
-3.965823582406528760e+06
-6.002029861628606886e+04
8.034155937946180347e+05
-2.091867634576253127e+06
-4.010537281404884561e+04
1.122529820066066604e+05
2.356166846024354891e+04
-3.476183591107824817e+06
1.137601831838608906e+07
7.543439081239785301e+05
-1.308366340081734769e+07
3.644686075448430330e+07
5.962011503956443630e+05
-7.428595723759981804e+06
1.892742188047261536e+07
8.320820929418754531e+04
-1.912380255500841304e+05
-2.109153088695118786e+05
8.718478696737278253e+06
-2.691387590919316560e+07
-1.989044182844854658e+06
3.088398750044587627e+07
-8.391364156572183967e+07
-1.453486803916690638e+06
1.706391905339432135e+07
-4.274891527210137248e+07
8.153514294253789707e-01
2.575599199250413029e+00
1.160326509853949917e+00
-2.363442242837165086e+00
6.769762726665612185e+00
7.573542630238612183e-01
-2.724855770689122103e+00
7.115373100691350317e+00
1.766792525167794614e-01
-7.979368265431994178e-01
2.116126554482454569e+00
6.925552351098306428e-03
3.019686820846536127e-02
6.309440884262426663e-03
-1.206243524356405694e-01
2.628421405281111123e-01
3.414792334649509754e-03
-1.078803990429346854e-01
2.708635905249157094e-01
7.374353134248642309e-04
-2.749090276071350369e-02
7.332378323696583933e-02
1.010056225354888593e+00
8.993121504721048130e-04
2.839698470854204460e-01
-4.048819383980062803e+00
1.321004948072670437e+01
1.039602441200197375e-01
-7.027643040622279180e+00
2.477765572398075378e+01
3.093223120950542790e-02
-2.692051907578698611e+00
9.610384888461842579e+00
1.308984026957225710e+00
-5.537726382910763620e-03
-6.783122342638824021e-02
-6.690284667680906905e-01
3.402882008320276430e+00
-5.296461648114736409e-02
-9.922868480702037308e-01
4.821182936068218794e+00
-6.134154346271920161e-03
-3.843055469932041834e-01
1.756112581551038776e+00
2.096551999295542828e+03
1.463749316826155336e+03
1.312549328609852182e+03
1.830733001708211668e+04
-4.353414407461069641e+04
-8.332889543511114425e+02
3.204731997183186832e+04
-1.086094503752085875e+05
4.522513639811220401e+02
8.353439546391713520e+03
-4.453132500373219955e+04
-1.011203210900450904e+04
-4.461531430788301805e+04
-6.541236902685283894e+03
-2.671420806363934535e+05
6.858724061664433684e+05
3.405443331423467498e+03
-4.377635843243744457e+05
1.631805308452595025e+06
-7.461123862750071567e+03
-1.145294204756262043e+05
6.747457647467047209e+05
2.293921845919913903e+04
2.311764301860061823e+05
1.496117734526693494e+04
1.192097085396203678e+06
-3.108962510511407163e+06
-3.038241672848974304e+03
1.869774656855251407e+06
-7.309297959743295796e+06
4.276309489450399269e+04
4.679683276999909431e+05
-3.061240316433743108e+06
-1.462081414974006293e+04
-3.775893725144490600e+05
-9.608682261719262897e+03
-1.712441259036247386e+06
4.329406891757279634e+06
-2.236816992899710385e+04
-2.503433249590207823e+06
1.027434585139120184e+07
-8.532324489988350251e+04
-5.697640280063037062e+05
4.399689769184189849e+06
9.789747327985583070e+01
-4.265973087748922410e+01
1.534842103790491308e+02
-1.417062076076895437e+03
2.752861414366502686e+03
1.387406469558648894e+02
-1.433658507513588120e+03
2.857741895243075760e+03
4.102510946737612585e+01
-4.236807379746389870e+02
8.503594335657172678e+02
-3.288157482514757479e+00
-9.058639071361655581e+00
-1.238363263748737708e+01
5.554411430788457693e+01
-1.060601701714446392e+02
-1.195013362257050460e+01
7.696155198777185547e+01
-1.550485315854475346e+02
-3.415188758232992949e+00
2.553001186471803408e+01
-5.446814592109451780e+01
-2.521233200918955534e-05
1.974393594525309029e-05
-1.835943488804983546e-05
2.188829167449024595e-05
8.250202641177404401e-05
7.157794422166789879e-06
-5.576404060949348001e-05
1.914983068850666906e-04
5.445976903086779162e-06
-3.221887568653911197e-05
7.971643034417338978e-05
4.331514709695348131e+01
6.386332679188080874e+02
-3.285768747216059182e+01
2.415893826937031463e+03
-5.766875169379177350e+03
-6.185459307173840671e+01
2.953967762459948062e+03
-8.986290575914970759e+03
-2.157143577976204440e+01
9.812158224673428322e+02
-3.239566489593028564e+03
-7.024323709367773227e-02
-1.627337741121657466e-01
-1.871279044592166207e-01
1.138715218459189771e+00
-2.833850736880164423e+00
-1.713732672102354915e-01
1.721250806281064749e+00
-4.534932828720582343e+00
-4.999131262570134099e-02
6.057834209248874613e-01
-1.683831478168400952e+00
9.597891140244195540e+00
-3.973290277673424953e+02
1.620351124483310201e+01
-1.572990863834019365e+03
3.601062088817363474e+03
2.709120024582553654e+01
-1.786359397574032982e+03
5.155939180011021563e+03
1.117556739122602671e+01
-5.780182734510531191e+02
1.807917848813278852e+03
-2.989362993604817442e-02
1.402695211330808434e+00
-7.356468216558852136e-02
8.336212945754100101e-01
2.240002811548547357e-01
-5.520196806230300707e-02
5.667221662733270549e-01
7.186872780213758860e-01
-1.550741842844307120e-02
1.575049790779569359e-01
2.107694578153921361e-01
9.975688615111178992e-01
-7.884446695088151782e-03
-5.904784059349166281e-02
1.395716922902596302e+00
-4.517093937087626188e+00
-5.585226240546595916e-02
1.751972095059508794e+00
-5.989212545870533866e+00
-1.794548287237342568e-02
5.964670375821243820e-01
-2.061022663618422346e+00
8.000000000000000000e+00
3.940116851526657804e+00
3.931920308226865473e+03
-1.739570237998195444e+04
3.132363399791065603e+03
3.439444876057864167e+05
-1.216300790707894368e+06
-7.069227638655201008e+04
1.384278386186386459e+06
-3.965661128092123661e+06
-6.002162096721419221e+04
8.033731743366050068e+05
-2.091929734287724365e+06
-4.010532492059867945e+04
1.122529211104624410e+05
2.356165754822341842e+04
-3.476142964852413163e+06
1.137620886788006127e+07
7.543555187258399092e+05
-1.308368348272120394e+07
3.644662939654739946e+07
5.961909548732979456e+05
-7.428831933056653477e+06
1.892696207528503239e+07
8.320812017544091213e+04
-1.912382168839641672e+05
-2.109147240474015998e+05
8.718810974675828591e+06
-2.691312025515298918e+07
-1.989086149642605102e+06
3.088107581585960835e+07
-8.391792238484038413e+07
-1.453473685586747248e+06
1.706434116763463244e+07
-4.274866880055998266e+07
8.155341732432008772e-01
2.576021762027954853e+00
1.159980383038771823e+00
-2.363776610549619850e+00
6.769117125639488641e+00
7.574926334355875923e-01
-2.724434801966097996e+00
7.116051172643155454e+00
1.766721206743604167e-01
-7.979711549324444153e-01
2.116069152890588168e+00
6.924608345409906038e-03
3.019285273803380340e-02
6.310163458779803787e-03
-1.205647189883169296e-01
2.629064461399600039e-01
3.414595950144410936e-03
-1.079247649705625117e-01
2.707993188275161778e-01
7.374438408475714277e-04
-2.748819646274802339e-02
7.332822083333243035e-02
1.009907770972849228e+00
8.993121246854022871e-04
2.839804962931256060e-01
-4.048341701910611157e+00
1.321118153915520210e+01
1.039589426524767934e-01
-7.028961253678043697e+00
2.477397865905442131e+01
3.093233665599948862e-02
-2.691873632182760545e+00
9.610896768636493448e+00
1.309404764929837262e+00
-5.537724689949884496e-03
-6.783226863664623685e-02
-6.690514460372360972e-01
3.402746182019066978e+00
-5.296402493639061626e-02
-9.922396096946857202e-01
4.821439108071929880e+00
-6.134161743363599796e-03
-3.843121932585704670e-01
1.756080492754136468e+00
2.096551999295542828e+03
1.463749316826155336e+03
1.312549328609852182e+03
1.830733001708211668e+04
-4.353414407461069641e+04
-8.332889543511114425e+02
3.204731997183186832e+04
-1.086094503752085875e+05
4.522513639811220401e+02
8.353439546391713520e+03
-4.453132500373219955e+04
-1.011244026297324126e+04
-4.461123137131669500e+04
-6.540774771447405328e+03
-2.671572303459105897e+05
6.856333980687559815e+05
3.405273563825508518e+03
-4.379490587541364948e+05
1.632293042806088459e+06
-7.460201397330725740e+03
-1.145069070825620001e+05
6.747649056327514118e+05
2.293829459481434606e+04
2.312334770422224537e+05
1.496235606338844445e+04
1.191913250482026720e+06
-3.111439271511796396e+06
-3.038308698655958779e+03
1.868099135629360331e+06
-7.304412626529511064e+06
4.277822226187005435e+04
4.681569768848341773e+05
-3.061016808211560361e+06
-1.462093668077781149e+04
-3.775297574582198285e+05
-9.608504174115450951e+03
-1.712606691844427492e+06
4.327573136303851381e+06
-2.236952372483646468e+04
-2.504543459855237044e+06
1.027796023351045698e+07
-8.530058283062739065e+04
-5.696579766023416305e+05
4.399882825565303676e+06
9.789747327985583070e+01
-4.265973087748922410e+01
1.534842103790491308e+02
-1.417062076076895437e+03
2.752861414366502686e+03
1.387406469558648894e+02
-1.433658507513588120e+03
2.857741895243075760e+03
4.102510946737612585e+01
-4.236807379746389870e+02
8.503594335657172678e+02
-3.290114829742517788e+00
-9.061813777764484712e+00
-1.237493883209136847e+01
5.557798513297284870e+01
-1.060430154255090542e+02
-1.194531654482122462e+01
7.701670182075989146e+01
-1.549746974351240851e+02
-3.416343697276188252e+00
2.551402110238731069e+01
-5.448745275771275232e+01
-2.522857370336002559e-05
1.974153228990372944e-05
-1.835812861474024610e-05
2.188888533921616540e-05
8.250359153379933940e-05
7.158387978953884621e-06
-5.575675374385659507e-05
1.915200487194686815e-04
5.445305385543036775e-06
-3.222403692583191440e-05
7.970872162735837658e-05
4.331514709695348131e+01
6.386332679188080874e+02
-3.285768747216059182e+01
2.415893826937031463e+03
-5.766875169379177350e+03
-6.185459307173840671e+01
2.953967762459948062e+03
-8.986290575914970759e+03
-2.157143577976204440e+01
9.812158224673428322e+02
-3.239566489593028564e+03
-7.025675288219214443e-02
-1.627482947338247943e-01
-1.870998173137379261e-01
1.138865995399120035e+00
-2.833834524710778346e+00
-1.713545468343639910e-01
1.721870902579906604e+00
-4.533456671334103127e+00
-4.999560378960510310e-02
6.056146913210392890e-01
-1.684196300423446813e+00
9.597516054878690639e+00
-3.974584484609815149e+02
1.620405457405043848e+01
-1.572042126165247964e+03
3.601842865477686246e+03
2.709077401234403482e+01
-1.786523989970045022e+03
5.156293076410841422e+03
1.117549971860585245e+01
-5.780856221799419927e+02
1.807687730493423942e+03
-2.989311012355158267e-02
1.402924622397650811e+00
-7.356638030055424882e-02
8.335808259715968838e-01
2.239998076490274381e-01
-5.520162166591211644e-02
5.667266424162872296e-01
7.186870875850900342e-01
-1.550740931049372773e-02
1.575054772244781631e-01
2.107698127731974791e-01
9.976118491561504209e-01
-7.884445880229141654e-03
-5.904819700768269841e-02
1.395665773035992041e+00
-4.517236383039163528e+00
-5.585181303659912666e-02
1.752081787611250885e+00
-5.988884867474951079e+00
-1.794553885827147172e-02
5.964518532025899766e-01
-2.061068223606257632e+00
8.000000000000000000e+00
3.524740401572949544e+00
3.931929096931852200e+03
-1.739568407745501827e+04
3.132358787974389543e+03
3.439378295310448157e+05
-1.216310224224679172e+06
-7.069017535047864658e+04
1.384393296948487638e+06
-3.965504244021582417e+06
-6.002308491900299850e+04
8.033284494692881126e+05
-2.091992533066359581e+06
-4.010526361281613208e+04
1.122528528671587846e+05
2.356164325485035806e+04
-3.476097175336681306e+06
1.137644087100658379e+07
7.543702541312811663e+05
-1.308370572881228290e+07
3.644623138893493265e+07
5.961785984807627974e+05
-7.429099973948214203e+06
1.892646942912329361e+07
8.320803057571951649e+04
-1.912384261066339386e+05
-2.109141327380316216e+05
8.719169604892648757e+06
-2.691228990539162233e+07
-1.989127436930922791e+06
3.087802702511050180e+07
-8.392243668269670010e+07
-1.453462168613828951e+06
1.706473500961046666e+07
-4.274849739847484231e+07
8.157241994697751464e-01
2.576464025921451739e+00
1.159619140421938255e+00
-2.364127797280925147e+00
6.768435184650376968e+00
7.576375992458814768e-01
-2.723991069742281557e+00
7.116769804894199858e+00
1.766646200112746701e-01
-7.980074690643949031e-01
2.116008117738884753e+00
6.923606960531741503e-03
3.018859414902024321e-02
6.310929966853957851e-03
-1.205014702321669656e-01
2.629746463970965564e-01
3.414387613988773083e-03
-1.079718257682097116e-01
2.707311436482172651e-01
7.374528880270505345e-04
-2.748532537578426277e-02
7.333292882016968772e-02
1.009748630229213795e+00
8.993120971282661351e-04
2.839918863585131348e-01
-4.047832426841956099e+00
1.321238454747489222e+01
1.039575538659758824e-01
-7.030363269630226952e+00
2.477008079860878453e+01
3.093244890985821088e-02
-2.691684487809876902e+00
9.611438030090690532e+00
1.309852500555415356e+00
-5.537722889224492781e-03
-6.783338064059767081e-02
-6.690758831312658694e-01
3.402601788152913365e+00
-5.296339572109045463e-02
-9.921893826634672342e-01
4.821711406453361271e+00
-6.134169610138498832e-03
-3.843192591063346875e-01
1.756046386859289710e+00
2.096551999295542828e+03
1.463749316826155336e+03
1.312549328609852182e+03
1.830733001708211668e+04
-4.353414407461069641e+04
-8.332889543511114425e+02
3.204731997183186832e+04
-1.086094503752085875e+05
4.522513639811220401e+02
8.353439546391713520e+03
-4.453132500373219955e+04
-1.011254411202813026e+04
-4.460638396726699284e+04
-6.540371821020281459e+03
-2.671813725909928908e+05
6.853913368763912003e+05
3.405109008177881151e+03
-4.381358434631081764e+05
1.632756502883030334e+06
-7.459277540205396690e+03
-1.144836844249207061e+05
6.747879936770335771e+05
2.293812016156577374e+04
2.313002817760465259e+05
1.496339202798211409e+04
1.191650069228956709e+06
-3.113940319546418730e+06
-3.038374060520356124e+03
1.866391501448110212e+06
-7.299793035253615119e+06
4.279343646920413448e+04
4.683524063721019775e+05
-3.060751611420046538e+06
-1.462094966637861398e+04
-3.774607984173048171e+05
-9.608346399588386703e+03
-1.712825478385970695e+06
4.325726355796505697e+06
-2.237085168619212709e+04
-2.505688071700681932e+06
1.028136239772138372e+07
-8.527769860943702224e+04
-5.695476762034245767e+05
4.400108634911475703e+06
9.789747327985583070e+01
-4.265973087748922410e+01
1.534842103790491308e+02
-1.417062076076895437e+03
2.752861414366502686e+03
1.387406469558648894e+02
-1.433658507513588120e+03
2.857741895243075760e+03
4.102510946737612585e+01
-4.236807379746389870e+02
8.503594335657172678e+02
-3.292023567443175480e+00
-9.065129200089007355e+00
-1.236753493921497160e+01
5.561452568432963517e+01
-1.060168909248308893e+02
-1.193926226933469792e+01
7.706741844343223136e+01
-1.549192508832121860e+02
-3.417577080034528869e+00
2.549874683560831556e+01
-5.450432359483349387e+01
-2.524354002130441604e-05
1.973911054476439107e-05
-1.835769012398303962e-05
2.188944709808946740e-05
8.250583533372360303e-05
7.159107730239045058e-06
-5.574932783314809066e-05
1.915379727547808660e-04
5.444576149277731218e-06
-3.222913487773116189e-05
7.970181353106745080e-05
4.331514709695348131e+01
6.386332679188080874e+02
-3.285768747216059182e+01
2.415893826937031463e+03
-5.766875169379177350e+03
-6.185459307173840671e+01
2.953967762459948062e+03
-8.986290575914970759e+03
-2.157143577976204440e+01
9.812158224673428322e+02
-3.239566489593028564e+03
-7.026811381016362379e-02
-1.627619565629668252e-01
-1.870862699946431174e-01
1.138976490605654535e+00
-2.833770808690691201e+00
-1.713253882497714209e-01
1.722555597122625626e+00
-4.532129623759901804e+00
-5.000058449410596517e-02
6.054429826264280390e-01
-1.684534066270759745e+00
9.597151396694306058e+00
-3.975914689857069106e+02
1.620455784995122528e+01
-1.571063268165529053e+03
3.602784901237774193e+03
2.709045586516116444e+01
-1.786723365805014055e+03
5.156336089283408910e+03
1.117541770139874124e+01
-5.781477990423982192e+02
1.807497654935742958e+03
-2.989260403185441464e-02
1.403158864704115549e+00
-7.356796216006990241e-02
8.335397585286655753e-01
2.239992650752159198e-01
-5.520134131110880638e-02
5.667312857718013186e-01
7.186875399471108761e-01
-1.550739581082281361e-02
1.575059515206085337e-01
2.107701108117065181e-01
9.976490799397755849e-01
-7.884445299199875287e-03
-5.904853281425139627e-02
1.395621857818775569e+00
-4.517351042833469776e+00
-5.585138720703514137e-02
1.752179250877284655e+00
-5.988607628063936872e+00
-1.794559160763263203e-02
5.964382512508937806e-01
-2.061107453419962710e+00
8.000000000000000000e+00
3.175220884924920384e+00
3.931939063755969073e+03
-1.739566494555148165e+04
3.132353620788708668e+03
3.439309868628139957e+05
-1.216317702261973172e+06
-7.068784923329579760e+04
1.384511384584788233e+06
-3.965359936057614163e+06
-6.002469123112587113e+04
8.032819921764519531e+05
-2.092054675475387136e+06
-4.010518856773807056e+04
1.122527732492039650e+05
2.356162547247167095e+04
-3.476043736948802136e+06
1.137672321406217851e+07
7.543883605028439779e+05
-1.308373969623974524e+07
3.644564388088971376e+07
5.961637816743289586e+05
-7.429406286411686800e+06
1.892593089611493796e+07
8.320793980722724518e+04
-1.912386557986406551e+05
-2.109135357705082570e+05
8.719555887189071625e+06
-2.691138484435575455e+07
-1.989167293843382737e+06
3.087488277036510780e+07
-8.392705957745923102e+07
-1.453453086855532136e+06
1.706506907853330672e+07
-4.274846620501846075e+07
8.159180589946674056e-01
2.576919223443268514e+00
1.159248774498635948e+00
-2.364490954697481495e+00
6.767724618378835544e+00
7.577869944156858661e-01
-2.723530013967790264e+00
7.117521900790634071e+00
1.766568500267947373e-01
-7.980453800403398690e-01
2.115943964892550877e+00
6.922559223895655492e-03
3.018413932571861746e-02
6.311732022450125545e-03
-1.204352965817086230e-01
2.630460012278593718e-01
3.414169587810933059e-03
-1.080210727021170408e-01
2.706597963665881568e-01
7.374623576302740628e-04
-2.748232020203620132e-02
7.333785731342618019e-02
1.009579500607186375e+00
8.993120679549978418e-04
2.840039571099139404e-01
-4.047294894874898574e+00
1.321364906263565153e+01
1.039560863913732702e-01
-7.031838533934236857e+00
2.476599668805684118e+01
3.093256716542177112e-02
-2.691486087792189341e+00
9.612003318431135312e+00
1.310323246741252001e+00
-5.537720997000795606e-03
-6.783454947056445639e-02
-6.691015562877219436e-01
3.402450148233157723e+00
-5.296273450304143232e-02
-9.921366241354542259e-01
4.821997336064410611e+00
-6.134177875494499152e-03
-3.843266801254664466e-01
1.756010576353071784e+00
2.096551999295542828e+03
1.463749316826155336e+03
1.312549328609852182e+03
1.830733001708211668e+04
-4.353414407461069641e+04
-8.332889543511114425e+02
3.204731997183186832e+04
-1.086094503752085875e+05
4.522513639811220401e+02
8.353439546391713520e+03
-4.453132500373219955e+04
-1.011225992677232898e+04
-4.460076755478581617e+04
-6.540052209093251804e+03
-2.672143371618409874e+05
6.851537320344980108e+05
3.404955120358514250e+03
-4.383202267339633545e+05
1.633187449943687301e+06
-7.458379544619323497e+03
-1.144605273799277347e+05
6.748094111006415915e+05
2.293890135256345093e+04
2.313767447146800405e+05
1.496422541444930175e+04
1.191312904510321096e+06
-3.116384932801692747e+06
-3.038435704712730967e+03
1.864678363877064316e+06
-7.295538490055685863e+06
4.280830960962981044e+04
4.685485253436996718e+05
-3.060500690994631033e+06
-1.462082295393183813e+04
-3.773827483695836272e+05
-9.608217707149879061e+03
-1.713090810403263662e+06
4.323928286110912450e+06
-2.237211429430437420e+04
-2.506853916809192393e+06
1.028446710633787699e+07
-8.525520603893067164e+04
-5.694363377400180325e+05
4.400325419234658591e+06
9.789747327985583070e+01
-4.265973087748922410e+01
1.534842103790491308e+02
-1.417062076076895437e+03
2.752861414366502686e+03
1.387406469558648894e+02
-1.433658507513588120e+03
2.857741895243075760e+03
4.102510946737612585e+01
-4.236807379746389870e+02
8.503594335657172678e+02
-3.293891728021716148e+00
-9.068591111760261114e+00
-1.236147609471042585e+01
5.565363586578687460e+01
-1.059813607444972376e+02
-1.193189541714852986e+01
7.711347361051259952e+01
-1.548840020310013301e+02
-3.418889915836594184e+00
2.548433370367864015e+01
-5.451836939760347178e+01
-2.525727870066145207e-05
1.973668100193664763e-05
-1.835815239733873933e-05
2.188996226529222835e-05
8.250875799617178748e-05
7.159958369415201282e-06
-5.574175526844692553e-05
1.915516637465434688e-04
5.443790152314456045e-06
-3.223412142748672139e-05
7.969587250892841695e-05
4.331514709695348131e+01
6.386332679188080874e+02
-3.285768747216059182e+01
2.415893826937031463e+03
-5.766875169379177350e+03
-6.185459307173840671e+01
2.953967762459948062e+03
-8.986290575914970759e+03
-2.157143577976204440e+01
9.812158224673428322e+02
-3.239566489593028564e+03
-7.027726864069680501e-02
-1.627747037567207067e-01
-1.870881238710554451e-01
1.139042054282921601e+00
-2.833659392463566906e+00
-1.712850266813712163e-01
1.723312781367375646e+00
-4.530961225336385567e+00
-5.000630285113209783e-02
6.052682140447431802e-01
-1.684841424353122452e+00
9.596795898347961540e+00
-3.977285202938605835e+02
1.620501943085041674e+01
-1.570054817844775243e+03
3.603895339482713553e+03
2.709025557447428412e+01
-1.786955377996507423e+03
5.156050780412333552e+03
1.117531986136555489e+01
-5.782046428701161176e+02
1.807351118500783059e+03
-2.989211166788775451e-02
1.403397719844445612e+00
-7.356941289706439568e-02
8.334984588011300488e-01
2.239986563656384266e-01
-5.520113852122095210e-02
5.667358982376970999e-01
7.186886083275908499e-01
-1.550737704010165564e-02
1.575064142044105830e-01
2.107703521405313307e-01
9.976789828829170093e-01
-7.884444993881321861e-03
-5.904884188128018546e-02
1.395586645180076912e+00
-4.517432516189305858e+00
-5.585099209792111080e-02
1.752261715911368256e+00
-5.988391705776090923e+00
-1.794564013469871627e-02
5.964266201017734970e-01
-2.061138870818188806e+00
8.000000000000000000e+00
2.883436953693050864e+00
3.931950317926633033e+03
-1.739564539659494039e+04
3.132347867225356822e+03
3.439241504139864119e+05
-1.216322152954961872e+06
-7.068529362066059548e+04
1.384629587342086947e+06
-3.965238019147645682e+06
-6.002643930839168024e+04
8.032347016200455837e+05
-2.092113992159708869e+06
-4.010509807830453065e+04
1.122526789617159084e+05
2.356160379186144564e+04
-3.475980384584637824e+06
1.137706626365110278e+07
7.544102807041887427e+05
-1.308379496952093020e+07
3.644482974274387211e+07
5.961461208127310965e+05
-7.429757138516136445e+06
1.892533608691418171e+07
8.320784855161538871e+04
-1.912389076700610749e+05
-2.109129406778253033e+05
8.719969567191826180e+06
-2.691040764675982296e+07
-1.989204448636118555e+06
3.087170577246603370e+07
-8.393163068417403102e+07
-1.453447554026672617e+06
1.706530396932967380e+07
-4.274865329768557101e+07
8.161105474891491296e-01
2.577376959626295427e+00
1.158878414760867281e+00
-2.364858540665444764e+00
6.766997752630670604e+00
7.579374794154726258e-01
-2.723060232285580362e+00
7.118295875728825273e+00
1.766489664080247435e-01
-7.980842608633240687e-01
2.115877559976228728e+00
6.921482864962308877e-03
3.017956363737881592e-02
6.312556126830094587e-03
-1.203673096543318027e-01
2.631193179505651458e-01
3.413945517230563761e-03
-1.080716852147231150e-01
2.705864581484526132e-01
7.374720925052146185e-04
-2.747923056083655807e-02
7.334292556590543688e-02
1.009401645513751777e+00
8.993120374296425948e-04
2.840166041791323259e-01
-4.046734645527411800e+00
1.321495988205370153e+01
1.039545547156961181e-01
-7.033369928665869963e+00
2.476178097463640526e+01
3.093269010457453533e-02
-2.691280999834283705e+00
9.612584284208615770e+00
1.310810459888267498e+00
-5.537719039909145408e-03
-6.783575878029375616e-02
-6.691281025785408287e-01
3.402293422257105959e+00
-5.296205057261705457e-02
-9.920820822214294621e-01
4.822292817506883544e+00
-6.134186422907735546e-03
-3.843343508933481645e-01
1.755973572382480974e+00
2.096551999295542828e+03
1.463749316826155336e+03
1.312549328609852182e+03
1.830733001708211668e+04
-4.353414407461069641e+04
-8.332889543511114425e+02
3.204731997183186832e+04
-1.086094503752085875e+05
4.522513639811220401e+02
8.353439546391713520e+03
-4.453132500373219955e+04
-1.011148757311571717e+04
-4.459441105735910241e+04
-6.539845308148624099e+03
-2.672553152131390525e+05
6.849307643114691600e+05
3.404818823213268388e+03
-4.384974158181561506e+05
1.633577971816989128e+06
-7.457543637570192914e+03
-1.144385345520291594e+05
6.748205988252825337e+05
2.294088485588575713e+04
2.314622796829853614e+05
1.496478347774974645e+04
1.190914521552700549e+06
-3.118663564706709702e+06
-3.038491022387932389e+03
1.862993855386049021e+06
-7.291752838603196666e+06
4.282227192466571432e+04
4.687366857737521641e+05
-3.060349124901172239e+06
-1.462052045061101308e+04
-3.772963854290564195e+05
-9.608128761666330320e+03
-1.713389433059738483e+06
4.322262790960144252e+06
-2.237326128645906647e+04
-2.508024294211976230e+06
1.028718022282658331e+07
-8.523392381789749197e+04
-5.693285265468577854e+05
4.400469835104823112e+06
9.789747327985583070e+01
-4.265973087748922410e+01
1.534842103790491308e+02
-1.417062076076895437e+03
2.752861414366502686e+03
1.387406469558648894e+02
-1.433658507513588120e+03
2.857741895243075760e+03
4.102510946737612585e+01
-4.236807379746389870e+02
8.503594335657172678e+02
-3.295744229835096295e+00
-9.072211735262907695e+00
-1.235671120686249758e+01
5.569507681521864839e+01
-1.059364284769801827e+02
-1.192316602278532756e+01
7.715523869527358158e+01
-1.548697730972617137e+02
-3.420284100111930403e+00
2.547085312899366016e+01
-5.452930352630085054e+01
-2.527001402985575173e-05
1.973425223049688967e-05
-1.835950453092821371e-05
2.189040998032129386e-05
8.251230115842314930e-05
7.160942004144910213e-06
-5.573397306399011856e-05
1.915609738252153883e-04
5.442948934914177953e-06
-3.223896323284724261e-05
7.969103605499937900e-05
4.331514709695348131e+01
6.386332679188080874e+02
-3.285768747216059182e+01
2.415893826937031463e+03
-5.766875169379177350e+03
-6.185459307173840671e+01
2.953967762459948062e+03
-8.986290575914970759e+03
-2.157143577976204440e+01
9.812158224673428322e+02
-3.239566489593028564e+03
-7.028441479323595253e-02
-1.627866326345251968e-01
-1.871051590882237825e-01
1.139061335659109497e+00
-2.833501461172449165e+00
-1.712332088333345936e-01
1.724148881939546074e+00
-4.529951678434984252e+00
-5.001278574605006605e-02
6.050900364989105773e-01
-1.685116675612789328e+00
9.596444408669515980e+00
-3.978708005857218382e+02
1.620544406257699066e+01
-1.569012658376794661e+03
3.605178817332548988e+03
2.709017393265946438e+01
-1.787217735370737728e+03
5.155432323349783474e+03
1.117520525100560569e+01
-5.782563923938565722e+02
1.807249606660870995e+03
-2.989162877181848754e-02
1.403641876476867001e+00
-7.357073085269129342e-02
8.334572476968409305e-01
2.239979879410246566e-01
-5.520102224316084799e-02
5.667402208505620820e-01
7.186902102917466229e-01
-1.550735205858036481e-02
1.575068860653249248e-01
2.107705426279259664e-01
9.976995163079327433e-01
-7.884445009403983143e-03
-5.904911729225371247e-02
1.395561649699313955e+00
-4.517475278354568857e+00
-5.585063530335375448e-02
1.752326338546287277e+00
-5.988248344671753820e+00
-1.794568340723180430e-02
5.964173638061622817e-01
-2.061160918357757943e+00
8.000000000000000000e+00
2.641957393032100310e+00
3.931963023996975608e+03
-1.739562582489911438e+04
3.132341482002879729e+03
3.439175439310245565e+05
-1.216322255627034931e+06
-7.068250423401323496e+04
1.384743893258141819e+06
-3.965151386599357240e+06
-6.002832485806861951e+04
8.031878805798443500e+05
-2.092167408525415231e+06
-4.010498919423973712e+04
1.122525674736535584e+05
2.356157757126685101e+04
-3.475905004067407921e+06
1.137748138114057295e+07
7.544365806326828897e+05
-1.308388240084096417e+07
3.644374202281720936e+07
5.961251886866347631e+05
-7.430158388270360418e+06
1.892467586733135581e+07
8.320775859352266707e+04
-1.912391825234771532e+05
-2.109123600005595363e+05
8.720408771700607613e+06
-2.690936515449371934e+07
-1.989237228548837826e+06
3.086858202511542663e+07
-8.393593593400692940e+07
-1.453446925809630193e+06
1.706539099272207171e+07
-4.274915529642554373e+07
8.162942401561883443e-01
2.577822250185718200e+00
1.158521158399732576e+00
-2.365219606187680679e+00
6.766272742946314978e+00
7.580842309699631354e-01
-2.722594313877078953e+00
7.119074475092995513e+00
1.766411958516013181e-01
-7.981231837649505056e-01
2.115810210099742239e+00
6.920404142887003236e-03
3.017497862388020952e-02
6.313382278738639136e-03
-1.202991556217077318e-01
2.631928305136975177e-01
3.413720806856474724e-03
-1.081224472302308171e-01
2.705128797071383318e-01
7.374818595250387174e-04
-2.747613005275215473e-02
7.334801376616101320e-02
1.009217020068057469e+00
8.993120059504886759e-04
2.840296689972895416e-01
-4.046159923048919360e+00
1.321629472292684859e+01
1.039529805286305564e-01
-7.034932255358075537e+00
2.475751308926901473e+01
3.093281577729406831e-02
-2.691072969703253381e+00
9.613168875787478029e+00
1.311304379217104410e+00
-5.537717057598898901e-03
-6.783698419933459345e-02
-6.691549817844835157e-01
3.402134821882179860e+00
-5.296135777571409076e-02
-9.920268703596331061e-01
4.822591784548085236e+00
-6.134195078755796428e-03
-3.843421145037109188e-01
1.755936135212162297e+00
2.096551999295542828e+03
1.463749316826155336e+03
1.312549328609852182e+03
1.830733001708211668e+04
-4.353414407461069641e+04
-8.332889543511114425e+02
3.204731997183186832e+04
-1.086094503752085875e+05
4.522513639811220401e+02
8.353439546391713520e+03
-4.453132500373219955e+04
-1.011010732409682350e+04
-4.458737502488584869e+04
-6.539786362576504871e+03
-2.673028312568209949e+05
6.847354749780187849e+05
3.404708615416492648e+03
-4.386615285456115962e+05
1.633920552641660208e+06
-7.456815584723327447e+03
-1.144191498070367234e+05
6.748097614510541316e+05
2.294436567262305107e+04
2.315558319950363657e+05
1.496497898161951707e+04
1.190475526028864551e+06
-3.120635751532704569e+06
-3.038536811568455050e+03
1.861379386336967815e+06
-7.288544422877589241e+06
4.283460340388695477e+04
4.689055184973963187e+05
-3.060414080656825099e+06
-1.461999898536010187e+04
-3.772030011129261111e+05
-9.608092345166360246e+03
-1.713701190789313288e+06
4.320837502122607082e+06
-2.237423098591089365e+04
-2.509179341316900216e+06
1.028939828829192184e+07
-8.521488688011419435e+04
-5.692302456811955199e+05
4.400454725173075683e+06
9.789747327985583070e+01
-4.265973087748922410e+01
1.534842103790491308e+02
-1.417062076076895437e+03
2.752861414366502686e+03
1.387406469558648894e+02
-1.433658507513588120e+03
2.857741895243075760e+03
4.102510946737612585e+01
-4.236807379746389870e+02
8.503594335657172678e+02
-3.297625684420446124e+00
-9.076013120738332773e+00
-1.235306895829904761e+01
5.573851211317725785e+01
-1.058824985308609428e+02
-1.191305006990189064e+01
7.719367621356994391e+01
-1.548764507885573494e+02
-3.421762737213752015e+00
2.545830335052527360e+01
-5.453693311039570801e+01
-2.528216577484031311e-05
1.973182973874503896e-05
-1.836169058103869959e-05
2.189076301879004289e-05
8.251634862035005702e-05
7.162058568258799116e-06
-5.572585858150442162e-05
1.915660158760201456e-04
5.442054338845458435e-06
-3.224364222577305995e-05
7.968741654905003868e-05
4.331514709695348131e+01
6.386332679188080874e+02
-3.285768747216059182e+01
2.415893826937031463e+03
-5.766875169379177350e+03
-6.185459307173840671e+01
2.953967762459948062e+03
-8.986290575914970759e+03
-2.157143577976204440e+01
9.812158224673428322e+02
-3.239566489593028564e+03
-7.029001070987513089e-02
-1.627979932783075179e-01
-1.871360921818136791e-01
1.139035701240804110e+00
-2.833300763104313447e+00
-1.711701267703827356e-01
1.725070978757674123e+00
-4.529088060523063675e+00
-5.002004666337875327e-02
6.049075317599931223e-01
-1.685360308766276960e+00
9.596087624108401215e+00
-3.980203047656261788e+02
1.620584282569436851e+01
-1.567928929779565351e+03
3.606635791084452649e+03
2.709020427664922792e+01
-1.787505854244223656e+03
5.154493229493341460e+03
1.117507306722053428e+01
-5.783039595441598522e+02
1.807191955657902099e+03
-2.989114691079379840e-02
1.403892750976939663e+00
-7.357192486541454246e-02
8.334165118343507261e-01
2.239972719221037800e-01
-5.520100106897558867e-02
5.667438701675302504e-01
7.186921819573360848e-01
-1.550731967150237485e-02
1.575074017731899478e-01
2.107706960983320721e-01
9.977078996825233803e-01
-7.884445398470711630e-03
-5.904935057208050148e-02
1.395548554841054889e+00
-4.517473312276360176e+00
-5.585032548616159637e-02
1.752370006478756848e+00
-5.988189821388252732e+00
-1.794572027514814219e-02
5.964109260909346011e-01
-2.061171878540259961e+00
8.000000000000000000e+00
2.443935837012507939e+00
3.931977360879649950e+03
-1.739560660120756438e+04
3.132334430479832918e+03
3.439114356669903500e+05
-1.216316507070420776e+06
-7.067948978557468217e+04
1.384848909556308761e+06
-3.965116102397519164e+06
-6.003033009154595493e+04
8.031434676213209750e+05
-2.092210704512337456e+06
-4.010485810219544510e+04
1.122524381347501621e+05
2.356154608781368370e+04
-3.475816177264946979e+06
1.137797781834923290e+07
7.544677535536143696e+05
-1.308401423497359455e+07
3.644233479939340055e+07
5.961006713235187344e+05
-7.430612846394705586e+06
1.892394488974964619e+07
8.320767304387512559e+04
-1.912394787960873800e+05
-2.109118116810226638e+05
8.720868050373146310e+06
-2.690827468925770745e+07
-1.989263650773084722e+06
3.086563145380258188e+07
-8.393967994848491251e+07
-1.453452671504994854e+06
1.706527321636610851e+07
-4.275008636656946689e+07
8.164586799759545599e-01
2.578233614732222900e+00
1.158195618892722489e+00
-2.365558277441947688e+00
6.765576540374638626e+00
7.582203186442729725e-01
-2.722150761656557894e+00
7.119831644608657584e+00
1.766338684092982336e-01
-7.981607626068457639e-01
2.115743929951860558e+00
6.919362343022972088e-03
3.017055099102301102e-02
6.314180535042634296e-03
-1.202332973071815053e-01
2.632638967182363565e-01
3.413503554446193841e-03
-1.081715372700878947e-01
2.704416841343472155e-01
7.374913090470003969e-04
-2.747312906422523515e-02
7.335294211377769991e-02
1.009028934046324766e+00
8.993119741640641634e-04
2.840428912894764069e-01
-4.045583787624067007e+00
1.321761925612395672e+01
1.039513985222217246e-01
-7.036486410080727616e+00
2.475331338763655964e+01
3.093294113219478836e-02
-2.690867708922885182e+00
9.613739090656817865e+00
1.311790083207391211e+00
-5.537715110520049187e-03
-6.783818850435595349e-02
-6.691813706985217935e-01
3.401979233257172996e+00
-5.296067724694508011e-02
-9.919726847554989346e-01
4.822885007939204272e+00
-6.134203578132357490e-03
-3.843497319492861219e-01
1.755899421749103295e+00
2.096551999295542828e+03
1.463749316826155336e+03
1.312549328609852182e+03
1.830733001708211668e+04
-4.353414407461069641e+04
-8.332889543511114425e+02
3.204731997183186832e+04
-1.086094503752085875e+05
4.522513639811220401e+02
8.353439546391713520e+03
-4.453132500373219955e+04
-1.010798576112433511e+04
-4.457976162928464328e+04
-6.539915784594801153e+03
-2.673547596128957230e+05
6.845837476492746500e+05
3.404634590887831564e+03
-4.388053623317556339e+05
1.634207228769123787e+06
-7.456250910119631953e+03
-1.144041532246573333e+05
6.747624077743225498e+05
2.294967206075594368e+04
2.316557463130810647e+05
1.496471193085550476e+04
1.190024067845559912e+06
-3.122130477257483639e+06
-3.038569263361705907e+03
1.859886220277486835e+06
-7.286033071067892015e+06
4.284442880224553664e+04
4.690409744161249837e+05
-3.060839548762150574e+06
-1.461921059254415013e+04
-3.771045318483599694e+05
-9.608123103974323385e+03
-1.713999347302095499e+06
4.319783434539731592e+06
-2.237494990644965583e+04
-2.510294019053569064e+06
1.029100435448060744e+07
-8.519935580650364864e+04
-5.691489308772918303e+05
4.400172957666266710e+06
9.789747327985583070e+01
-4.265973087748922410e+01
1.534842103790491308e+02
-1.417062076076895437e+03
2.752861414366502686e+03
1.387406469558648894e+02
-1.433658507513588120e+03
2.857741895243075760e+03
4.102510946737612585e+01
-4.236807379746389870e+02
8.503594335657172678e+02
-3.299593220623034728e+00
-9.080016493701911884e+00
-1.235028328862583358e+01
5.578341661733593781e+01
-1.058204400716821993e+02
-1.190157158540371896e+01
7.723013720735205823e+01
-1.549031598792182081e+02
-3.423326066377482046e+00
2.544665723219739206e+01
-5.454111480638529486e+01
-2.529427126322267126e-05
1.972942498328942527e-05
-1.836462062171820734e-05
2.189098509744661736e-05
8.252071832168416028e-05
7.163304635830340117e-06
-5.571724505146700821e-05
1.915671327389571049e-04
5.441110147625434676e-06
-3.224814433313505710e-05
7.968511342281976804e-05
4.331514709695348131e+01
6.386332679188080874e+02
-3.285768747216059182e+01
2.415893826937031463e+03
-5.766875169379177350e+03
-6.185459307173840671e+01
2.953967762459948062e+03
-8.986290575914970759e+03
-2.157143577976204440e+01
9.812158224673428322e+02
-3.239566489593028564e+03
-7.029474597486735921e-02
-1.628091507590985754e-01
-1.871785523255126149e-01
1.138969194918779237e+00
-2.833063868841199540e+00
-1.710965659975102748e-01
1.726084100469405191e+00
-4.528347892859710733e+00
-5.002806626938623158e-02
6.047197714492592580e-01
-1.685574128228960022e+00
9.595713410750635219e+00
-3.981793267102072491e+02
1.620623134672587184e+01
-1.566795914466331169e+03
3.608257985330968040e+03
2.709033375508701624e+01
-1.787811329259586728e+03
5.153266467324687255e+03
1.117492285859517942e+01
-5.783488438541110099e+02
1.807174492533712055e+03
-2.989065572921654340e-02
1.404151402703137874e+00
-7.357300630805597985e-02
8.333769333974989646e-01
2.239965298080918432e-01
-5.520108552256569601e-02
5.667462815584033420e-01
7.186942572257315476e-01
-1.550727836735599392e-02
1.575080116030350141e-01
2.107708350840647726e-01
9.977001863642402935e-01
-7.884446226922260312e-03
-5.904952956226693084e-02
1.395549461660538393e+00
-4.517419555200707926e+00
-5.585007458545169362e-02
1.752388882597409436e+00
-5.988230583302783572e+00
-1.794574922858130014e-02
5.964078468198834582e-01
-2.061169729689378283e+00
8.000000000000000000e+00
2.282443175631657883e+00
3.931993383817744871e+03
-1.739558803010642077e+04
3.132326756201575790e+03
3.439061250546611263e+05
-1.216303618896186352e+06
-7.067630117326510663e+04
1.384937742951837601e+06
-3.965148988280653488e+06
-6.003240370715670724e+04
8.031042587436978938e+05
-2.092238630514317425e+06
-4.010470159606629750e+04
1.122522949634552351e+05
2.356150896372404895e+04
-3.475714825935286004e+06
1.137855407625059970e+07
7.545037321264616912e+05
-1.308420115811341070e+07
3.644059219164942205e+07
5.960727648722970625e+05
-7.431113465111991391e+06
1.892315055727157369e+07
8.320759676771060913e+04
-1.912397891060634574e+05
-2.109113197180000134e+05
8.721334171567352489e+06
-2.690717542308969423e+07
-1.989281770847592037e+06
3.086301606709666923e+07
-8.394248030095468462e+07
-1.453465891920955153e+06
1.706489788385746628e+07
-4.275155204470039159e+07
8.165904075128725959e-01
2.578582512310659602e+00
1.157926144892924114e+00
-2.365853052616277541e+00
6.764947104201469941e+00
7.583365003296141937e-01
-2.721755213916892568e+00
7.120529699825465464e+00
1.766274342150581100e-01
-7.981950255558074581e-01
2.115681724158618326e+00
6.918413411764889540e-03
3.016651790515093717e-02
6.314908205065306902e-03
-1.201732441715614580e-01
2.633287500046518348e-01
3.413305321143429716e-03
-1.082163549540857278e-01
2.703766192824446635e-01
7.374999410755939382e-04
-2.747038551280666166e-02
7.335745307619358224e-02
1.008843162306925167e+00
8.993119431407945981e-04
2.840558342834583194e-01
-4.045027142403931464e+00
1.321888071011168719e+01
1.039498649184627810e-01
-7.037971670456335538e+00
2.474936210302736939e+01
3.093306137661794991e-02
-2.690673849620638602e+00
9.614268593490097103e+00
1.312245428391974666e+00
-5.537713288058293028e-03
-6.783931652819281954e-02
-6.692060530728524137e-01
3.401833859822969153e+00
-5.296004027864469749e-02
-9.919220302103393117e-01
4.823158882417278193e+00
-6.134211529071295979e-03
-3.843568503602038944e-01
1.755865137768608308e+00
2.096551999295542828e+03
1.463749316826155336e+03
1.312549328609852182e+03
1.830733001708211668e+04
-4.353414407461069641e+04
-8.332889543511114425e+02
3.204731997183186832e+04
-1.086094503752085875e+05
4.522513639811220401e+02
8.353439546391713520e+03
-4.453132500373219955e+04
-1.010501927958886517e+04
-4.457174878486978560e+04
-6.540269578733797061e+03
-2.674083622649451718e+05
6.844920474216782022e+05
3.404606818799908979e+03
-4.389208955780836986e+05
1.634429599118898623e+06
-7.455907263072485875e+03
-1.143954016749330767e+05
6.746645924545327434e+05
2.295705747597494701e+04
2.317593769232367340e+05
1.496389303501024369e+04
1.189593686733850511e+06
-3.122971325344444253e+06
-3.038584545511038414e+03
1.858574968667978421e+06
-7.284339508575379848e+06
4.285083187827801157e+04
4.691282547794532729e+05
-3.061764502525762655e+06
-1.461811845780156909e+04
-3.770038871379338088e+05
-9.608234147390987346e+03
-1.714253539221179672e+06
4.319235197179604322e+06
-2.237534344494117613e+04
-2.511335855833768379e+06
1.029188316573223658e+07
-8.518866132806218229e+04
-5.690924943450996652e+05
4.399520837418598123e+06
9.789747327985583070e+01
-4.265973087748922410e+01
1.534842103790491308e+02
-1.417062076076895437e+03
2.752861414366502686e+03
1.387406469558648894e+02
-1.433658507513588120e+03
2.857741895243075760e+03
4.102510946737612585e+01
-4.236807379746389870e+02
8.503594335657172678e+02
-3.301693001372308256e+00
-9.084209879845124291e+00
-1.234805041782129642e+01
5.582884856366482751e+01
-1.057519139671718449e+02
-1.188888828503255191e+01
7.726587352227051042e+01
-1.549481366993857421e+02
-3.424959801402731152e+00
2.543594665232059882e+01
-5.454176361456828914e+01
-2.530678078258552895e-05
1.972707345744955103e-05
-1.836817544592622071e-05
2.189103255230623253e-05
8.252515173852304604e-05
7.164666418057960064e-06
-5.570799272007422883e-05
1.915648935818697917e-04
5.440127431741577234e-06
-3.225243679601503633e-05
7.968419967386295225e-05
4.331514709695348131e+01
6.386332679188080874e+02
-3.285768747216059182e+01
2.415893826937031463e+03
-5.766875169379177350e+03
-6.185459307173840671e+01
2.953967762459948062e+03
-8.986290575914970759e+03
-2.157143577976204440e+01
9.812158224673428322e+02
-3.239566489593028564e+03
-7.029943525866701182e-02
-1.628204698017283736e-01
-1.872289233531359287e-01
1.138869240690319362e+00
-2.832800999734168546e+00
-1.710144629222707380e-01
1.727181898836065432e+00
-4.527706629753817325e+00
-5.003672835379986000e-02
6.045273676681294228e-01
-1.685759773688685792e+00
9.595311273073617642e+00
-3.983489016129285005e+02
1.620662487464005608e+01
-1.565616276177136342e+03
3.610015197272147816e+03
2.709054389541032748e+01
-1.788119629043349505e+03
5.151815329505759109e+03
1.117475567117832114e+01
-5.783927706826602844e+02
1.807190883881612990e+03
-2.989014879902262764e-02
1.404415988124725789e+00
-7.357397556504925717e-02
8.333398428169737082e-01
2.239957982548626547e-01
-5.520128806429295404e-02
5.667466997938845896e-01
7.186960557308593733e-01
-1.550722666271094063e-02
1.575087755571788206e-01
2.107709896727847365e-01
9.976714405528331886e-01
-7.884447563587387853e-03
-5.904963730739602040e-02
1.395566743197087289e+00
-4.517307007502875393e+00
-5.584989922487902658e-02
1.752378587219218797e+00
-5.988385326165172273e+00
-1.794576828583935996e-02
5.964087295847571024e-01
-2.061152410322194761e+00
8.000000000000000000e+00
2.149729863148718056e+00
