3.931897989719669567e+03
-1.739575870681280503e+04
3.132375545898834844e+03
3.439658609236137709e+05
-1.216256581998199690e+06
-7.069800600428853068e+04
1.383907177859704942e+06
-3.966276189097944647e+06
-6.001752423652596190e+04
8.035151181825734675e+05
-2.091710365941657918e+06
-4.010547653771656769e+04
1.122530169706700981e+05
2.356169606583616769e+04
-3.476180699403351173e+06
1.137593670849481970e+07
7.543131127166453516e+05
-1.308476044625267945e+07
3.644458485392813385e+07
5.962266124722879613e+05
-7.427790114356440492e+06
1.892897751404034346e+07
8.320835471266537206e+04
-1.912377264145924128e+05
-2.109162454782992136e+05
8.717975083525680006e+06
-2.691494242066955194e+07
-1.988980652736272197e+06
3.088802996015456319e+07
-8.390870279256162047e+07
-1.453503195344649721e+06
1.706352899082216620e+07
-4.274865973112091422e+07
8.149838730507784623e-01
2.574755351745465770e+00
1.161019803549678597e+00
-2.362777178555153679e+00
6.771038707057573269e+00
7.570782938606833712e-01
-2.725689689043247377e+00
7.114038039714996486e+00
1.766934149293478973e-01
-7.978690983168182926e-01
2.116239150200515340e+00
6.927402739328343377e-03
3.020474290328910988e-02
6.308024337706170936e-03
-1.207413066113113831e-01
2.627159890578132373e-01
3.415177364719879441e-03
-1.077933861118837433e-01
2.709896696689174656e-01
7.374185938559282925e-04
-2.749621038376280982e-02
7.331507891357019746e-02
1.010344404799476958e+00
8.993122007234547691e-04
2.839491168044590008e-01
-4.049752962958004687e+00
1.320782817266536568e+01
1.039627848680542560e-01
-7.025059158961947325e+00
2.478489237013047486e+01
3.093202475605891927e-02
-2.692402389685166320e+00
9.609374464684982797e+00
1.308161560703610560e+00
-5.537729694807678321e-03
-6.782917938621006726e-02
-6.689834970767116751e-01
3.403147966134083102e+00
-5.296577374411866324e-02
-9.923793203111361816e-01
4.820681208409586915e+00
-6.134139870393713091e-03
-3.842925330869636502e-01
1.756175442198598446e+00
2.096551999295542828e+03
1.463749316826155336e+03
1.312549328609852182e+03
1.830733001708211668e+04
-4.353414407461069641e+04
-8.332889543511114425e+02
3.204731997183186832e+04
-1.086094503752085875e+05
4.522513639811220401e+02
8.353439546391713520e+03
-4.453132500373219955e+04
-1.011405647262115599e+04
-4.463101109458185238e+04
-6.541308761668721672e+03
-2.669592341930750408e+05
6.863283229317984078e+05
3.405637218767968534e+03
-4.375077208209015080e+05
1.631817130734469742e+06
-7.462648563007645862e+03
-1.145852517715331924e+05
6.744024689098675735e+05
2.293365827343649653e+04
2.309600081497950596e+05
1.496108397418369532e+04
1.194018134231814183e+06
-3.104223969305276405e+06
-3.038166617199258781e+03
1.872032284909359179e+06
-7.309145012085539289e+06
4.273822871475410648e+04
4.675020186166010099e+05
-3.064853498512499034e+06
-1.462171522218356949e+04
-3.778128579387104255e+05
-9.608682631509725979e+03
-1.710892525721405633e+06
4.332924601416520774e+06
-2.236668326226652789e+04
-2.501971638637746684e+06
1.027449590225954168e+07
-8.536030079034245864e+04
-5.700253441737515386e+05
4.396844346849776804e+06
9.789747327985583070e+01
-4.265973087748922410e+01
1.534842103790491308e+02
-1.417062076076895437e+03
2.752861414366502686e+03
1.387406469558648894e+02
-1.433658507513588120e+03
2.857741895243075760e+03
4.102510946737612585e+01
-4.236807379746389870e+02
8.503594335657172678e+02
-3.282701958759533856e+00
-9.051384468245865733e+00
-1.241544974225804232e+01
5.547164477097869906e+01
-1.060510993896633494e+02
-1.195304455369065799e+01
7.680704618365417957e+01
-1.553317294809839382e+02
-3.412926159239326296e+00
2.557237756995253619e+01
-5.440803670774046452e+01
-2.515642981879956500e-05
1.975025694220132650e-05
-1.837067146929591507e-05
2.188631704131197269e-05
8.250240316860032888e-05
7.157371250566708209e-06
-5.578000011227068460e-05
1.914208288407217846e-04
5.447166261464216858e-06
-3.220610095021981872e-05
7.974016714984341050e-05
4.331514709695348131e+01
6.386332679188080874e+02
-3.285768747216059182e+01
2.415893826937031463e+03
-5.766875169379177350e+03
-6.185459307173840671e+01
2.953967762459948062e+03
-8.986290575914970759e+03
-2.157143577976204440e+01
9.812158224673428322e+02
-3.239566489593028564e+03
-7.020209449091723009e-02
-1.626979845068708408e-01
-1.872514685185499017e-01
1.138313650449944925e+00
-2.833419630443004600e+00
-1.713795568684061688e-01
1.719754933811952657e+00
-4.539717148261272150e+00
-4.998343735754870454e-02
6.062072055948308780e-01
-1.682769616644546051e+00
9.598807238347900395e+00
-3.970543859555743325e+02
1.620212618951781280e+01
-1.574828698671703705e+03
3.600341084383109319e+03
2.709242965907546719e+01
-1.786482357315139097e+03
5.152919378666510966e+03
1.117571013003389524e+01
-5.777999423177481049e+02
1.808730762932043035e+03
-2.989487384493607139e-02
1.402210644858373767e+00
-7.356049468633846233e-02
8.337006542278661003e-01
2.240008282397391026e-01
-5.520287000117722609e-02
5.667186343606578358e-01
7.186931973380502603e-01
-1.550743735432574301e-02
1.575032277927718716e-01
2.107681571517622809e-01
9.974408278363099400e-01
-7.884449714907202852e-03
-5.904690119559103528e-02
1.395871239676408804e+00
-4.516631601676276198e+00
-5.585343136869692221e-02
1.751658003934360330e+00
-5.990208965347804337e+00
-1.794533652216119546e-02
5.965097794825992006e-01
-2.060887936797180409e+00
1.486725279115819753e-01
1.486725279115818088e-01
3.931900848678891180e+03
-1.739574670312783564e+04
3.132374078074389672e+03
3.439619949246310280e+05
-1.216267310250721406e+06
-7.069738256204321806e+04
1.383960312777995598e+06
-3.966177592668967787e+06
-6.001790995429769100e+04
8.034994719187017763e+05
-2.091734713848305168e+06
-4.010536780201584770e+04
1.122531972987456829e+05
2.356166679777017271e+04
-3.476317928030981682e+06
1.137561522695196606e+07
7.543372275762755889e+05
-1.308316845210288838e+07
3.644733659562228620e+07
5.962141165478223702e+05
-7.428223517327435315e+06
1.892833907406233996e+07
8.320850575861019024e+04
-1.912375586138269282e+05
-2.109169884793140809e+05
8.717703630482695997e+06
-2.691550400679843873e+07
-1.988928560045333579e+06
3.089076538597840443e+07
-8.390424013409639895e+07
-1.453525825030347798e+06
1.706283715030715242e+07
-4.274963745997683704e+07
8.149940637750439087e-01
2.574776655262819069e+00
1.161004302992613368e+00
-2.362790816337530853e+00
6.771014605475396131e+00
7.570833614102523423e-01
-2.725675512615814977e+00
7.114059162358815414e+00
1.766931965977409091e-01
-7.978700755384652288e-01
2.116237620754658266e+00
6.927392319895562395e-03
3.020469791620167266e-02
6.308032110696721630e-03
-1.207406552805746908e-01
2.627167014771570885e-01
3.415175293121753761e-03
-1.077938615924745741e-01
2.709889704430276103e-01
7.374186825712382388e-04
-2.749618175590862884e-02
7.331512660463251896e-02
1.010342564774844965e+00
8.993122004021548163e-04
2.839492410575356063e-01
-4.049747356992771330e+00
1.320784153242440695e+01
1.039627704463112201e-01
-7.025073869194197407e+00
2.478485104380825277e+01
3.093202587557815353e-02
-2.692400480358040138e+00
9.609379996710771366e+00
1.308167045853654953e+00
-5.537729672724038717e-03
-6.782919223098761441e-02
-6.689837805052961661e-01
3.403146284861596094e+00
-5.296576680430862410e-02
-9.923787624119801976e-01
4.820684253944806485e+00
-6.134139954183300339e-03
-3.842926090893633018e-01
1.756175071810080146e+00
2.096551999295542828e+03
1.463749316826155336e+03
1.312549328609852182e+03
1.830733001708211668e+04
-4.353414407461069641e+04
-8.332889543511114425e+02
3.204731997183186832e+04
-1.086094503752085875e+05
4.522513639811220401e+02
8.353439546391713520e+03
-4.453132500373219955e+04
-1.011274402720897706e+04
-4.462660120353315870e+04
-6.541578465539597346e+03
-2.670245284860818647e+05
6.862808269420912256e+05
3.405658729643881998e+03
-4.375020706199562410e+05
1.631611823053956963e+06
-7.462583100345282219e+03
-1.145776895490678871e+05
6.744929429421246750e+05
2.293710030406569786e+04
2.310204044673563039e+05
1.496035955346194169e+04
1.193341635156730423e+06
-3.104740296241836622e+06
-3.038157556378471781e+03
1.872120104170265142e+06
-7.311101228007031605e+06
4.273924147873263428e+04
4.675636309245265438e+05
-3.063929364084562752e+06
-1.462117980007007645e+04
-3.777508580485975835e+05
-9.608797682820126283e+03
-1.711431575978484470e+06
4.332525187299430370e+06
-2.236648896208235237e+04
-2.501889190212668851e+06
1.027311913862184621e+07
-8.535887244543159613e+04
-5.699916738953768509e+05
4.397550823586033657e+06
9.789747327985583070e+01
-4.265973087748922410e+01
1.534842103790491308e+02
-1.417062076076895437e+03
2.752861414366502686e+03
1.387406469558648894e+02
-1.433658507513588120e+03
2.857741895243075760e+03
4.102510946737612585e+01
-4.236807379746389870e+02
8.503594335657172678e+02
-3.284606988878944644e+00
-9.054157640903099491e+00
-1.239847519786968455e+01
5.553482512236544721e+01
-1.060087553359173000e+02
-1.196225399829917713e+01
7.673988434797993818e+01
-1.553780461357333706e+02
-3.412540388036694239e+00
2.557570536330223376e+01
-5.440612477621504439e+01
-2.517569599710653809e-05
1.974801832662832253e-05
-1.836446364034198905e-05
2.188791477462349812e-05
8.250640066868700250e-05
7.156851635029137967e-06
-5.578524299023801991e-05
1.914114893476709465e-04
5.447299311929714443e-06
-3.220553048621540139e-05
7.974033007640988157e-05
4.331514709695348131e+01
6.386332679188080874e+02
-3.285768747216059182e+01
2.415893826937031463e+03
-5.766875169379177350e+03
-6.185459307173840671e+01
2.953967762459948062e+03
-8.986290575914970759e+03
-2.157143577976204440e+01
9.812158224673428322e+02
-3.239566489593028564e+03
-7.021404773643841191e-02
-1.627101885460567054e-01
-1.871988987777316593e-01
1.138671781518606263e+00
-2.833019206580301041e+00
-1.714049268901116641e-01
1.719313314564371753e+00
-4.540217822437892181e+00
-4.998237101857357090e-02
6.062298789262223764e-01
-1.682750925282594512e+00
9.598571247943011642e+00
-3.971322444608020987e+02
1.620255261431560356e+01
-1.574067893331195819e+03
3.601083384804214347e+03
2.709170904875567487e+01
-1.787050618431372413e+03
5.152088095352214623e+03
1.117577756387035315e+01
-5.777701287089462312e+02
1.808774449718725009e+03
-2.989457159879347486e-02
1.402339063467116453e+00
-7.356166009012178597e-02
8.336723032680427581e-01
2.240004446358568047e-01
-5.520247044887980487e-02
5.667263160392933541e-01
7.186953890195473260e-01
-1.550745495286011931e-02
1.575029230813284609e-01
2.107680731860477330e-01
9.973558847927349591e-01
-7.884450723624335244e-03
-5.904672360874524406e-02
1.395889290229385127e+00
-4.516598314313296392e+00
-5.585351646626780797e-02
1.751644290659022385e+00
-5.990232394940638194e+00
-1.794533297815567585e-02
5.965101930791394391e-01
-2.060888038420443102e+00
1.486725279115819753e-01
1.130592231831053784e-01
3.931900912750803400e+03
-1.739574774560823425e+04
3.132374330607739012e+03
3.439630800820228178e+05
-1.216263183675626991e+06
-7.069760638764506439e+04
1.383935792223090306e+06
-3.966232398570374120e+06
-6.001770569602383330e+04
8.035091935529820621e+05
-2.091717603743664455e+06
-4.010532155143815180e+04
1.122532576591393154e+05
2.356165955593942999e+04
-3.476338682291656267e+06
1.137559742993663624e+07
7.543387645208465401e+05
-1.308322072534727491e+07
3.644699087625429034e+07
5.962155634665660327e+05
-7.428133686782842502e+06
1.892852544786420092e+07
8.320859985938335012e+04
-1.912374670525360270e+05
-2.109173338792727445e+05
8.717600488074531779e+06
-2.691566891068491340e+07
-1.988913166046049213e+06
3.089133233791848272e+07
-8.390370176178726554e+07
-1.453528622910629958e+06
1.706281141117076203e+07
-4.274959390737232566e+07
8.150098125462977849e-01
2.574809831482574030e+00
1.160979938662731081e+00
-2.362812442064389895e+00
6.770976033393727889e+00
7.570914807913609046e-01
-2.725652580186627816e+00
7.114093666029852159e+00
1.766928395144357899e-01
-7.978716896189740337e-01
2.116235069843224625e+00
6.927377575497660131e-03
3.020463495061443890e-02
6.308042860332218477e-03
-1.207397633152372945e-01
2.627176680973020151e-01
3.415172483646476340e-03
-1.077945008388257464e-01
2.709880380082314022e-01
7.374188009200400261e-04
-2.749614385788490961e-02
7.331518929328864620e-02
1.010339928634100604e+00
8.993121999538665999e-04
2.839494097616773738e-01
-4.049739953754113664e+00
1.320785867883791553e+01
1.039627518709613230e-01
-7.025092274908637968e+00
2.478480084338547940e+01
3.093202724523813618e-02
-2.692398213526002504e+00
9.609386368246685350e+00
1.308175050154739560e+00
-5.537729640796517326e-03
-6.782921060689600656e-02
-6.689841824392381842e-01
3.403143920727247362e+00
-5.296575705167349407e-02
-9.923779847316638314e-01
4.820688466599309940e+00
-6.134140070098425927e-03
-3.842927134575830905e-01
1.756174566687558558e+00
2.096551999295542828e+03
1.463749316826155336e+03
1.312549328609852182e+03
1.830733001708211668e+04
-4.353414407461069641e+04
-8.332889543511114425e+02
3.204731997183186832e+04
-1.086094503752085875e+05
4.522513639811220401e+02
8.353439546391713520e+03
-4.453132500373219955e+04
-1.011114415296269181e+04
-4.462140614660023130e+04
-6.541850089513081002e+03
-2.670787219576564385e+05
6.862669658339987509e+05
3.405660155921525529e+03
-4.375941040262776660e+05
1.631026652907914249e+06
-7.462358785302853903e+03
-1.145604786438086448e+05
6.746689030299891019e+05
2.294129755428346471e+04
2.310915914689271012e+05
1.495962751379786459e+04
1.192774249441301450e+06
-3.104912934598063584e+06
-3.038156497888993272e+03
1.871309538454222027e+06
-7.316893241394145414e+06
4.274287637759040808e+04
4.677061694132251432e+05
-3.062114899857128970e+06
-1.462052671871558232e+04
-3.776777486954104388e+05
-9.608914296534221648e+03
-1.711887891580382129e+06
4.332377027756250463e+06
-2.236645774672502012e+04
-2.502412084473910742e+06
1.026887786963126808e+07
-8.535349127648738795e+04
-5.699124886855253717e+05
4.398951044633416459e+06
9.789747327985583070e+01
-4.265973087748922410e+01
1.534842103790491308e+02
-1.417062076076895437e+03
2.752861414366502686e+03
1.387406469558648894e+02
-1.433658507513588120e+03
2.857741895243075760e+03
4.102510946737612585e+01
-4.236807379746389870e+02
8.503594335657172678e+02
-3.286899137933994908e+00
-9.057383667110809000e+00
-1.238024551203978874e+01
5.559802064430206059e+01
-1.059708187257977272e+02
-1.197004937960643822e+01
7.669390509908706122e+01
-1.553974984851871568e+02
-3.412404653370332497e+00
2.557517308705271475e+01
-5.440888607483262263e+01
-2.519824402780491268e-05
1.974550312341573360e-05
-1.835817175053106685e-05
2.188938234095463568e-05
8.250949608636619229e-05
7.156482395014994802e-06
-5.578766644032596598e-05
1.914116684915654623e-04
5.447285248958845726e-06
-3.220631906873936871e-05
7.973832433190614110e-05
4.331514709695348131e+01
6.386332679188080874e+02
-3.285768747216059182e+01
2.415893826937031463e+03
-5.766875169379177350e+03
-6.185459307173840671e+01
2.953967762459948062e+03
-8.986290575914970759e+03
-2.157143577976204440e+01
9.812158224673428322e+02
-3.239566489593028564e+03
-7.022710007235842544e-02
-1.627227849637936374e-01
-1.871511860222301871e-01
1.138956240736270775e+00
-2.832767228244965185e+00
-1.714194511605212912e-01
1.719175500750523611e+00
-4.540148288474356697e+00
-4.998258793273552963e-02
6.062042300003908091e-01
-1.682826928460357641e+00
9.598292107528752837e+00
-3.972210005481235839e+02
1.620300029892071692e+01
-1.573326399909368320e+03
3.601730207899869583e+03
2.709111326132687836e+01
-1.787434522736123654e+03
5.151718356454069180e+03
1.117580370128684031e+01
-5.777703011552147245e+02
1.808740195693769010e+03
-2.989420982276582914e-02
1.402487530798955051e+00
-7.356290760359741887e-02
8.336439638243933192e-01
2.240000982126970630e-01
-5.520212649117082343e-02
5.667318557405461865e-01
7.186965092627310980e-01
-1.550746300633119509e-02
1.575028900190712233e-01
2.107681195898082338e-01
9.972652924794113138e-01
-7.884451722682232419e-03
-5.904657355606406782e-02
1.395901719488475745e+00
-4.516583353949515711e+00
-5.585354948189925200e-02
1.751644870482309990e+00
-5.990210671021594102e+00
-1.794533661994559409e-02
5.965085452065520544e-01
-2.060894465795122255e+00
1.486725279115819753e-01
9.399198795704757914e-02
3.931901587065903641e+03
-1.739574719401630500e+04
3.132374496006602385e+03
3.439642700983322575e+05
-1.216257837842651643e+06
-7.069789027611559140e+04
1.383901510512818815e+06
-3.966313610734659713e+06
-6.001740672802180779e+04
8.035240647942668293e+05
-2.091690590413712896e+06
-4.010524399896556133e+04
1.122533590855704970e+05
2.356164736264308158e+04
-3.476373249885370489e+06
1.137556998765519634e+07
7.543412843029249925e+05
-1.308332490495485440e+07
3.644635509166000038e+07
5.962181421840905678e+05
-7.427972553253947757e+06
1.892886197102594748e+07
8.320874307755433256e+04
-1.912373291560731886e+05
-2.109178479971396446e+05
8.717451358316225931e+06
-2.691589502323524654e+07
-1.988891672824234469e+06
3.089204511419332400e+07
-8.390321271254001558e+07
-1.453531431067173602e+06
1.706283123991839960e+07
-4.274942295587555319e+07
8.150322916279575391e-01
2.574857392812696766e+00
1.160944789233375962e+00
-2.362843787506493598e+00
6.770919854828093776e+00
7.571033293642043249e-01
-2.725618954798313620e+00
7.114144499958445778e+00
1.766923123016729269e-01
-7.978740836004577508e-01
2.116231269593415565e+00
6.927350509168565471e-03
3.020452016750816565e-02
6.308062253021383056e-03
-1.207381626397681790e-01
2.627193944430508687e-01
3.415167485491739461e-03
-1.077956337714836149e-01
2.709863911052892704e-01
7.374190091859476924e-04
-2.749607733642334476e-02
7.331529907842554428e-02
1.010334776939929347e+00
8.993121990798401627e-04
2.839497352631714655e-01
-4.049725676785244310e+00
1.320789174820794187e+01
1.039627163881188532e-01
-7.025127479654654117e+00
2.478470464879507773e+01
3.093202984291401267e-02
-2.692393901294087399e+00
9.609398530932894644e+00
1.308189077798450617e+00
-5.537729585017146620e-03
-6.782924254715864965e-02
-6.689848794324523285e-01
3.403139829746939515e+00
-5.296574021491405604e-02
-9.923766443261000658e-01
4.820695717083320453e+00
-6.134140269132697630e-03
-3.842928924908932675e-01
1.756173700934175796e+00
2.096551999295542828e+03
1.463749316826155336e+03
1.312549328609852182e+03
1.830733001708211668e+04
-4.353414407461069641e+04
-8.332889543511114425e+02
3.204731997183186832e+04
-1.086094503752085875e+05
4.522513639811220401e+02
8.353439546391713520e+03
-4.453132500373219955e+04
-1.010897819402120149e+04
-4.461402691076046176e+04
-6.542223783875607296e+03
-2.671661785245324718e+05
6.862103332563346485e+05
3.405666345656783506e+03
-4.376728295979147661e+05
1.630469007994118147e+06
-7.462090249302268603e+03
-1.145409760530194326e+05
6.748628118147691712e+05
2.294696046248403945e+04
2.311921583209855889e+05
1.495862891676310937e+04
1.191876681609635707e+06
-3.105516354710693937e+06
-3.038153687699048987e+03
1.870604994089380139e+06
-7.322475680614314973e+06
4.274728052783057501e+04
4.678691410569468280e+05
-3.060100151858201250e+06
-1.461964845511917156e+04
-3.775749966968664085e+05
-9.609072110926636014e+03
-1.712596712477936409e+06
4.331918711252787150e+06
-2.236639382118089634e+04
-2.502874438303683419e+06
1.026474307354996353e+07
-8.534689255762124958e+04
-5.698211474854798289e+05
4.400517426993127912e+06
9.789747327985583070e+01
-4.265973087748922410e+01
1.534842103790491308e+02
-1.417062076076895437e+03
2.752861414366502686e+03
1.387406469558648894e+02
-1.433658507513588120e+03
2.857741895243075760e+03
4.102510946737612585e+01
-4.236807379746389870e+02
8.503594335657172678e+02
-3.289471527040985777e+00
-9.060883254695484723e+00
-1.236270522045145626e+01
5.565285767749013957e+01
-1.059439865502091180e+02
-1.197447198263306767e+01
7.668644365994292400e+01
-1.553746719934251814e+02
-3.412680253273012720e+00
2.556884059133978226e+01
-5.441822907624661099e+01
-2.522303147397467391e-05
1.974284051666104072e-05
-1.835249420991793353e-05
2.189052060785007866e-05
8.251111609754531093e-05
7.156376881675298808e-06
-5.578588556062793596e-05
1.914246751718774611e-04
5.447059033739922090e-06
-3.220892507778974162e-05
7.973357851376556909e-05
4.331514709695348131e+01
6.386332679188080874e+02
-3.285768747216059182e+01
2.415893826937031463e+03
-5.766875169379177350e+03
-6.185459307173840671e+01
2.953967762459948062e+03
-8.986290575914970759e+03
-2.157143577976204440e+01
9.812158224673428322e+02
-3.239566489593028564e+03
-7.023953560373666360e-02
-1.627337266338482191e-01
-1.871212827093832742e-01
1.139061475000583412e+00
-2.832810024780407332e+00
-1.714122462932149982e-01
1.719582962169397655e+00
-4.539132336789171163e+00
-4.998498836550066549e-02
6.061010082703046642e-01
-1.683048144700408866e+00
9.597989995715032308e+00
-3.973126940037823260e+02
1.620340138676089481e+01
-1.572748600866462311e+03
3.602109352477470566e+03
2.709084360194797014e+01
-1.787438473966462197e+03
5.152178853141931540e+03
1.117575408664673198e+01
-5.778210154374955891e+02
1.808582413066273148e+03
-2.989381134275026150e-02
1.402644297748424140e+00
-7.356406745696696114e-02
8.336205843365983581e-01
2.239998710639519441e-01
-5.520194154184140944e-02
5.667328058485106013e-01
7.186956619950446434e-01
-1.550745321232462060e-02
1.575033204632508010e-01
2.107683743961278333e-01
9.971814882186743612e-01
-7.884452533374785438e-03
-5.904649739754406351e-02
1.395902620656441995e+00
-4.516600990676788108e+00
-5.585348849759626255e-02
1.751669126472225280e+00
-5.990118512528525230e+00
-1.794535169863122406e-02
5.965037649970348355e-01
-2.060910168694244149e+00
1.486725279115819753e-01
8.209894685810574522e-02
3.931902895091817754e+03
-1.739574458799375134e+04
3.132374481473609649e+03
3.439652022552067065e+05
-1.216252604700528784e+06
-7.069816104196866218e+04
1.383865273622090463e+06
-3.966403952832067385e+06
-6.001707788141911442e+04
8.035410314469210571e+05
-2.091659040697616525e+06
-4.010513715195055556e+04
1.122535023068765586e+05
2.356162946627068231e+04
-3.476428465891274158e+06
1.137550895989898220e+07
7.543465249009714462e+05
-1.308332720922653377e+07
3.644576181112138927e+07
5.962203749912963249e+05
-7.427801590597072616e+06
1.892924367219853401e+07
8.320893065649899654e+04
-1.912371471187765710e+05
-2.109185354791123827e+05
8.717249039671817794e+06
-2.691620906854761019e+07
-1.988861619651466608e+06
3.089309088725222647e+07
-8.390237249394467473e+07
-1.453536272980534472e+06
1.706282030963600799e+07
-4.274925237687686831e+07
8.150612357997543134e-01
2.574918822240306771e+00
1.160899145012123768e+00
-2.362884617293802947e+00
6.770846450477783662e+00
7.571188498986326509e-01
-2.725574782162413889e+00
7.114211467839805181e+00
1.766916158617322929e-01
-7.978772538339263809e-01
2.116226225145636075e+00
6.927309356731295095e-03
3.020434606418197915e-02
6.308091502261735720e-03
-1.207357519297386356e-01
2.627219910818683335e-01
3.415159994019484422e-03
-1.077973307575601503e-01
2.709839256055319168e-01
7.374193198972089913e-04
-2.749597809127142523e-02
7.331546287823605124e-02
1.010326672631545630e+00
8.993121977046843142e-04
2.839502447377245664e-01
-4.049703300442427434e+00
1.320794366690340738e+01
1.039626610382452937e-01
-7.025182535510112736e+00
2.478455378059363312e+01
3.093203388837781342e-02
-2.692387160863303208e+00
9.609417617337584261e+00
1.308209878770265622e+00
-5.537729502364404331e-03
-6.782928974230122143e-02
-6.689859090895068361e-01
3.403133786999731125e+00
-5.296571540359869962e-02
-9.923746685877291585e-01
4.820706407115611825e+00
-6.134140561888017616e-03
-3.842931559885691128e-01
1.756172425971497697e+00
2.096551999295542828e+03
1.463749316826155336e+03
1.312549328609852182e+03
1.830733001708211668e+04
-4.353414407461069641e+04
-8.332889543511114425e+02
3.204731997183186832e+04
-1.086094503752085875e+05
4.522513639811220401e+02
8.353439546391713520e+03
-4.453132500373219955e+04
-1.010657910535149676e+04
-4.460539208145426528e+04
-6.542620714725875587e+03
-2.672732963399422006e+05
6.861090862741009332e+05
3.405668292794279751e+03
-4.377349993120254949e+05
1.630057784535235725e+06
-7.461779422986622194e+03
-1.145214816147492966e+05
6.750402543917230796e+05
2.295322294076480830e+04
2.313094729643009778e+05
1.495757306380681803e+04
1.190788765197252389e+06
-3.106564542192634195e+06
-3.038152801253092093e+03
1.870029646657585632e+06
-7.326674459838395007e+06
4.275243513358938071e+04
4.680336872007651255e+05
-3.058238319217303768e+06
-1.461867869158983740e+04
-3.774554872480728081e+05
-9.609238244883457810e+03
-1.713447411648746347e+06
4.331143466012446210e+06
-2.236637379115715157e+04
-2.503264986142385751e+06
1.026157237355019525e+07
-8.533908568878362712e+04
-5.697280231719950680e+05
4.401978693206306547e+06
9.789747327985583070e+01
-4.265973087748922410e+01
1.534842103790491308e+02
-1.417062076076895437e+03
2.752861414366502686e+03
1.387406469558648894e+02
-1.433658507513588120e+03
2.857741895243075760e+03
4.102510946737612585e+01
-4.236807379746389870e+02
8.503594335657172678e+02
-3.292101409952002289e+00
-9.064371875323102401e+00
-1.234791434616614225e+01
5.569306294641518917e+01
-1.059311718572162846e+02
-1.197439307428336086e+01
7.672319434817070771e+01
-1.553084357415811780e+02
-3.413411197728798196e+00
2.555660652597008209e+01
-5.443381817933516942e+01
-2.524724205178182035e-05
1.974031779508604074e-05
-1.834839535028156288e-05
2.189112632265172146e-05
8.251091818245833613e-05
7.156620259618644194e-06
-5.577930933762150623e-05
1.914506591327808181e-04
5.446598169803406624e-06
-3.221336147217673996e-05
7.972628937184786965e-05
4.331514709695348131e+01
6.386332679188080874e+02
-3.285768747216059182e+01
2.415893826937031463e+03
-5.766875169379177350e+03
-6.185459307173840671e+01
2.953967762459948062e+03
-8.986290575914970759e+03
-2.157143577976204440e+01
9.812158224673428322e+02
-3.239566489593028564e+03
-7.025030831161500899e-02
-1.627421563969167206e-01
-1.871137612189877342e-01
1.138966161135375854e+00
-2.833155825003126349e+00
-1.713813098620785846e-01
1.720548540216483291e+00
-4.537197700804787459e+00
-4.998962348125175065e-02
6.059220319604876615e-01
-1.683405613196753192e+00
9.597682120863971988e+00
-3.974027345722819859e+02
1.620372574969722734e+01
-1.572371870929871420e+03
3.602205821987273794e+03
2.709094441854094981e+01
-1.787048235322122991e+03
5.153445017363371335e+03
1.117562633999884092e+01
-5.779210638877116253e+02
1.808309318443857592e+03
-2.989339594344395459e-02
1.402802736880577994e+00
-7.356506745238716727e-02
8.336033168860501608e-01
2.239997678637057343e-01
-5.520193600855173577e-02
5.667290499511031809e-01
7.186929301525278868e-01
-1.550742517762560696e-02
1.575041989241479368e-01
2.107688218790797485e-01
9.971100922658209242e-01
-7.884453110833525985e-03
-5.904650410804859750e-02
1.395891770278626876e+00
-4.516649725184658237e+00
-5.585333263908947438e-02
1.751716019959927317e+00
-5.989961789922207736e+00
-1.794537774882962178e-02
5.964960942737003169e-01
-2.060934164018131121e+00
1.486725279115819753e-01
7.371765464310459093e-02
3.931904144325289053e+03
-1.739574225189563367e+04
3.132374496716389785e+03
3.439662257998185232e+05
-1.216247092170649208e+06
-7.069844481875882775e+04
1.383827693351440597e+06
-3.966497091365361586e+06
-6.001674052090172336e+04
8.035584220165751176e+05
-2.091626749948451295e+06
-4.010502468047184084e+04
1.122536540613197576e+05
2.356161018891599451e+04
-3.476489313664972316e+06
1.137543655454384908e+07
7.543527655937981326e+05
-1.308327549460313283e+07
3.644524377053830773e+07
5.962221710693954956e+05
-7.427642120784038678e+06
1.892961291426239163e+07
8.320913146639605111e+04
-1.912369512024679279e+05
-2.109192843458776479e+05
8.717026141961203888e+06
-2.691656199947120622e+07
-1.988827598603708204e+06
3.089432180868848413e+07
-8.390126504711841047e+07
-1.453542665671424940e+06
1.706276868265860900e+07
-4.274913098918885738e+07
8.150950404900623170e-01
2.574990652665533730e+00
1.160845588356465674e+00
-2.362932569739513156e+00
6.770760162123117709e+00
7.571371414455249083e-01
-2.725522692161254756e+00
7.114290483582392355e+00
1.766907918359243435e-01
-7.978810055646675670e-01
2.116220254339265416e+00
6.927256602323251730e-03
3.020412287813534213e-02
6.308128883291508164e-03
-1.207326693648056448e-01
2.627253132356294207e-01
3.415150439612120621e-03
-1.077994971655353296e-01
2.709807751307510282e-01
7.374197156925478775e-04
-2.749585150164577177e-02
7.331567206519018498e-02
1.010316075492709187e+00
8.993121959051000695e-04
2.839509093458044697e-01
-4.049674064161263409e+00
1.320801162432949205e+01
1.039625889281046850e-01
-7.025254433004288757e+00
2.478435626111418344e+01
3.093203915789500408e-02
-2.692378353576019734e+00
9.609442636518071623e+00
1.308236260936203266e+00
-5.537729397486711863e-03
-6.782934953113657628e-02
-6.689872145373539913e-01
3.403126119603994582e+00
-5.296568399081019035e-02
-9.923721644909034856e-01
4.820719969887330869e+00
-6.134140932490053655e-03
-3.842934899804363869e-01
1.756170807981997761e+00
2.096551999295542828e+03
1.463749316826155336e+03
1.312549328609852182e+03
1.830733001708211668e+04
-4.353414407461069641e+04
-8.332889543511114425e+02
3.204731997183186832e+04
-1.086094503752085875e+05
4.522513639811220401e+02
8.353439546391713520e+03
-4.453132500373219955e+04
-1.010438137176387136e+04
-4.459692000209163962e+04
-6.542937544675053687e+03
-2.673749903731950326e+05
6.859818809211672051e+05
3.405653035125243605e+03
-4.377991397185606183e+05
1.629821987679481041e+06
-7.461415536626359426e+03
-1.145031130437999527e+05
6.751798911206854973e+05
2.295896421591865510e+04
2.314245025861844770e+05
1.495673018659196168e+04
1.189760412325062789e+06
-3.107869541008591652e+06
-3.038158948628623875e+03
1.869419780556603335e+06
-7.329172285837845877e+06
4.275850142937209603e+04
4.681899979179828078e+05
-3.056755600072244648e+06
-1.461778901877265525e+04
-3.773383797254681704e+05
-9.609370865759117805e+03
-1.714248150198149029e+06
4.330186651313195005e+06
-2.236650065116907717e+04
-2.503689569886832498e+06
1.025962061548825540e+07
-8.532985211767524015e+04
-5.696388722253425512e+05
4.403155597810277715e+06
9.789747327985583070e+01
-4.265973087748922410e+01
1.534842103790491308e+02
-1.417062076076895437e+03
2.752861414366502686e+03
1.387406469558648894e+02
-1.433658507513588120e+03
2.857741895243075760e+03
4.102510946737612585e+01
-4.236807379746389870e+02
8.503594335657172678e+02
-3.294752027171201636e+00
-9.067897063007094971e+00
-1.233494708768998294e+01
5.572608054387475818e+01
-1.059236245685591769e+02
-1.197156189254555336e+01
7.678270516254728761e+01
-1.552233235767318718e+02
-3.414407106672635805e+00
2.554137143937582977e+01
-5.445218000576389272e+01
-2.527003929838638036e-05
1.973794169594101432e-05
-1.834565881771761263e-05
2.189137510445644198e-05
8.250979264203632253e-05
7.157112115028821625e-06
-5.576988105142996775e-05
1.914829691222618585e-04
5.445987025096991075e-06
-3.221880144105062482e-05
7.971782666238165071e-05
4.331514709695348131e+01
6.386332679188080874e+02
-3.285768747216059182e+01
2.415893826937031463e+03
-5.766875169379177350e+03
-6.185459307173840671e+01
2.953967762459948062e+03
-8.986290575914970759e+03
-2.157143577976204440e+01
9.812158224673428322e+02
-3.239566489593028564e+03
-7.026067935250500385e-02
-1.627500465595106416e-01
-1.871165255743754419e-01
1.138788991938332495e+00
-2.833613223204238363e+00
-1.713383855285343371e-01
1.721770386001446829e+00
-4.534876935679431398e+00
-4.999541318057443284e-02
6.057070568453198911e-01
-1.683822889672665246e+00
9.597354748703750715e+00
-3.974989078323976059e+02
1.620403736791776694e+01
-1.572028429169646643e+03
3.602254646854352359e+03
2.709119316826876300e+01
-1.786516187085406045e+03
5.154976881681792293e+03
1.117546286764043906e+01
-5.780417317512809632e+02
1.807991778326264011e+03
-2.989294642195378451e-02
1.402975361328235415e+00
-7.356607777977069995e-02
8.335861018962854585e-01
2.239996714786492704e-01
-5.520199073238731685e-02
5.667238600205829480e-01
7.186896658607512256e-01
-1.550738942680747294e-02
1.575052506240390282e-01
2.107693382014549366e-01
9.970392004875383574e-01
-7.884453667996669732e-03
-5.904653990184325490e-02
1.395877158047325040e+00
-4.516707740688134187e+00
-5.585313685379095922e-02
1.751771665873915085e+00
-5.989781853609692952e+00
-1.794540866508489291e-02
5.964872355721981823e-01
-2.060961343914901711e+00
1.486725279115819753e-01
6.700301529948914092e-02
3.931904871676903440e+03
-1.739574187611041634e+04
3.132374713081766458e+03
3.439676986078933696e+05
-1.216240582654888742e+06
-7.069878484727587784e+04
1.383786452410111204e+06
-3.966594735943516251e+06
-6.001638602706109668e+04
8.035761816584425978e+05
-2.091594423038003733e+06
-4.010491890557019360e+04
1.122537962870169140e+05
2.356159200466094262e+04
-3.476546416570747737e+06
1.137536900260164775e+07
7.543587543314018985e+05
-1.308322296639146470e+07
3.644476269058955461e+07
5.962237440419655759e+05
-7.427495287268142216e+06
1.892995524041439965e+07
8.320933195087013883e+04
-1.912367548554491950e+05
-2.109200439185260620e+05
8.716797833815086633e+06
-2.691693022197360545e+07
-1.988791838742905529e+06
3.089566084985898063e+07
-8.389994576649206877e+07
-1.453550279963429784e+06
1.706267523624733090e+07
-4.274907671348962933e+07
8.151340266400988188e-01
2.575073522645470181e+00
1.160783647256148576e+00
-2.362988032451863507e+00
6.770660355828704624e+00
7.571583495568032784e-01
-2.725462313442827078e+00
7.114382046655411074e+00
1.766898344811946298e-01
-7.978853616133104731e-01
2.116213325854235716e+00
6.927192152399932502e-03
3.020384999743548279e-02
6.308174492735318419e-03
-1.207289038820885257e-01
2.627293759511931115e-01
3.415138789130103131e-03
-1.078021426990621034e-01
2.709769226402664044e-01
7.374201983068842843e-04
-2.749569688728414202e-02
7.331592795076055658e-02
1.010302941813223443e+00
8.993121936728928120e-04
2.839517316540108860e-01
-4.049637839530116246e+00
1.320809595454591445e+01
1.039624997868096451e-01
-7.025343487285625521e+00
2.478411110414698015e+01
3.093204567155923360e-02
-2.692367439574538057e+00
9.609473718774323103e+00
1.308268343857819982e+00
-5.537729269843390603e-03
-6.782942221103244185e-02
-6.689888031323045769e-01
3.403116779578805318e+00
-5.296564580401397215e-02
-9.923691165801796776e-01
4.820736497629424910e+00
-6.134141383184689780e-03
-3.842938967168542663e-01
1.756168835067940970e+00
2.096551999295542828e+03
1.463749316826155336e+03
1.312549328609852182e+03
1.830733001708211668e+04
-4.353414407461069641e+04
-8.332889543511114425e+02
3.204731997183186832e+04
-1.086094503752085875e+05
4.522513639811220401e+02
8.353439546391713520e+03
-4.453132500373219955e+04
-1.010256455920855660e+04
-4.458917390776416869e+04
-6.543123726880501636e+03
-2.674590459414788056e+05
6.858377266415227205e+05
3.405612042156784355e+03
-4.378814902313303319e+05
1.629755653686748119e+06
-7.460977046755622723e+03
-1.144856458846142486e+05
6.752767237141828518e+05
2.296372456345959290e+04
2.315297590831060952e+05
1.495623157844449997e+04
1.188912243228243198e+06
-3.109341945354467724e+06
-3.038175483396767504e+03
1.868630779882360250e+06
-7.330013122515160590e+06
4.276582417803059070e+04
4.683396794228332583e+05
-3.055706474624632858e+06
-1.461704930367296220e+04
-3.772311433317172341e+05
-9.609449783024407225e+03
-1.714907143062897027e+06
4.329111668625826016e+06
-2.236684181282216377e+04
-2.504242482594647445e+06
1.025886683463298343e+07
-8.531868814604243380e+04
-5.695529427007166669e+05
4.404003856901696883e+06
9.789747327985583070e+01
-4.265973087748922410e+01
1.534842103790491308e+02
-1.417062076076895437e+03
2.752861414366502686e+03
1.387406469558648894e+02
-1.433658507513588120e+03
2.857741895243075760e+03
4.102510946737612585e+01
-4.236807379746389870e+02
8.503594335657172678e+02
-3.297531263483698627e+00
-9.071670925574633060e+00
-1.232234109040611614e+01
5.575948125707004976e+01
-1.059142727072782009e+02
-1.196729279295082193e+01
7.685091290151927979e+01
-1.551340400838645621e+02
-3.415562492150365337e+00
2.552466562767547842e+01
-5.447154590882549741e+01
-2.529208391596710564e-05
1.973558628652791159e-05
-1.834389374490541893e-05
2.189143037754048805e-05
8.250838397657865868e-05
7.157787789727436937e-06
-5.575871581720752770e-05
1.915180357668816219e-04
5.445265769374333512e-06
-3.222485717058375462e-05
7.970882587441931134e-05
4.331514709695348131e+01
6.386332679188080874e+02
-3.285768747216059182e+01
2.415893826937031463e+03
-5.766875169379177350e+03
-6.185459307173840671e+01
2.953967762459948062e+03
-8.986290575914970759e+03
-2.157143577976204440e+01
9.812158224673428322e+02
-3.239566489593028564e+03
-7.027215173249573565e-02
-1.627593043983545373e-01
-1.871200552795740102e-01
1.138614172218020748e+00
-2.834056842379298224e+00
-1.712907569901844229e-01
1.723071149586669959e+00
-4.532469712885139224e+00
-5.000177972322469855e-02
6.054767940595713327e-01
-1.684261007553445877e+00
9.596981920825676582e+00
-3.976115780946678342e+02
1.620440081883800687e+01
-1.571573836158458562e+03
3.602435560892468402e+03
2.709142772469134997e+01
-1.786011234240662134e+03
5.156436323746064772e+03
1.117528902949396397e+01
-5.781666214346291781e+02
1.807668780554410887e+03
-2.989242874043387260e-02
1.403179534474344736e+00
-7.356727721849268264e-02
8.335635348052358173e-01
2.239994894864708597e-01
-5.520201587185437353e-02
5.667194927061576237e-01
7.186867384937767333e-01
-1.550735244070501444e-02
1.575063145962395939e-01
2.107698536914717202e-01
9.969565621986850035e-01
-7.884454389129628635e-03
-5.904656553736137292e-02
1.395864114043473991e+00
-4.516761446476562192e+00
-5.585293393587116573e-02
1.751828167440046879e+00
-5.989601339805037838e+00
-1.794544123159253282e-02
5.964780634696424944e-01
-2.060989137337664090e+00
1.486725279115819753e-01
6.148100801726089082e-02
3.931904827259158992e+03
-1.739574433584651342e+04
3.132375223595530315e+03
3.439697994265530724e+05
-1.216232774642334087e+06
-7.069920417868164077e+04
1.383740590923131909e+06
-3.966696777115984354e+06
-6.001601070055722084e+04
8.035941526302172570e+05
-2.091562773298523389e+06
-4.010482687794326921e+04
1.122539190265904763e+05
2.356157634851421972e+04
-3.476594719762989786e+06
1.137531386106423475e+07
7.543637634775651386e+05
-1.308319485046964698e+07
3.644431619484508783e+07
5.962252077435959363e+05
-7.427363969925457612e+06
1.893025631008292362e+07
8.320952396199098439e+04
-1.912365658876835660e+05
-2.109207831475727726e+05
8.716572819036386907e+06
-2.691730181124554202e+07
-1.988755729411899345e+06
3.089706742357781157e+07
-8.389842464435194433e+07
-1.453558910274129128e+06
1.706253695894939080e+07
-4.274910722093936056e+07
8.151782934214970577e-01
2.575167639484261084e+00
1.160713157361990433e+00
-2.363051148742114638e+00
6.770546780078790405e+00
7.571825316301399322e-01
-2.725393488174349343e+00
7.114486388855480570e+00
1.766887412072697117e-01
-7.978903332944390359e-01
2.116205422342631870e+00
6.927115805641268290e-03
3.020352644613762821e-02
6.308228482010086284e-03
-1.207244411431642461e-01
2.627341965507153931e-01
3.415125000584765935e-03
-1.078052782310593011e-01
2.709723505131939603e-01
7.374207696465024785e-04
-2.749551355910151776e-02
7.331623179230832565e-02
1.010287194051622039e+00
8.993121909945702959e-04
2.839527161692509405e-01
-4.049594420917639326e+00
1.320819715235845138e+01
1.039623931542132534e-01
-7.025450180362831532e+00
2.478381692373893941e+01
3.093205346164615635e-02
-2.692354361501866578e+00
9.609511036294778208e+00
1.308306263243994128e+00
-5.537729118856382984e-03
-6.782950809503428269e-02
-6.689906822385074392e-01
3.403105720750571717e+00
-5.296560067305887409e-02
-9.923655102174646636e-01
4.820756074999621887e+00
-6.134141916071921517e-03
-3.842943782367282957e-01
1.756166496708066349e+00
2.096551999295542828e+03
1.463749316826155336e+03
1.312549328609852182e+03
1.830733001708211668e+04
-4.353414407461069641e+04
-8.332889543511114425e+02
3.204731997183186832e+04
-1.086094503752085875e+05
4.522513639811220401e+02
8.353439546391713520e+03
-4.453132500373219955e+04
-1.010123793175726860e+04
-4.458250180107955384e+04
-6.543151824435788512e+03
-2.675190351834581234e+05
6.856808477341689868e+05
3.405541561648089100e+03
-4.379872648405252839e+05
1.629868337301143678e+06
-7.460459195214207284e+03
-1.144693424887987203e+05
6.753248323479366954e+05
2.296722165485804362e+04
2.316205619789146294e+05
1.495614926974819718e+04
1.188308672460136237e+06
-3.110938742209046613e+06
-3.038203899427503529e+03
1.867615393389208242e+06
-7.329097661461096257e+06
4.277448008755844785e+04
4.684804830311178230e+05
-3.055152986971762031e+06
-1.461650284184980228e+04
-3.771385000528923701e+05
-9.609463803345892302e+03
-1.715374658725413261e+06
4.327949822428165004e+06
-2.236742768073893603e+04
-2.504955075096799061e+06
1.025938730365454592e+07
-8.530548092159999942e+04
-5.694715262823434314e+05
4.404474825948332436e+06
9.789747327985583070e+01
-4.265973087748922410e+01
1.534842103790491308e+02
-1.417062076076895437e+03
2.752861414366502686e+03
1.387406469558648894e+02
-1.433658507513588120e+03
2.857741895243075760e+03
4.102510946737612585e+01
-4.236807379746389870e+02
8.503594335657172678e+02
-3.300442062536631305e+00
-9.075725307326601765e+00
-1.230983882771280946e+01
5.579529547606126272e+01
-1.059007439532369261e+02
-1.196197290512761313e+01
7.692273671046368122e+01
-1.550466214342043259e+02
-3.416836760181883648e+00
2.550715054503431034e+01
-5.449108876817728486e+01
-2.531317460404595656e-05
1.973325092891919962e-05
-1.834308449899746691e-05
2.189132709441077559e-05
8.250689630949309633e-05
7.158631049729197780e-06
-5.574620545073826129e-05
1.915543782179554111e-04
5.444449798620578192e-06
-3.223135704506462627e-05
7.969959344316475056e-05
4.331514709695348131e+01
6.386332679188080874e+02
-3.285768747216059182e+01
2.415893826937031463e+03
-5.766875169379177350e+03
-6.185459307173840671e+01
2.953967762459948062e+03
-8.986290575914970759e+03
-2.157143577976204440e+01
9.812158224673428322e+02
-3.239566489593028564e+03
-7.028519105146675827e-02
-1.627706032921887591e-01
-1.871208596292738002e-01
1.138475755807408341e+00
-2.834431987356241578e+00
-1.712414635985476663e-01
1.724371191261664382e+00
-4.530118525601043444e+00
-5.000845710556867107e-02
6.052413179982373270e-01
-1.684700176143209438e+00
9.596555946639339751e+00
-3.977442413947015893e+02
1.620483879525081505e+01
-1.570951994865021106e+03
3.602824086972257192e+03
2.709158288863045527e+01
-1.785606698594193858e+03
5.157667413781640789e+03
1.117511615131299685e+01
-5.782879716984579090e+02
1.807359650987636087e+03
-2.989183229493197133e-02
1.403421316759408732e+00
-7.356873051091966653e-02
8.335334732602003305e-01
2.239991824966692802e-01
-5.520197465551587857e-02
5.667169393565462121e-01
7.186845522782899787e-01
-1.550731714273447318e-02
1.575073141420098854e-01
2.107703336570893871e-01
9.968584226911310076e-01
-7.884455339262772672e-03
-5.904656632818755524e-02
1.395854837038777774e+00
-4.516804804468909751e+00
-5.585273801942573779e-02
1.751881879305243750e+00
-5.989431269380359524e+00
-1.794547391483674800e-02
5.964690160304405575e-01
-2.061016205782121524e+00
1.486725279115819753e-01
5.684372335952922461e-02
3.931903934075746747e+03
-1.739574979969715059e+04
3.132376049705387231e+03
3.439725256757473690e+05
-1.216223840496233199e+06
-7.069970272948787897e+04
1.383691019391804468e+06
-3.966799901967681479e+06
-6.001562090060887567e+04
8.036117968512885273e+05
-2.091533045104783261e+06
-4.010475327052117063e+04
1.122540162970322417e+05
2.356156420005149994e+04
-3.476631308310925495e+06
1.137527387548416108e+07
7.543672791057133581e+05
-1.308320232178242691e+07
3.644392419365067780e+07
5.962266494837476639e+05
-7.427251959040815011e+06
1.893050090255837142e+07
8.320969981373434712e+04
-1.912363914815706958e+05
-2.109214698711317324e+05
8.716360028019726276e+06
-2.691766444955226779e+07
-1.988720995679656975e+06
3.089848515150203183e+07
-8.389673707721635699e+07
-1.453568089942475781e+06
1.706235832227329910e+07
-4.274922968655072898e+07
8.152267913046253867e-01
2.575270779786232644e+00
1.160635799883675157e+00
-2.363120420133896005e+00
6.770422119435945518e+00
7.572091077125805425e-01
-2.725317857699528279e+00
7.114601035083190972e+00
1.766875383555975842e-01
-7.978958016200647929e-01
2.116196731788018148e+00
6.927029042904786840e-03
3.020315844763168250e-02
6.308289811285604579e-03
-1.207193663355727725e-01
2.627396838142055935e-01
3.415109337217862515e-03
-1.078088444455615469e-01
2.709671444862349343e-01
7.374214189108110277e-04
-2.749530495149244552e-02
7.331657794620168034e-02
1.010269100916711071e+00
8.993121879157247407e-04
2.839538460443327694e-01
-4.049544548648770892e+00
1.320831349919413711e+01
1.039622708549565594e-01
-7.025572695023864611e+00
2.478347870516076767e+01
3.093206239523272130e-02
-2.692339341270215236e+00
9.609553959596686568e+00
1.308349291193124264e+00
-5.537728947408152372e-03
-6.782960553890345079e-02
-6.689928160960282311e-01
3.403093152347148376e+00
-5.296554945831820349e-02
-9.923614137228849996e-01
4.820778333342572886e+00
-6.134142521047302073e-03
-3.842949254675461779e-01
1.756163836697618219e+00
2.096551999295542828e+03
1.463749316826155336e+03
1.312549328609852182e+03
1.830733001708211668e+04
-4.353414407461069641e+04
-8.332889543511114425e+02
3.204731997183186832e+04
-1.086094503752085875e+05
4.522513639811220401e+02
8.353439546391713520e+03
-4.453132500373219955e+04
-1.010042852891902294e+04
-4.457707750473276246e+04
-6.543024002289168493e+03
-2.675534630988612771e+05
6.855165445664072176e+05
3.405444117667357659e+03
-4.381135317698402214e+05
1.630151140372914029e+06
-7.459878218363010092e+03
-1.144546303370620444e+05
6.753239248191873776e+05
2.296938279170331225e+04
2.316945286967073334e+05
1.495647810240738909e+04
1.187965038668528898e+06
-3.112605619866795838e+06
-3.038243190024236810e+03
1.866401281576285837e+06
-7.326510228284076788e+06
4.278419944948696502e+04
4.686087272059479146e+05
-3.055099655518418644e+06
-1.461616119776456253e+04
-3.770628969627965125e+05
-9.609413651218146697e+03
-1.715638597318523098e+06
4.326740890046758577e+06
-2.236823771465234677e+04
-2.505808232035713270e+06
1.026112314018076845e+07
-8.529063955982979678e+04
-5.693967465622704476e+05
4.404563863751720637e+06
9.789747327985583070e+01
-4.265973087748922410e+01
1.534842103790491308e+02
-1.417062076076895437e+03
2.752861414366502686e+03
1.387406469558648894e+02
-1.433658507513588120e+03
2.857741895243075760e+03
4.102510946737612585e+01
-4.236807379746389870e+02
8.503594335657172678e+02
-3.303407985025196503e+00
-9.079956296726095388e+00
-1.229773375677939740e+01
5.583283861737518805e+01
-1.058830926814639355e+02
-1.195580233580897200e+01
7.699553874778324314e+01
-1.549642486319268073e+02
-3.418189598838054177e+00
2.548939349177598856e+01
-5.451016258984788720e+01
-2.533272935659411305e-05
1.973099961340101825e-05
-1.834325004275737031e-05
2.189107036569169843e-05
8.250538295545129625e-05
7.159617256748164663e-06
-5.573272381943052752e-05
1.915908857765349113e-04
5.443562979907146374e-06
-3.223810736991757520e-05
7.969040988000488702e-05
4.331514709695348131e+01
6.386332679188080874e+02
-3.285768747216059182e+01
2.415893826937031463e+03
-5.766875169379177350e+03
-6.185459307173840671e+01
2.953967762459948062e+03
-8.986290575914970759e+03
-2.157143577976204440e+01
9.812158224673428322e+02
-3.239566489593028564e+03
-7.029957651039731026e-02
-1.627838146310520984e-01
-1.871180513941193557e-01
1.138385670514461045e+00
-2.834715580475722696e+00
-1.711925431532155817e-01
1.725616995437218026e+00
-4.527919825505047235e+00
-5.001520463693898827e-02
6.050092894475519456e-01
-1.685123973752426618e+00
9.596085812138570148e+00
-3.978943483728972410e+02
1.620534575077248718e+01
-1.570165008120465018e+03
3.603428825845292977e+03
2.709163813359839423e+01
-1.785331440746789212e+03
5.158599246188838151e+03
1.117495159866888699e+01
-5.784006668194110716e+02
1.807077317213565493e+03
-2.989116948304570281e-02
1.403696094649743875e+00
-7.357041754737786432e-02
8.334961330815402469e-01
2.239987482845418043e-01
-5.520185845000170899e-02
5.667165237715328097e-01
7.186832682340046352e-01
-1.550728521405168869e-02
1.575082033778892610e-01
2.107707566311810277e-01
9.967470574283459062e-01
-7.884456501361171085e-03
-5.904654018566691392e-02
1.395849936304005112e+00
-4.516835557183673799e+00
-5.585255679389197064e-02
1.751930673189551646e+00
-5.989278424045339833e+00
-1.794550553890609385e-02
5.964604267013670080e-01
-2.061041532827787126e+00
1.486725279115819753e-01
5.279714241473942860e-02
3.931902283963860100e+03
-1.739575780692162152e+04
3.132377149226723304e+03
3.439757366983176325e+05
-1.216214245514317881e+06
-7.070026361022058700e+04
1.383639644467710517e+06
-3.966899805133417249e+06
-6.001522710981328419e+04
8.036285392173664877e+05
-2.091506333542453125e+06
-4.010469899748265016e+04
1.122540876145520015e+05
2.356155583600543105e+04
-3.476655868406515568e+06
1.137524756711229496e+07
7.543690813202377176e+05
-1.308324640603198297e+07
3.644360653749933094e+07
5.962281607594502857e+05
-7.427160192277596332e+06
1.893068221541174501e+07
8.320985524866572814e+04
-1.912362355193096737e+05
-2.109220824475082045e+05
8.716165608529470861e+06
-2.691800898931819946e+07
-1.988689138924146071e+06
3.089985667795753852e+07
-8.389494343283548951e+07
-1.453577205347511452e+06
1.706215185306712613e+07
-4.274943445830521733e+07
8.152779443115905078e-01
2.575379596910300606e+00
1.160554131538441114e+00
-2.363193563388809704e+00
6.770290473604402059e+00
7.572371858083654095e-01
-2.725237950088568173e+00
7.114722166427992711e+00
1.766862668316125928e-01
-7.979015816454695376e-01
2.116187546739315639e+00
6.926934173365528573e-03
3.020275580933197077e-02
6.308356858466715456e-03
-1.207138139347103262e-01
2.627456921424796144e-01
3.415092211093762910e-03
-1.078127473033779066e-01
2.709614420770175003e-01
7.374221290935619594e-04
-2.749507654352439240e-02
7.331695730215137541e-02
1.010249115233669448e+00
8.993121845134095273e-04
2.839550933550724077e-01
-4.049489455612912181e+00
1.320844212006973173e+01
1.039621358725346112e-01
-7.025708040689763401e+00
2.478310470293792633e+01
3.093207225719019765e-02
-2.692322740952133753e+00
9.609601453814534011e+00
1.308396266211777181e+00
-5.537728760132026341e-03
-6.782971192004230709e-02
-6.689951471916231185e-01
3.403079413494983108e+00
-5.296549353461913606e-02
-9.923569372526186427e-01
4.820802673335193411e+00
-6.134143181905202594e-03
-3.842955237221061249e-01
1.756160926534885425e+00
2.096551999295542828e+03
1.463749316826155336e+03
1.312549328609852182e+03
1.830733001708211668e+04
-4.353414407461069641e+04
-8.332889543511114425e+02
3.204731997183186832e+04
-1.086094503752085875e+05
4.522513639811220401e+02
8.353439546391713520e+03
-4.453132500373219955e+04
-1.010005430508694735e+04
-4.457278520630452113e+04
-6.542772781936841056e+03
-2.675663304157978273e+05
6.853500354282810586e+05
3.405327030895880398e+03
-4.382534576092126081e+05
1.630566563482816797e+06
-7.459259741392763317e+03
-1.144415866143984895e+05
6.752827218490572413e+05
2.297041695337344572e+04
2.317531778915920877e+05
1.495713304113161576e+04
1.187841153763613431e+06
-3.114289781227163505e+06
-3.038290422684852729e+03
1.865053005234573735e+06
-7.322618852413526736e+06
4.279455571786599467e+04
4.687235841017959174e+05
-3.055458391147373710e+06
-1.461599276455874497e+04
-3.770028392925476073e+05
-9.609312492779465174e+03
-1.715730076573606115e+06
4.325523064637918025e+06
-2.236921184908365831e+04
-2.506757322183351964e+06
1.026380728739038110e+07
-8.527481225254955643e+04
-5.693291677857682807e+05
4.404337539353508502e+06
9.789747327985583070e+01
-4.265973087748922410e+01
1.534842103790491308e+02
-1.417062076076895437e+03
2.752861414366502686e+03
1.387406469558648894e+02
-1.433658507513588120e+03
2.857741895243075760e+03
4.102510946737612585e+01
-4.236807379746389870e+02
8.503594335657172678e+02
-3.306354533410706953e+00
-9.084242719374175934e+00
-1.228626805060168081e+01
5.587091149495008580e+01
-1.058623715355399071e+02
-1.194901110131297450e+01
7.706774956033883939e+01
-1.548879479919391144e+02
-3.419581390559696121e+00
2.547181393182141562e+01
-5.452840710142316283e+01
-2.535050430821832334e-05
1.972887646746405079e-05
-1.834426876203601228e-05
2.189067977679641914e-05
8.250385334523275291e-05
7.160707239705773691e-06
-5.571866340539281234e-05
1.916268449928802437e-04
5.442633635131172716e-06
-3.224493399117296790e-05
7.968145747693758298e-05
4.331514709695348131e+01
6.386332679188080874e+02
-3.285768747216059182e+01
2.415893826937031463e+03
-5.766875169379177350e+03
-6.185459307173840671e+01
2.953967762459948062e+03
-8.986290575914970759e+03
-2.157143577976204440e+01
9.812158224673428322e+02
-3.239566489593028564e+03
-7.031485778075063919e-02
-1.627984586287792856e-01
-1.871118890776943544e-01
1.138342513406635614e+00
-2.834908247697014438e+00
-1.711452692336663528e-01
1.726781027568264903e+00
-4.525916193455628900e+00
-5.002184101170639718e-02
6.047863595006819359e-01
-1.685522956131223493e+00
9.595586576495716002e+00
-3.980567463597236610e+02
1.620590392911617172e+01
-1.569245881953364460e+03
3.604216253709680586e+03
2.709159902519526142e+01
-1.785182029768324810e+03
5.159233849604022907e+03
1.117479900335610843e+01
-5.785025493233586076e+02
1.806826634962245635e+03
-2.989046174992643010e-02
1.403994423352783461e+00
-7.357227912108836587e-02
8.334530196339391406e-01
2.239982081959843718e-01
-5.520167545496251077e-02
5.667180894152202830e-01
7.186828442518348181e-01
-1.550725723342539879e-02
1.575089684504874799e-01
2.107711166353727628e-01
9.966271822691515903e-01
-7.884457817408660821e-03
-5.904649195400803879e-02
1.395848934488639115e+00
-4.516854512184202086e+00
-5.585239246725452744e-02
1.751973969143350240e+00
-5.989144628412705451e+00
-1.794553546531716184e-02
5.964524575269630757e-01
-2.061064664544631331e+00
1.486725279115819753e-01
4.912464703971801405e-02
3.931900046862756426e+03
-1.739576765642294413e+04
3.132378455314696112e+03
3.439792592699155794e+05
-1.216204453422331251e+06
-7.070086659246886848e+04
1.383588176411886001e+06
-3.966993423561322503e+06
-6.001483733493900945e+04
8.036440501700689783e+05
-2.091483137320296606e+06
-4.010466185803397821e+04
1.122541366885765601e+05
2.356155092981996495e+04
-3.476670015981893986e+06
1.137523115666763484e+07
7.543692220422511455e+05
-1.308332206454968825e+07
3.644337276068434119e+07
5.962298199257130036e+05
-7.427086590534637682e+06
1.893080287616129220e+07
8.320999044576541928e+04
-1.912360976967999595e+05
-2.109226160803560924e+05
8.715991055949756876e+06
-2.691833257780503854e+07
-1.988660899397274246e+06
3.090114685034563392e+07
-8.389309770210082829e+07
-1.453585766939584864e+06
1.706193124636894092e+07
-4.274970328858137876e+07
8.153305761152794817e-01
2.575491588897696360e+00
1.160470085057307532e+00
-2.363268850573948310e+00
6.770154949684913603e+00
7.572660839268072763e-01
-2.725155699344588012e+00
7.114846858730181189e+00
1.766849582143207309e-01
-7.979075305895355630e-01
2.116178093132802029e+00
6.926832832893053959e-03
3.020232553009497695e-02
6.308428475729340075e-03
-1.207078798851194679e-01
2.627521168837026466e-01
3.415073914056209435e-03
-1.078169196105952382e-01
2.709553423129613114e-01
7.374228881191894659e-04
-2.749483226119101703e-02
7.331736328076229881e-02
1.010227561621860337e+00
8.993121808430237004e-04
2.839564383232069944e-01
-4.049430018642086182e+00
1.320858096266508319e+01
1.039619902975261190e-01
-7.025854110485764359e+00
2.478270076066188921e+01
3.093208289811858261e-02
-2.692304813675935105e+00
9.609652791172779374e+00
1.308446350512113554e+00
-5.537728560387442621e-03
-6.782982534728336510e-02
-6.689976338097717301e-01
3.403064751479254468e+00
-5.296543389441691480e-02
-9.923521608253266235e-01
4.820828657178775067e+00
-6.134143886921296709e-03
-3.842961623058200327e-01
1.756157818578227392e+00
2.096551999295542828e+03
1.463749316826155336e+03
1.312549328609852182e+03
1.830733001708211668e+04
-4.353414407461069641e+04
-8.332889543511114425e+02
3.204731997183186832e+04
-1.086094503752085875e+05
4.522513639811220401e+02
8.353439546391713520e+03
-4.453132500373219955e+04
-1.009998115731985490e+04
-4.456932570140253665e+04
-6.542440277834436529e+03
-2.675641418840272818e+05
6.851843400427066954e+05
3.405198041850225309e+03
-4.384007088292333647e+05
1.631069211463185027e+06
-7.458624555843524831e+03
-1.144299284619490645e+05
6.752135853530573659e+05
2.297066890527054420e+04
2.318005188296622946e+05
1.495800355820853656e+04
1.187871395307975123e+06
-3.115961243318534456e+06
-3.038342493215641753e+03
1.863630598475191975e+06
-7.317871738637300208e+06
4.280520227097079623e+04
4.688272571891142870e+05
-3.056103005910202395e+06
-1.461594492346479092e+04
-3.769542960300222039e+05
-9.609177501685018797e+03
-1.715700105532175861e+06
4.324317628353144042e+06
-2.237028643761384592e+04
-2.507760730714057572e+06
1.026711245573330671e+07
-8.525852646811331215e+04
-5.692676427078545094e+05
4.403892244641045108e+06
9.789747327985583070e+01
-4.265973087748922410e+01
1.534842103790491308e+02
-1.417062076076895437e+03
2.752861414366502686e+03
1.387406469558648894e+02
-1.433658507513588120e+03
2.857741895243075760e+03
4.102510946737612585e+01
-4.236807379746389870e+02
8.503594335657172678e+02
-3.309251299960248360e+00
-9.088518664903043387e+00
-1.227545779268591630e+01
5.590878223942310399e+01
-1.058396756535819776e+02
-1.194179115020973825e+01
7.713894546641452621e+01
-1.548169757603848780e+02
-3.420988851397546604e+00
2.545455558434227328e+01
-5.454581495907502386e+01
-2.536670247426584386e-05
1.972688110254361836e-05
-1.834594301297816862e-05
2.189018370159331707e-05
8.250229784301484960e-05
7.161866522305424295e-06
-5.570427679069136725e-05
1.916621116614546008e-04
5.441681222553436709e-06
-3.225175243244478074e-05
7.967276650538412659e-05
4.331514709695348131e+01
6.386332679188080874e+02
-3.285768747216059182e+01
2.415893826937031463e+03
-5.766875169379177350e+03
-6.185459307173840671e+01
2.953967762459948062e+03
-8.986290575914970759e+03
-2.157143577976204440e+01
9.812158224673428322e+02
-3.239566489593028564e+03
-7.033067926678224224e-02
-1.628140800932627030e-01
-1.871030869139255759e-01
1.138337811273869127e+00
-2.835024975447197448e+00
-1.710999223376254152e-01
1.727864119355416728e+00
-4.524096307159280350e+00
-5.002830246255248609e-02
6.045736863511245174e-01
-1.685896580885482443e+00
9.595069685077103117e+00
-3.982271392974418518e+02
1.620649694900346915e+01
-1.568230878550290072e+03
3.605142024333716108e+03
2.709148359093072855e+01
-1.785136735405860918e+03
5.159618937111323248e+03
1.117465808230127422e+01
-5.785943326519817447e+02
1.806604948562589470e+03
-2.988972580718932820e-02
1.404308329151442436e+00
-7.357426061636042347e-02
8.334057318337467768e-01
2.239975886257518645e-01
-5.520144015157053830e-02
5.667212506195440369e-01
7.186831263746065179e-01
-1.550723283096310488e-02
1.575096225212384293e-01
2.107714206599242968e-01
9.965028625879420732e-01
-7.884459229723878720e-03
-5.904642864212115982e-02
1.395850865336037971e+00
-4.516864137050948358e+00
-5.585224269664081087e-02
1.752012475276764736e+00
-5.989027557206524577e+00
-1.794556370093576200e-02
5.964450819957858307e-01
-2.061085733352927551e+00
1.486725279115819753e-01
4.570791665951147442e-02
