3.931897989719669567e+03
-1.739575870681280503e+04
3.132375545898834844e+03
3.439658609236137709e+05
-1.216256581998199690e+06
-7.069800600428853068e+04
1.383907177859704942e+06
-3.966276189097944647e+06
-6.001752423652596190e+04
8.035151181825734675e+05
-2.091710365941657918e+06
-4.010547653771656769e+04
1.122530169706700981e+05
2.356169606583616769e+04
-3.476180699403351173e+06
1.137593670849481970e+07
7.543131127166453516e+05
-1.308476044625267945e+07
3.644458485392813385e+07
5.962266124722879613e+05
-7.427790114356440492e+06
1.892897751404034346e+07
8.320835471266537206e+04
-1.912377264145924128e+05
-2.109162454782992136e+05
8.717975083525680006e+06
-2.691494242066955194e+07
-1.988980652736272197e+06
3.088802996015456319e+07
-8.390870279256162047e+07
-1.453503195344649721e+06
1.706352899082216620e+07
-4.274865973112091422e+07
8.149838730507784623e-01
2.574755351745465770e+00
1.161019803549678597e+00
-2.362777178555153679e+00
6.771038707057573269e+00
7.570782938606833712e-01
-2.725689689043247377e+00
7.114038039714996486e+00
1.766934149293478973e-01
-7.978690983168182926e-01
2.116239150200515340e+00
6.927402739328343377e-03
3.020474290328910988e-02
6.308024337706170936e-03
-1.207413066113113831e-01
2.627159890578132373e-01
3.415177364719879441e-03
-1.077933861118837433e-01
2.709896696689174656e-01
7.374185938559282925e-04
-2.749621038376280982e-02
7.331507891357019746e-02
1.010344404799476958e+00
8.993122007234547691e-04
2.839491168044590008e-01
-4.049752962958004687e+00
1.320782817266536568e+01
1.039627848680542560e-01
-7.025059158961947325e+00
2.478489237013047486e+01
3.093202475605891927e-02
-2.692402389685166320e+00
9.609374464684982797e+00
1.308161560703610560e+00
-5.537729694807678321e-03
-6.782917938621006726e-02
-6.689834970767116751e-01
3.403147966134083102e+00
-5.296577374411866324e-02
-9.923793203111361816e-01
4.820681208409586915e+00
-6.134139870393713091e-03
-3.842925330869636502e-01
1.756175442198598446e+00
2.096551999295542828e+03
1.463749316826155336e+03
1.312549328609852182e+03
1.830733001708211668e+04
-4.353414407461069641e+04
-8.332889543511114425e+02
3.204731997183186832e+04
-1.086094503752085875e+05
4.522513639811220401e+02
8.353439546391713520e+03
-4.453132500373219955e+04
-1.011405647262115599e+04
-4.463101109458185238e+04
-6.541308761668721672e+03
-2.669592341930750408e+05
6.863283229317984078e+05
3.405637218767968534e+03
-4.375077208209015080e+05
1.631817130734469742e+06
-7.462648563007645862e+03
-1.145852517715331924e+05
6.744024689098675735e+05
2.293365827343649653e+04
2.309600081497950596e+05
1.496108397418369532e+04
1.194018134231814183e+06
-3.104223969305276405e+06
-3.038166617199258781e+03
1.872032284909359179e+06
-7.309145012085539289e+06
4.273822871475410648e+04
4.675020186166010099e+05
-3.064853498512499034e+06
-1.462171522218356949e+04
-3.778128579387104255e+05
-9.608682631509725979e+03
-1.710892525721405633e+06
4.332924601416520774e+06
-2.236668326226652789e+04
-2.501971638637746684e+06
1.027449590225954168e+07
-8.536030079034245864e+04
-5.700253441737515386e+05
4.396844346849776804e+06
9.789747327985583070e+01
-4.265973087748922410e+01
1.534842103790491308e+02
-1.417062076076895437e+03
2.752861414366502686e+03
1.387406469558648894e+02
-1.433658507513588120e+03
2.857741895243075760e+03
4.102510946737612585e+01
-4.236807379746389870e+02
8.503594335657172678e+02
-3.282701958759533856e+00
-9.051384468245865733e+00
-1.241544974225804232e+01
5.547164477097869906e+01
-1.060510993896633494e+02
-1.195304455369065799e+01
7.680704618365417957e+01
-1.553317294809839382e+02
-3.412926159239326296e+00
2.557237756995253619e+01
-5.440803670774046452e+01
-2.515642981879956500e-05
1.975025694220132650e-05
-1.837067146929591507e-05
2.188631704131197269e-05
8.250240316860032888e-05
7.157371250566708209e-06
-5.578000011227068460e-05
1.914208288407217846e-04
5.447166261464216858e-06
-3.220610095021981872e-05
7.974016714984341050e-05
4.331514709695348131e+01
6.386332679188080874e+02
-3.285768747216059182e+01
2.415893826937031463e+03
-5.766875169379177350e+03
-6.185459307173840671e+01
2.953967762459948062e+03
-8.986290575914970759e+03
-2.157143577976204440e+01
9.812158224673428322e+02
-3.239566489593028564e+03
-7.020209449091723009e-02
-1.626979845068708408e-01
-1.872514685185499017e-01
1.138313650449944925e+00
-2.833419630443004600e+00
-1.713795568684061688e-01
1.719754933811952657e+00
-4.539717148261272150e+00
-4.998343735754870454e-02
6.062072055948308780e-01
-1.682769616644546051e+00
9.598807238347900395e+00
-3.970543859555743325e+02
1.620212618951781280e+01
-1.574828698671703705e+03
3.600341084383109319e+03
2.709242965907546719e+01
-1.786482357315139097e+03
5.152919378666510966e+03
1.117571013003389524e+01
-5.777999423177481049e+02
1.808730762932043035e+03
-2.989487384493607139e-02
1.402210644858373767e+00
-7.356049468633846233e-02
8.337006542278661003e-01
2.240008282397391026e-01
-5.520287000117722609e-02
5.667186343606578358e-01
7.186931973380502603e-01
-1.550743735432574301e-02
1.575032277927718716e-01
2.107681571517622809e-01
9.974408278363099400e-01
-7.884449714907202852e-03
-5.904690119559103528e-02
1.395871239676408804e+00
-4.516631601676276198e+00
-5.585343136869692221e-02
1.751658003934360330e+00
-5.990208965347804337e+00
-1.794533652216119546e-02
5.965097794825992006e-01
-2.060887936797180409e+00
4.774827595303171579e-02
4.774827595303411665e-02
3.931901248208638208e+03
-1.739574210898426463e+04
3.132375054217139223e+03
3.439633177327029407e+05
-1.216265431596932933e+06
-7.069804388112948800e+04
1.383928101272190223e+06
-3.966216120023522992e+06
-6.001740135338020627e+04
8.035109312547047157e+05
-2.091723434378693346e+06
-4.010538717622416880e+04
1.122531988224630913e+05
2.356168902281856572e+04
-3.476248177118355408e+06
1.137573330525632203e+07
7.543115842080131406e+05
-1.308428254090908356e+07
3.644591522477958351e+07
5.962300706904216204e+05
-7.427879778557554819e+06
1.892869657501541823e+07
8.320845540168386651e+04
-1.912375884745281364e+05
-2.109163885295387590e+05
8.717865275061270222e+06
-2.691523970149246231e+07
-1.988983978573135566e+06
3.088871005726857111e+07
-8.390686324099844694e+07
-1.453497507614518981e+06
1.706340997976705804e+07
-4.274903384185795486e+07
8.149853073688595462e-01
2.574757947051208973e+00
1.161018109979430113e+00
-2.362778540202734145e+00
6.771036052922497994e+00
7.570788227517935010e-01
-2.725688202479267908e+00
7.114040581081840564e+00
1.766933905072879674e-01
-7.978692159700041531e-01
2.116238935421168588e+00
6.927391419331259577e-03
3.020469611375837735e-02
6.308029610769347144e-03
-1.207408916818372008e-01
2.627164203150658128e-01
3.415176226855062749e-03
-1.077936359574255265e-01
2.709893203965330621e-01
7.374186384033993647e-04
-2.749619628296417345e-02
7.331510145082335839e-02
1.010341890555625621e+00
8.993122002636003923e-04
2.839492204962839605e-01
-4.049748183674907409e+00
1.320783980765315135e+01
1.039627746864059954e-01
-7.025069818366215024e+00
2.478486196646599993e+01
3.093202552646535236e-02
-2.692401024192530468e+00
9.609378492607522304e+00
1.308166232993160039e+00
-5.537729676351963934e-03
-6.782918662100292928e-02
-6.689836490888192433e-01
3.403147088103336770e+00
-5.296577037843581276e-02
-9.923790616313045154e-01
4.820682576128715091e+00
-6.134139909510231276e-03
-3.842925673947453769e-01
1.756175279803894318e+00
2.096551999295542828e+03
1.463749316826155336e+03
1.312549328609852182e+03
1.830733001708211668e+04
-4.353414407461069641e+04
-8.332889543511114425e+02
3.204731997183186832e+04
-1.086094503752085875e+05
4.522513639811220401e+02
8.353439546391713520e+03
-4.453132500373219955e+04
-1.011739352729534949e+04
-4.463761036167953716e+04
-6.540797183987536300e+03
-2.668796981267624651e+05
6.863608710493698018e+05
3.405627952815631943e+03
-4.374925446071759216e+05
1.631982192017494002e+06
-7.462942081830616189e+03
-1.145949495772633672e+05
6.743407966913010459e+05
2.292500094976232504e+04
2.308707682179362455e+05
1.496245004022974717e+04
1.194833092326230137e+06
-3.103876567104263697e+06
-3.038171341016804035e+03
1.872128516800907440e+06
-7.307561280385446735e+06
4.273360737735897419e+04
4.674237892410631175e+05
-3.065478505066032056e+06
-1.462304796059259752e+04
-3.779033636786272400e+05
-9.608466958208071446e+03
-1.710250076382968575e+06
4.333188811601941474e+06
-2.236679927887751182e+04
-2.501934150823120493e+06
1.027562027874991857e+07
-8.536695219012603047e+04
-5.700677053743576398e+05
4.396370026481488720e+06
9.789747327985583070e+01
-4.265973087748922410e+01
1.534842103790491308e+02
-1.417062076076895437e+03
2.752861414366502686e+03
1.387406469558648894e+02
-1.433658507513588120e+03
2.857741895243075760e+03
4.102510946737612585e+01
-4.236807379746389870e+02
8.503594335657172678e+02
-3.280285968831881505e+00
-9.049133837902346045e+00
-1.243225123919800978e+01
5.543360972892776317e+01
-1.060671073842962215e+02
-1.194542974362996191e+01
7.684141172612724802e+01
-1.553176596016332667e+02
-3.413205702315124324e+00
2.557073929668980128e+01
-5.440859508151961421e+01
-2.512778691781321778e-05
1.975223922507359176e-05
-1.837817414505505141e-05
2.188516401591181882e-05
8.250070602564368275e-05
7.157897796636857554e-06
-5.577663872959710904e-05
1.914243129503010246e-04
5.447052593996470091e-06
-3.220648167331398304e-05
7.974007878283910413e-05
4.331514709695348131e+01
6.386332679188080874e+02
-3.285768747216059182e+01
2.415893826937031463e+03
-5.766875169379177350e+03
-6.185459307173840671e+01
2.953967762459948062e+03
-8.986290575914970759e+03
-2.157143577976204440e+01
9.812158224673428322e+02
-3.239566489593028564e+03
-7.018196492796091590e-02
-1.626848795953795279e-01
-1.873239011671645748e-01
1.137996568068487813e+00
-2.833664479980486206e+00
-1.713489860369950823e-01
1.720126523769860194e+00
-4.539399428093883415e+00
-4.998466845610170795e-02
6.061841030970485100e-01
-1.682791620586847170e+00
9.599124429173667039e+00
-3.969839980154943646e+02
1.620168257736570538e+01
-1.575335428559053298e+03
3.599996874311629199e+03
2.709306162481401969e+01
-1.786153770418480235e+03
5.153253888292993906e+03
1.117565650842359481e+01
-5.778174455365800668e+02
1.808710423409296709e+03
-2.989527615417032075e-02
1.402095801480847559e+00
-7.355929451497723870e-02
8.337193311056028122e-01
2.240010042605974638e-01
-5.520321617669557424e-02
5.667142588107612067e-01
7.186923289512859858e-01
-1.550742359680489131e-02
1.575034016761613920e-01
2.107681946099168036e-01
9.975449011180721470e-01
-7.884448620992419443e-03
-5.904704808051262910e-02
1.395859955777303041e+00
-4.516649659757331570e+00
-5.585336834644619858e-02
1.751665370356804807e+00
-5.990199121123715997e+00
-1.794533983230581567e-02
5.965093976096591533e-01
-2.060888256617115832e+00
4.774827595303171579e-02
2.289465162388415118e-02
3.931905097924340680e+03
-1.739571536521927192e+04
3.132375560644320558e+03
3.439609902727587614e+05
-1.216276733564560302e+06
-7.069877334246630198e+04
1.383928156889046542e+06
-3.966163849464653060e+06
-6.001673073929116072e+04
8.035158467806683620e+05
-2.091731217399395537e+06
-4.010528871867294947e+04
1.122534862642590742e+05
2.356169849999114012e+04
-3.476306110117284115e+06
1.137547558131301589e+07
7.542881526346635073e+05
-1.308433149036183953e+07
3.644706241565621644e+07
5.962482969764838926e+05
-7.427756825479616411e+06
1.892852962988722324e+07
8.320855995411796903e+04
-1.912373737823470146e+05
-2.109161581951965054e+05
8.717775925143461674e+06
-2.691561439066312090e+07
-1.989028775473844726e+06
3.088858347914123908e+07
-8.390528385921686888e+07
-1.453468240871909773e+06
1.706359209201835096e+07
-4.274925717373706400e+07
8.149867820648070138e-01
2.574762214610262667e+00
1.161016106425355909e+00
-2.362780980988634205e+00
6.771030227824239134e+00
7.570796470174027126e-01
-2.725685179373680267e+00
7.114046419726898662e+00
1.766933434078424014e-01
-7.978694776835475455e-01
2.116238426506216186e+00
6.927365156550665225e-03
3.020459078853075102e-02
6.308041405746167909e-03
-1.207399950208699474e-01
2.627173309028842940e-01
3.415173777251640733e-03
-1.077941587229039738e-01
2.709886050695868853e-01
7.374187313465152419e-04
-2.749616741437699297e-02
7.331514682773516978e-02
1.010336291700396405e+00
8.993121992461595949e-04
2.839494419025647143e-01
-4.049738094411568845e+00
1.320786411588199982e+01
1.039627535296865773e-01
-7.025091729722646505e+00
2.478480017487113329e+01
3.093202710148682671e-02
-2.692398252963034366e+00
9.609386589864111983e+00
1.308176943475295451e+00
-5.537729635030551496e-03
-6.782920264210620664e-02
-6.689839765713304631e-01
3.403145230487893969e+00
-5.296576315172224492e-02
-9.923785190751983620e-01
4.820685396717010462e+00
-6.134139991635719977e-03
-3.842926381974434147e-01
1.756174949180368650e+00
2.096551999295542828e+03
1.463749316826155336e+03
1.312549328609852182e+03
1.830733001708211668e+04
-4.353414407461069641e+04
-8.332889543511114425e+02
3.204731997183186832e+04
-1.086094503752085875e+05
4.522513639811220401e+02
8.353439546391713520e+03
-4.453132500373219955e+04
-1.012160395552947739e+04
-4.464611354138725437e+04
-6.540430075104341995e+03
-2.668082555145536899e+05
6.863977401837758953e+05
3.405731906464807253e+03
-4.373445358589877142e+05
1.632233309274814324e+06
-7.463970783074416431e+03
-1.146179394684483414e+05
6.742534760756441392e+05
2.291409087126111262e+04
2.307562835791503021e+05
1.496344112281319576e+04
1.195562014586438192e+06
-3.103498299269899726e+06
-3.038131122557586423e+03
1.873451310041989665e+06
-7.305052556875472888e+06
4.271695010360237211e+04
4.672343218355847639e+05
-3.066378188768998254e+06
-1.462472545714834268e+04
-3.780189823145960108e+05
-9.608309012183588493e+03
-1.709677976462615188e+06
4.333466031183865853e+06
-2.236600242508070733e+04
-2.501066658599549439e+06
1.027747597862045467e+07
-8.539160881030703604e+04
-5.701725164117324166e+05
4.395675976302893832e+06
9.789747327985583070e+01
-4.265973087748922410e+01
1.534842103790491308e+02
-1.417062076076895437e+03
2.752861414366502686e+03
1.387406469558648894e+02
-1.433658507513588120e+03
2.857741895243075760e+03
4.102510946737612585e+01
-4.236807379746389870e+02
8.503594335657172678e+02
-3.277145087300066706e+00
-9.046452047332023128e+00
-1.244945640036996615e+01
5.540111832035048423e+01
-1.060742932015009075e+02
-1.194167160800156857e+01
7.685023404388832091e+01
-1.553254678051898168e+02
-3.412992770736495096e+00
2.557271913365007165e+01
-5.440639724033599833e+01
-2.509307332857314162e-05
1.975439427353094227e-05
-1.838474697704279038e-05
2.188431812736010002e-05
8.250020987352198968e-05
7.157957908691380587e-06
-5.577687899839363974e-05
1.914206770959476220e-04
5.447310340934379145e-06
-3.220537234634641727e-05
7.974128719669271853e-05
4.331514709695348131e+01
6.386332679188080874e+02
-3.285768747216059182e+01
2.415893826937031463e+03
-5.766875169379177350e+03
-6.185459307173840671e+01
2.953967762459948062e+03
-8.986290575914970759e+03
-2.157143577976204440e+01
9.812158224673428322e+02
-3.239566489593028564e+03
-7.015744030620328642e-02
-1.626694513726873181e-01
-1.873792846023485670e-01
1.137770408703363989e+00
-2.833797217418059677e+00
-1.713526172950687321e-01
1.720085082958636047e+00
-4.539510946289883719e+00
-4.998209591449620515e-02
6.062254266276829728e-01
-1.682745564287175144e+00
9.599555428763123288e+00
-3.968915119524641568e+02
1.620123004306234549e+01
-1.575802897304025691e+03
3.599751357383125196e+03
2.709332600910654776e+01
-1.786055091545750656e+03
5.153229972988175177e+03
1.117569937716756279e+01
-5.778021484255615405e+02
1.808741142937773247e+03
-2.989583357481454332e-02
1.401942066365063022e+00
-7.355801310039576657e-02
8.337374373461713395e-01
2.240011390273204950e-01
-5.520339184663228954e-02
5.667125612017617220e-01
7.186922987693590281e-01
-1.550743198733156060e-02
1.575032811798403320e-01
2.107681468781203715e-01
9.976921312068931513e-01
-7.884447138683570860e-03
-5.904720447466613176e-02
1.395851134461042253e+00
-4.516656461026214764e+00
-5.585333100572306697e-02
1.751664872601017775e+00
-5.990215051416523551e+00
-1.794533915689095968e-02
5.965100164780224867e-01
-2.060885633410705964e+00
4.774827595303171579e-02
1.460895815402344158e-02
3.931911861804247110e+03
-1.739566056204572305e+04
3.132376941407279446e+03
3.439564998333032127e+05
-1.216299273044300033e+06
-7.070027193050106871e+04
1.383928380084342789e+06
-3.966062790850381833e+06
-6.001542631056132814e+04
8.035246845447085798e+05
-2.091746241162181366e+06
-4.010512884913392190e+04
1.122540683589755936e+05
2.356172526644769823e+04
-3.476413377232685219e+06
1.137496210956451111e+07
7.542386269583641551e+05
-1.308446339644899964e+07
3.644927840542557836e+07
5.962843902790372958e+05
-7.427525858760177158e+06
1.892820648192471638e+07
8.320871702581722639e+04
-1.912369432674399868e+05
-2.109154945233488979e+05
8.717616813515808433e+06
-2.691636065162603930e+07
-1.989125367687861901e+06
3.088823846027877927e+07
-8.390223239978891611e+07
-1.453409518585657002e+06
1.706394376826485991e+07
-4.274969104480073601e+07
8.149876971690094285e-01
2.574770083574622337e+00
1.161014193696455310e+00
-2.362785743259360860e+00
6.771016904432820560e+00
7.570809266675158078e-01
-2.725678801231866011e+00
7.114059891853480089e+00
1.766932528804120162e-01
-7.978700573495806081e-01
2.116237244292915598e+00
6.927301799000910865e-03
3.020434578755767235e-02
6.308070653605244403e-03
-1.207378817007485339e-01
2.627194095399882912e-01
3.415167582537473757e-03
-1.077954025939164007e-01
2.709869644293777524e-01
7.374189695629087930e-04
-2.749609834224678653e-02
7.331525123998731963e-02
1.010323428505105481e+00
8.993121969488107603e-04
2.839499590759678727e-01
-4.049715232094687423e+00
1.320791814984202617e+01
1.039627032425227693e-01
-7.025141850500234320e+00
2.478466209563008249e+01
3.093203089051031404e-02
-2.692391866862863914e+00
9.609404792851039545e+00
1.308202228827032076e+00
-5.537729540022772075e-03
-6.782924103278024919e-02
-6.689847339885297561e-01
3.403141029562104070e+00
-5.296574568276678913e-02
-9.923772585310723926e-01
4.820691789597141508e+00
-6.134140191094958165e-03
-3.842928030976788811e-01
1.756174198364233607e+00
2.096551999295542828e+03
1.463749316826155336e+03
1.312549328609852182e+03
1.830733001708211668e+04
-4.353414407461069641e+04
-8.332889543511114425e+02
3.204731997183186832e+04
-1.086094503752085875e+05
4.522513639811220401e+02
8.353439546391713520e+03
-4.453132500373219955e+04
-1.012625798741852122e+04
-4.465544345489875559e+04
-6.540224311077894527e+03
-2.667214000935153454e+05
6.864767333791500423e+05
3.405928367695841644e+03
-4.372186348007009947e+05
1.632077706954899943e+06
-7.465564211537634037e+03
-1.146400483565362229e+05
6.742507169965746580e+05
2.290213197939764723e+04
2.306326050046683231e+05
1.496397568855280952e+04
1.196404122720443411e+06
-3.102743404516218696e+06
-3.038052757949324132e+03
1.874661407346661668e+06
-7.306369891351386905e+06
4.269077564809795876e+04
4.670469284660990234e+05
-3.066445233461540192e+06
-1.462654955846767371e+04
-3.781420232040297124e+05
-9.608226926917281162e+03
-1.709049021530624712e+06
4.333980563410820439e+06
-2.236440305013972102e+04
-2.500216894403430633e+06
1.027667406281734817e+07
-8.543089144650554226e+04
-5.702789924956357572e+05
4.395595237145726569e+06
9.789747327985583070e+01
-4.265973087748922410e+01
1.534842103790491308e+02
-1.417062076076895437e+03
2.752861414366502686e+03
1.387406469558648894e+02
-1.433658507513588120e+03
2.857741895243075760e+03
4.102510946737612585e+01
-4.236807379746389870e+02
8.503594335657172678e+02
-3.273801855459673504e+00
-9.044272295565191300e+00
-1.246070410121866523e+01
5.539776949477557366e+01
-1.060534013376827431e+02
-1.194667787565787798e+01
7.680417314064156642e+01
-1.553783095970948125e+02
-3.411936309181994531e+00
2.558056582085461983e+01
-5.439984733080401469e+01
-2.506126588821235625e-05
1.975564389655991439e-05
-1.838678825929539147e-05
2.188455804333889706e-05
8.250309096672536942e-05
7.157103785226325632e-06
-5.578389196377467541e-05
1.914040164816108343e-04
5.448167405488803250e-06
-3.220204959613197121e-05
7.974429094778912313e-05
4.331514709695348131e+01
6.386332679188080874e+02
-3.285768747216059182e+01
2.415893826937031463e+03
-5.766875169379177350e+03
-6.185459307173840671e+01
2.953967762459948062e+03
-8.986290575914970759e+03
-2.157143577976204440e+01
9.812158224673428322e+02
-3.239566489593028564e+03
-7.012990448471176363e-02
-1.626532639437454908e-01
-1.873902711299137991e-01
1.137762690910077312e+00
-2.833682798675588366e+00
-1.714195704502257667e-01
1.719316921027669087e+00
-4.540344765457697385e+00
-4.997298126120066492e-02
6.063709716752991863e-01
-1.682596383627485093e+00
9.600108734530644838e+00
-3.967798790350679496e+02
1.620086367073919220e+01
-1.576070061101548390e+03
3.599796755245762142e+03
2.709284772681165876e+01
-1.786398369356791136e+03
5.152538830527350910e+03
1.117591064740200757e+01
-5.777327806761632019e+02
1.808852520113180162e+03
-2.989657130248174824e-02
1.401750209986498241e+00
-7.355684609256005202e-02
8.337500230181210670e-01
2.240011453477827319e-01
-5.520321878899792784e-02
5.667160269092443858e-01
7.186938253389284492e-01
-1.550747901140487467e-02
1.575026773069044816e-01
2.107679653496896954e-01
9.978813580946968020e-01
-7.884445380880658952e-03
-5.904732338074833442e-02
1.395852405842521460e+00
-4.516630364177681933e+00
-5.585335457361215172e-02
1.751647756869782580e+00
-5.990283460494672418e+00
-1.794533169220800459e-02
5.965123243569512290e-01
-2.060877995717119937e+00
4.774827595303171579e-02
1.106376086968309698e-02
3.931924905613941519e+03
-1.739556198935703287e+04
3.132378436843126110e+03
3.439484684141532634e+05
-1.216334018002543133e+06
-7.070225221945492376e+04
1.383937325115252286e+06
-3.965931061377884820e+06
-6.001368303982794896e+04
8.035356366190296831e+05
-2.091761857085022610e+06
-4.010483165255789936e+04
1.122551082590484148e+05
2.356176220022519919e+04
-3.476599522895187140e+06
1.137416989475419931e+07
7.541682713661153102e+05
-1.308456366350515559e+07
3.645215832543016225e+07
5.963350131629440002e+05
-7.427204427448168397e+06
1.892787054330120236e+07
8.320899717088151374e+04
-1.912361785855054623e+05
-2.109144749928765523e+05
8.717349246533196419e+06
-2.691751371743593737e+07
-1.989269175346302101e+06
3.088774039155766368e+07
-8.389826669308225811e+07
-1.453324320931221358e+06
1.706446645277050138e+07
-4.275014546765962988e+07
8.149872509177782387e-01
2.574784906762616288e+00
1.161013590550248997e+00
-2.362794531292892852e+00
6.770989491448768938e+00
7.570824675984840768e-01
-2.725666886136660860e+00
7.114087222748437078e+00
1.766931164716241398e-01
-7.978711540632821286e-01
2.116234862019702234e+00
6.927169253988028040e-03
3.020385380193991304e-02
6.308134211094713721e-03
-1.207335633918797807e-01
2.627234749913722744e-01
3.415153690153328783e-03
-1.077979849745839547e-01
2.709837354875633264e-01
7.374195162208340999e-04
-2.749595339759236187e-02
7.331545782608038520e-02
1.010297859867696824e+00
8.993121924945400407e-04
2.839510121026717071e-01
-4.049670702129409605e+00
1.320802030122084325e+01
1.039625983479943311e-01
-7.025240692175531265e+00
2.478439973524453066e+01
3.093203892549792680e-02
-2.692379148645256404e+00
9.609439626119639755e+00
1.308253796903376065e+00
-5.537729352014122627e-03
-6.782932101618971421e-02
-6.689862424466045399e-01
3.403132923896457829e+00
-5.296570866121590171e-02
-9.923747278009006356e-01
4.820704151384379799e+00
-6.134140618664607122e-03
-3.842931360215928738e-01
1.756172742009893817e+00
2.096551999295542828e+03
1.463749316826155336e+03
1.312549328609852182e+03
1.830733001708211668e+04
-4.353414407461069641e+04
-8.332889543511114425e+02
3.204731997183186832e+04
-1.086094503752085875e+05
4.522513639811220401e+02
8.353439546391713520e+03
-4.453132500373219955e+04
-1.013000763002248823e+04
-4.465996882385470235e+04
-6.540209210920260375e+03
-2.666758712018740480e+05
6.864706142503762385e+05
3.406144798988245839e+03
-4.371757983613381512e+05
1.631700438044162234e+06
-7.467156006035419523e+03
-1.146489015289695089e+05
6.743511331212659134e+05
2.289265911337894795e+04
2.305762311066069815e+05
1.496395281714732118e+04
1.196772310192509089e+06
-3.102933418973289430e+06
-3.037964209887057223e+03
1.875237874416537350e+06
-7.309590742304814048e+06
4.266420229925245803e+04
4.669626189940478071e+05
-3.065495231892858632e+06
-1.462797091538967834e+04
-3.781945878434744664e+05
-9.608239793889846624e+03
-1.708829791264488827e+06
4.333751935962962918e+06
-2.236255332511123561e+04
-2.499711498783001211e+06
1.027468557079782337e+07
-8.547137558606086532e+04
-5.703317529615879757e+05
4.396265004625767469e+06
9.789747327985583070e+01
-4.265973087748922410e+01
1.534842103790491308e+02
-1.417062076076895437e+03
2.752861414366502686e+03
1.387406469558648894e+02
-1.433658507513588120e+03
2.857741895243075760e+03
4.102510946737612585e+01
-4.236807379746389870e+02
8.503594335657172678e+02
-3.270274391067480302e+00
-9.043098425110454031e+00
-1.246939701704805792e+01
5.542234085595185178e+01
-1.059981844887657445e+02
-1.195507802459797020e+01
7.673001502786972594e+01
-1.554644818829797543e+02
-3.410575729598945394e+00
2.558981617579491896e+01
-5.439206246172469150e+01
-2.503587076012971134e-05
1.975516587355315355e-05
-1.838543378592767750e-05
2.188592986210553191e-05
8.251035769498575362e-05
7.155746004110754176e-06
-5.579477754423245857e-05
1.913775487937951646e-04
5.449312009409300202e-06
-3.219803985440895664e-05
7.974775801634438924e-05
4.331514709695348131e+01
6.386332679188080874e+02
-3.285768747216059182e+01
2.415893826937031463e+03
-5.766875169379177350e+03
-6.185459307173840671e+01
2.953967762459948062e+03
-8.986290575914970759e+03
-2.157143577976204440e+01
9.812158224673428322e+02
-3.239566489593028564e+03
-7.008641820275382517e-02
-1.626276593698458006e-01
-1.874271642749843203e-01
1.137621014496391636e+00
-2.833637761843318614e+00
-1.714988097685536950e-01
1.718586634115063294e+00
-4.541043702037755203e+00
-4.996132678760005497e-02
6.065276881986854107e-01
-1.682466534055087282e+00
9.600960470804896119e+00
-3.966116109553032061e+02
1.620023444924939326e+01
-1.576564314014153297e+03
3.599829379807829810e+03
2.709245777874477668e+01
-1.786654427841897359e+03
5.151877427103338960e+03
1.117616009878598149e+01
-5.776648899134011117e+02
1.808950336530341929e+03
-2.989772390165041857e-02
1.401455688360182972e+00
-7.355482674813486332e-02
8.337732470190210021e-01
2.240011836813635693e-01
-5.520314904784629634e-02
5.667176667650354327e-01
7.186951199332163309e-01
-1.550753241831142465e-02
1.575021228318911060e-01
2.107678160343078311e-01
9.981506050986386214e-01
-7.884443004542615943e-03
-5.904748298343640706e-02
1.395858497816688581e+00
-4.516577402053815860e+00
-5.585336254569772674e-02
1.751625811920133335e+00
-5.990381209404027629e+00
-1.794532622746666459e-02
5.965145902772759356e-01
-2.060869319119979171e+00
4.774827595303171579e-02
9.334618618035686252e-03
3.931946199037896804e+03
-1.739542686331837103e+04
3.132378102606511675e+03
3.439375620597972884e+05
-1.216369084726767149e+06
-7.070354370454762829e+04
1.383962256540743168e+06
-3.965856494153061882e+06
-6.001240692278404458e+04
8.035432574504973600e+05
-2.091758992826104630e+06
-4.010434914989666140e+04
1.122565246842458873e+05
2.356178211317844034e+04
-3.476844263021372724e+06
1.137336934797703661e+07
7.541105939239145955e+05
-1.308449099433571100e+07
3.645377792005371302e+07
5.963775079394223867e+05
-7.426906755491567776e+06
1.892792542343154922e+07
8.320944865786563605e+04
-1.912351427862930868e+05
-2.109136371472316387e+05
8.717009910940380767e+06
-2.691868205219401419e+07
-1.989401776201728499e+06
3.088725769167375937e+07
-8.389601982396791875e+07
-1.453246652030278463e+06
1.706501256663761660e+07
-4.275009094206992537e+07
8.149852067766434338e-01
2.574808470468408217e+00
1.161015065342514196e+00
-2.362808053741040748e+00
6.770944982916704546e+00
7.570839942161587954e-01
-2.725648690122466355e+00
7.114131105358869611e+00
1.766929461238229415e-01
-7.978728298830550791e-01
2.116231058670115850e+00
6.926956328175880306e-03
3.020309189649877935e-02
6.308239902174384885e-03
-1.207267608143626075e-01
2.627296076277956249e-01
3.415129922953129109e-03
-1.078021204240248998e-01
2.709788288902644227e-01
7.374204704719298847e-04
-2.749571866110534293e-02
7.331577375843648103e-02
1.010258626593105058e+00
8.993121858296922221e-04
2.839526692018332077e-01
-4.049603671016149598e+00
1.320816916277749797e+01
1.039624291937287087e-01
-7.025391595518808430e+00
2.478401491584840599e+01
3.093205209429400471e-02
-2.692359520257682881e+00
9.609491146043779963e+00
1.308334781344377307e+00
-5.537729064915073232e-03
-6.782944926523142015e-02
-6.689885609951098377e-01
3.403120864922863475e+00
-5.296564824660660725e-02
-9.923708009689109488e-01
4.820722603731327105e+00
-6.134141324765556534e-03
-3.842936561598894185e-01
1.756170558633807444e+00
2.096551999295542828e+03
1.463749316826155336e+03
1.312549328609852182e+03
1.830733001708211668e+04
-4.353414407461069641e+04
-8.332889543511114425e+02
3.204731997183186832e+04
-1.086094503752085875e+05
4.522513639811220401e+02
8.353439546391713520e+03
-4.453132500373219955e+04
-1.013242074636632788e+04
-4.465789839048568683e+04
-6.540322523390264905e+03
-2.666903703648374067e+05
6.863226103992103599e+05
3.406330780527388015e+03
-4.372255193555794540e+05
1.631320721547703026e+06
-7.468420912092920844e+03
-1.146417772304124519e+05
6.745257562385454075e+05
2.288680318983877805e+04
2.306110712009339477e+05
1.496353156284709985e+04
1.196485864118528785e+06
-3.104632867847307585e+06
-3.037885475857202437e+03
1.875073783409499098e+06
-7.312616738655200228e+06
4.264255960886947287e+04
4.670054229209438199e+05
-3.063808775877917651e+06
-1.462881413573797727e+04
-3.781527364052837365e+05
-9.608323466870180710e+03
-1.709154619653204456e+06
4.332378812302591279e+06
-2.236085933100971670e+04
-2.499635729325561319e+06
1.027299394103166461e+07
-8.550507847813077387e+04
-5.703166121030078502e+05
4.397482529909010045e+06
9.789747327985583070e+01
-4.265973087748922410e+01
1.534842103790491308e+02
-1.417062076076895437e+03
2.752861414366502686e+03
1.387406469558648894e+02
-1.433658507513588120e+03
2.857741895243075760e+03
4.102510946737612585e+01
-4.236807379746389870e+02
8.503594335657172678e+02
-3.266841145690148718e+00
-9.043097208249751162e+00
-1.247799450786846087e+01
5.546067542564367869e+01
-1.059211606884199171e+02
-1.196210213465580985e+01
7.666889359732765286e+01
-1.555473148485022534e+02
-3.409395021141962800e+00
2.559524994979575041e+01
-5.438800601752609509e+01
-2.501967943502496415e-05
1.975286535138527506e-05
-1.838203598482394073e-05
2.188797445173948949e-05
8.252055096469976974e-05
7.154282987076495187e-06
-5.580508807845788286e-05
1.913518052935892226e-04
5.450459008234674831e-06
-3.219504614650228161e-05
7.974967003988476665e-05
4.331514709695348131e+01
6.386332679188080874e+02
-3.285768747216059182e+01
2.415893826937031463e+03
-5.766875169379177350e+03
-6.185459307173840671e+01
2.953967762459948062e+03
-8.986290575914970759e+03
-2.157143577976204440e+01
9.812158224673428322e+02
-3.239566489593028564e+03
-7.002673691177585535e-02
-1.625908709570791644e-01
-1.875081842921185460e-01
1.137179216173503926e+00
-2.833899016566558071e+00
-1.715686411200454398e-01
1.718349483254901111e+00
-4.540922373065074069e+00
-4.994924563633969944e-02
6.066346772436315149e-01
-1.682454675912347097e+00
9.602095980365664474e+00
-3.963846311231096706e+02
1.619926944008075509e+01
-1.577485569015493184e+03
3.599593908538128744e+03
2.709249725583919499e+01
-1.786486007307819818e+03
5.151882547345673629e+03
1.117637871479203859e+01
-5.776373636651146626e+02
1.808950581778480910e+03
-2.989926744064594008e-02
1.401057589315964025e+00
-7.355179432104620718e-02
8.338136076245550310e-01
2.240013713357126013e-01
-5.520334576630738649e-02
5.667134351685466642e-01
7.186946835624444807e-01
-1.550757665713139999e-02
1.575019646082046754e-01
2.107678376704162915e-01
9.984929035041448797e-01
-7.884440080780793017e-03
-5.904774115682678154e-02
1.395861574552091922e+00
-4.516516847076258223e+00
-5.585327984119014405e-02
1.751615957968635673e+00
-5.990462139559098453e+00
-1.794533144694778620e-02
5.965146612138608750e-01
-2.060865571849395561e+00
4.774827595303171579e-02
8.279525352924090378e-03
3.931971906933061746e+03
-1.739527950500035877e+04
3.132376054255437339e+03
3.439261080370913260e+05
-1.216395866319022840e+06
-7.070384643511589093e+04
1.384000577961268835e+06
-3.965860967186790891e+06
-6.001192217564383463e+04
8.035436545588719891e+05
-2.091739076180655276e+06
-4.010377647170131968e+04
1.122580570700507378e+05
2.356178432390021044e+04
-3.477089654575311113e+06
1.137275791176404245e+07
7.540764255475107348e+05
-1.308425305693918280e+07
3.645366694724603742e+07
5.964025347602099646e+05
-7.426734771500159055e+06
1.892833576903024688e+07
8.320997340441003325e+04
-1.912340299478456727e+05
-2.109130356250425393e+05
8.716688073696173728e+06
-2.691957718257283047e+07
-1.989500808324815705e+06
3.088684038579763100e+07
-8.389612925250767171e+07
-1.453192155831346521e+06
1.706542599673022330e+07
-4.274957862576228380e+07
8.149819900945559636e-01
2.574838940898290129e+00
1.161018382779229752e+00
-2.362825094373608437e+00
6.770887411808395484e+00
7.570853645613786487e-01
-2.725625894419860806e+00
7.114187556589532946e+00
1.766927584154700526e-01
-7.978749301456837806e-01
2.116226176388462221e+00
6.926685952479825180e-03
3.020214439357189057e-02
6.308376986549372664e-03
-1.207181954662327750e-01
2.627371312970733230e-01
3.415098537642128826e-03
-1.078073960695292571e-01
2.709727557367566653e-01
7.374217465802026476e-04
-2.749541646049329102e-02
7.331616763550487248e-02
1.010210318879613212e+00
8.993121777423842720e-04
2.839547495442067970e-01
-4.049521654906942381e+00
1.320834761606739072e+01
1.039622126058114410e-01
-7.025579011965338516e+00
2.478354841565880307e+01
3.093206917825600671e-02
-2.692334875766142055e+00
9.609554235547392409e+00
1.308436372005624238e+00
-5.537728710667796754e-03
-6.782961244632068620e-02
-6.689914401784275988e-01
3.403106188466329396e+00
-5.296557036945583052e-02
-9.923658781509178128e-01
4.820745209173681545e+00
-6.134142243179442275e-03
-3.842943127544601323e-01
1.756167867673638971e+00
2.096551999295542828e+03
1.463749316826155336e+03
1.312549328609852182e+03
1.830733001708211668e+04
-4.353414407461069641e+04
-8.332889543511114425e+02
3.204731997183186832e+04
-1.086094503752085875e+05
4.522513639811220401e+02
8.353439546391713520e+03
-4.453132500373219955e+04
-1.013485696838178956e+04
-4.465411083072712790e+04
-6.540401207925456220e+03
-2.667148499361437862e+05
6.861103596577020362e+05
3.406506617858623940e+03
-4.373097046259180643e+05
1.631011476870706771e+06
-7.469639486692298306e+03
-1.146303266899653827e+05
6.747124996673089918e+05
2.288101175519811295e+04
2.306705129561453650e+05
1.496316221146590578e+04
1.196074173274453729e+06
-3.107008586813461967e+06
-3.037809452373976910e+03
1.874637131795034511e+06
-7.314896708096978255e+06
4.262143980288755847e+04
4.670821326837801025e+05
-3.061998481657758355e+06
-1.462962955933914054e+04
-3.780846256264789845e+05
-9.608404746728427199e+03
-1.709594380887774285e+06
4.330497932461464778e+06
-2.235919518484659784e+04
-2.499716178554663900e+06
1.027188079299030639e+07
-8.553833003056925372e+04
-5.702836126018735813e+05
4.398795351997271180e+06
9.789747327985583070e+01
-4.265973087748922410e+01
1.534842103790491308e+02
-1.417062076076895437e+03
2.752861414366502686e+03
1.387406469558648894e+02
-1.433658507513588120e+03
2.857741895243075760e+03
4.102510946737612585e+01
-4.236807379746389870e+02
8.503594335657172678e+02
-3.263699647547715799e+00
-9.043932611289546841e+00
-1.248589740615986088e+01
5.550051072462471069e+01
-1.058395068355106048e+02
-1.196845061228034979e+01
7.663187052240384389e+01
-1.556060906361942386e+02
-3.408308729925494607e+00
2.559663395855907808e+01
-5.438890860556917062e+01
-2.501039774236001604e-05
1.974955632412357209e-05
-1.837717413308510825e-05
2.189016017374204270e-05
8.253126908929244701e-05
7.152711355662318714e-06
-5.581347540410159261e-05
1.913331394162834148e-04
5.451645964712906875e-06
-3.219310165549696260e-05
7.974957608442828747e-05
4.331514709695348131e+01
6.386332679188080874e+02
-3.285768747216059182e+01
2.415893826937031463e+03
-5.766875169379177350e+03
-6.185459307173840671e+01
2.953967762459948062e+03
-8.986290575914970759e+03
-2.157143577976204440e+01
9.812158224673428322e+02
-3.239566489593028564e+03
-6.996396310006763875e-02
-1.625505705174978555e-01
-1.875776252561136281e-01
1.136659900717439386e+00
-2.834331067673927951e+00
-1.716620660987618341e-01
1.718208460625858747e+00
-4.540294264924361833e+00
-4.993450063277958539e-02
6.067355413615505011e-01
-1.682517266322208105e+00
9.603315465235779058e+00
-3.961393443924450821e+02
1.619826771695521472e+01
-1.578546591542134138e+03
3.599217892640413083e+03
2.709240501960274372e+01
-1.786160269132161375e+03
5.152345037236688768e+03
1.117664094083533932e+01
-5.776254742426127677e+02
1.808881588985347435e+03
-2.990092978131750345e-02
1.400628576974896067e+00
-7.354862492339266089e-02
8.338590716358557087e-01
2.240016224481372331e-01
-5.520347808379509613e-02
5.667073262490461838e-01
7.186932043057936426e-01
-1.550763196954785088e-02
1.575019345610748356e-01
2.107679694371351331e-01
9.988530584660075817e-01
-7.884437197767558622e-03
-5.904805758604909222e-02
1.395862041916619001e+00
-4.516453962865691452e+00
-5.585312337219207335e-02
1.751619504891932744e+00
-5.990514343415882514e+00
-1.794534566445402449e-02
5.965125355094079707e-01
-2.060867528972139873e+00
4.774827595303171579e-02
7.461497729111095378e-03
3.931999012932060396e+03
-1.739512601273687687e+04
3.132373580096098067e+03
3.439150107383659924e+05
-1.216415941274952609e+06
-7.070366947606092435e+04
1.384048029806482838e+06
-3.965910154053187929e+06
-6.001191669821571122e+04
8.035365226483058650e+05
-2.091713994539982639e+06
-4.010319517001236090e+04
1.122596391576452734e+05
2.356178768964421761e+04
-3.477311958911352325e+06
1.137229917983372137e+07
7.540508621735848719e+05
-1.308393951711558364e+07
3.645259473893369734e+07
5.964179756967588328e+05
-7.426699266711612232e+06
1.892884257606042549e+07
8.321048074167720915e+04
-1.912328899148955825e+05
-2.109122817633936065e+05
8.716421888761486858e+06
-2.692025247738044709e+07
-1.989592782355628209e+06
3.088637162521611154e+07
-8.389752141174151003e+07
-1.453148902869617799e+06
1.706568708417764306e+07
-4.274895688405899704e+07
8.149777047361560500e-01
2.574876329239675687e+00
1.161023501429715887e+00
-2.362845538671740186e+00
6.770817139609986768e+00
7.570865855298432034e-01
-2.725598650956448932e+00
7.114256199584763962e+00
1.766925530039801240e-01
-7.978774432089618118e-01
2.116220245158917823e+00
6.926362700451580562e-03
3.020102092198021296e-02
6.308542557940047778e-03
-1.207079677538875351e-01
2.627460189183303263e-01
3.415060251618888629e-03
-1.078137530827017326e-01
2.709655205851480009e-01
7.374233145099368288e-04
-2.749504988630356930e-02
7.331664004712362681e-02
1.010153618220511529e+00
8.993121682953681860e-04
2.839572223196416556e-01
-4.049425053089024118e+00
1.320855609551554544e+01
1.039619513433910764e-01
-7.025802804769396559e+00
2.478299614074772350e+01
3.093208999519420077e-02
-2.692305159086306077e+00
9.609629687868025627e+00
1.308557356849660902e+00
-5.537728291637607735e-03
-6.782980825098519628e-02
-6.689948619592643864e-01
3.403088891802474869e+00
-5.296547613854044739e-02
-9.923599810203804772e-01
4.820772055677010393e+00
-6.134143361208709531e-03
-3.842951039902837151e-01
1.756164651791711329e+00
2.096551999295542828e+03
1.463749316826155336e+03
1.312549328609852182e+03
1.830733001708211668e+04
-4.353414407461069641e+04
-8.332889543511114425e+02
3.204731997183186832e+04
-1.086094503752085875e+05
4.522513639811220401e+02
8.353439546391713520e+03
-4.453132500373219955e+04
-1.013791827635844129e+04
-4.465068976511186338e+04
-6.540399418009743385e+03
-2.667282124801161117e+05
6.858681583344101673e+05
3.406692470002688424e+03
-4.374011609106654068e+05
1.630775447957237018e+06
-7.471000405959906857e+03
-1.146197926594897872e+05
6.748913567249428015e+05
2.287370683631832435e+04
2.307261627003271715e+05
1.496297786035794161e+04
1.195760348101189360e+06
-3.109696580209217500e+06
-3.037728665068031660e+03
1.874148715034353081e+06
-7.316467669896455482e+06
4.259785739338181156e+04
4.671508154772302369e+05
-3.060260392525121570e+06
-1.463066234924835226e+04
-3.780192512655562605e+05
-9.608461112316481376e+03
-1.709968322661888087e+06
4.328384697769138031e+06
-2.235741920908621978e+04
-2.499822489255683031e+06
1.027127347686783411e+07
-8.557544956446191645e+04
-5.702552693709686864e+05
4.400059664019941352e+06
9.789747327985583070e+01
-4.265973087748922410e+01
1.534842103790491308e+02
-1.417062076076895437e+03
2.752861414366502686e+03
1.387406469558648894e+02
-1.433658507513588120e+03
2.857741895243075760e+03
4.102510946737612585e+01
-4.236807379746389870e+02
8.503594335657172678e+02
-3.260838293111015584e+00
-9.045558743214002106e+00
-1.249327444352691252e+01
5.553993301056178211e+01
-1.057550942343890910e+02
-1.197440130549776072e+01
7.661871582087390209e+01
-1.556399126247188462e+02
-3.407265347957725510e+00
2.559433635331401291e+01
-5.439456913373746261e+01
-2.500616427041410568e-05
1.974548739738895669e-05
-1.837127414613680916e-05
2.189233355730095090e-05
8.254200323737363634e-05
7.151030000934945012e-06
-5.581971676216762596e-05
1.913225219554055010e-04
5.452898197830399810e-06
-3.219211608626650767e-05
7.974750170967873282e-05
4.331514709695348131e+01
6.386332679188080874e+02
-3.285768747216059182e+01
2.415893826937031463e+03
-5.766875169379177350e+03
-6.185459307173840671e+01
2.953967762459948062e+03
-8.986290575914970759e+03
-2.157143577976204440e+01
9.812158224673428322e+02
-3.239566489593028564e+03
-6.990114089999877045e-02
-1.625091936060321929e-01
-1.876197492957250579e-01
1.136150743593886014e+00
-2.834839524380257103e+00
-1.717905895331162947e-01
1.717979520707453522e+00
-4.539387162469124881e+00
-4.991616655650155110e-02
6.068527681656914474e-01
-1.682622927570823990e+00
9.604569505282364972e+00
-3.958899110799690106e+02
1.619731685177324820e+01
-1.579616008742650592e+03
3.598828932517445082e+03
2.709197908619422890e+01
-1.785821545894325936e+03
5.153041530301962666e+03
1.117697870244482061e+01
-5.776146433058313505e+02
1.808770329545261575e+03
-2.990264191021488327e-02
1.400194443137239730e+00
-7.354557819212707848e-02
8.339042428573965049e-01
2.240018635368280220e-01
-5.520342679392963720e-02
5.667014365318089331e-01
7.186913187252502722e-01
-1.550770699462286455e-02
1.575018785443144387e-01
2.107681585044148820e-01
9.992059513883455590e-01
-7.884434720812318748e-03
-5.904839771787397107e-02
1.395864093214814305e+00
-4.516378408381965137e+00
-5.585291511315158830e-02
1.751631924897393056e+00
-5.990549840149272498e+00
-1.794536675644269746e-02
5.965087017799596270e-01
-2.060873890625873894e+00
4.774827595303171579e-02
6.796470865457267252e-03
3.932025512090271604e+03
-1.739497057760718963e+04
3.132371511925072809e+03
3.439048252455530455e+05
-1.216430706489028642e+06
-7.070335702021783800e+04
1.384100946190780494e+06
-3.965980791250279173e+06
-6.001216939945680497e+04
8.035223422598821344e+05
-2.091691080846815137e+06
-4.010265737183068995e+04
1.122612270965642965e+05
2.356180380169837008e+04
-3.477498087030060589e+06
1.137195954635756090e+07
7.540243139224967454e+05
-1.308361189566728845e+07
3.645109616171030700e+07
5.964291575971251586e+05
-7.426797068980806507e+06
1.892928264040657133e+07
8.321091462681748089e+04
-1.912317546525926155e+05
-2.109111467016755778e+05
8.716230396176977083e+06
-2.692075873304158822e+07
-1.989694028034193907e+06
3.088579145249488205e+07
-8.389943575772295892e+07
-1.453109158887021011e+06
1.706579153299698979e+07
-4.274844870055331290e+07
8.149723195304025003e-01
2.574919984341665913e+00
1.161030496775410592e+00
-2.362868977916575908e+00
6.770735366534830213e+00
7.570876069826739663e-01
-2.725567448973470253e+00
7.114335894856709253e+00
1.766923334670331969e-01
-7.978803282861647306e-01
2.116213359134467176e+00
6.925993862021989460e-03
3.019974229038822205e-02
6.308732177450776350e-03
-1.206962985970187474e-01
2.627561186680379413e-01
3.415016178873611988e-03
-1.078210459938482857e-01
2.709572491819456919e-01
7.374251266358515392e-04
-2.749462749788682617e-02
7.331718286406924134e-02
1.010089639540733719e+00
8.993121576366180448e-04
2.839600329920308197e-01
-4.049315423136906844e+00
1.320879216103832299e+01
1.039616512558948075e-01
-7.026059498589066976e+00
2.478236366828188864e+01
3.093211408451096434e-02
-2.692270811463747027e+00
9.609716817561015034e+00
1.308695358646287055e+00
-5.537727814731505452e-03
-6.783003222308360558e-02
-6.689987633989741278e-01
3.403069230468307005e+00
-5.296536783003925886e-02
-9.923532209210813582e-01
4.820802755924968430e+00
-6.134144651147465169e-03
-3.842960149454800467e-01
1.756160955830681658e+00
2.096551999295542828e+03
1.463749316826155336e+03
1.312549328609852182e+03
1.830733001708211668e+04
-4.353414407461069641e+04
-8.332889543511114425e+02
3.204731997183186832e+04
-1.086094503752085875e+05
4.522513639811220401e+02
8.353439546391713520e+03
-4.453132500373219955e+04
-1.014147620905710392e+04
-4.464794769162909506e+04
-6.540338182695309115e+03
-2.667283205829903018e+05
6.856116066509387456e+05
3.406890417964053995e+03
-4.374905853770585381e+05
1.630606577296778793e+06
-7.472508124068347570e+03
-1.146114795257113292e+05
6.750554170305659063e+05
2.286518366387959759e+04
2.307733339329442824e+05
1.496293685560431004e+04
1.195576595351740485e+06
-3.112526945503193419e+06
-3.037642805724025493e+03
1.873670137653602054e+06
-7.317435850346987136e+06
4.257183921025749441e+04
4.672019896419325378e+05
-3.058658903197633568e+06
-1.463187250572379708e+04
-3.779618008530038060e+05
-9.608497060607229287e+03
-1.710243734440103872e+06
4.326170536037771963e+06
-2.235553512357292857e+04
-2.499928221141693182e+06
1.027106154713633098e+07
-8.561625564565802051e+04
-5.702361537071138155e+05
4.401230729185396805e+06
9.789747327985583070e+01
-4.265973087748922410e+01
1.534842103790491308e+02
-1.417062076076895437e+03
2.752861414366502686e+03
1.387406469558648894e+02
-1.433658507513588120e+03
2.857741895243075760e+03
4.102510946737612585e+01
-4.236807379746389870e+02
8.503594335657172678e+02
-3.258342979248966209e+00
-9.048007291125722773e+00
-1.250018151107744835e+01
5.557942733886845588e+01
-1.056675107758796202e+02
-1.197943230511741852e+01
7.662770014328043544e+01
-1.556525779559233058e+02
-3.406324685810295350e+00
2.558862879892753384e+01
-5.440430163670642116e+01
-2.500669935356588354e-05
1.974076610228248042e-05
-1.836485002203383166e-05
2.189441643700671886e-05
8.255257646272139431e-05
7.149342939205821708e-06
-5.582351824800434973e-05
1.913196577187345807e-04
5.454148488845394501e-06
-3.219214547537291088e-05
7.974361493031623354e-05
4.331514709695348131e+01
6.386332679188080874e+02
-3.285768747216059182e+01
2.415893826937031463e+03
-5.766875169379177350e+03
-6.185459307173840671e+01
2.953967762459948062e+03
-8.986290575914970759e+03
-2.157143577976204440e+01
9.812158224673428322e+02
-3.239566489593028564e+03
-6.983929904983506021e-02
-1.624682108054323060e-01
-1.876387635651360075e-01
1.135675499205350159e+00
-2.835357876806896105e+00
-1.719461374518347352e-01
1.717652662188883683e+00
-4.538343583800767078e+00
-4.989512707486675608e-02
6.069849830479491226e-01
-1.682753565478124713e+00
9.605824119415936835e+00
-3.956474161699090928e+02
1.619643521142188547e+01
-1.580618493446648927e+03
3.598533054977252050e+03
2.709126002262309285e+01
-1.785525585836192022e+03
5.153791670122270261e+03
1.117737752559939146e+01
-5.776008449666093156e+02
1.808637794484644246e+03
-2.990435492098627440e-02
1.399775314436684459e+00
-7.354272761183362761e-02
8.339459329180561875e-01
2.240020356719724937e-01
-5.520320320617062848e-02
5.666966405243895055e-01
7.186895204907415291e-01
-1.550779882115959490e-02
1.575017487039717667e-01
2.107683653786009970e-01
9.995277117264541600e-01
-7.884432960043218780e-03
-5.904872228133641043e-02
1.395872384717262937e+00
-4.516279178669389438e+00
-5.585268080047405687e-02
1.751647253629691425e+00
-5.990585074329578319e+00
-1.794539236264038051e-02
5.965038274977730870e-01
-2.060882714760096324e+00
4.774827595303171579e-02
6.232999949738193823e-03
3.932050850777322012e+03
-1.739481446392241196e+04
3.132370082127157730e+03
3.438956460331636481e+05
-1.216441193321067374e+06
-7.070303939185386116e+04
1.384156878643431934e+06
-3.966064012121054344e+06
-6.001257765882917010e+04
8.035023153021991020e+05
-2.091672102862772765e+06
-4.010217457541031763e+04
1.122628095423593622e+05
2.356183505354182853e+04
-3.477647963934659027e+06
1.137171335398700461e+07
7.539938268924518488e+05
-1.308329465023216233e+07
3.644939295094309747e+07
5.964382099721335107e+05
-7.427011215512755327e+06
1.892961086082262173e+07
8.321126546627702191e+04
-1.912306312566350389e+05
-2.109095984947959660e+05
8.716110468957185745e+06
-2.692113557991258428e+07
-1.989808505762261106e+06
3.088510314719795063e+07
-8.390153853469794989e+07
-1.453070294530094136e+06
1.706575153337156400e+07
-4.274812150462553650e+07
8.149657028229190248e-01
2.574968721086227319e+00
1.161039456694888283e+00
-2.362894830268155388e+00
6.770643828049766277e+00
7.570883826993712873e-01
-2.725532920113239665e+00
7.114425109575517325e+00
1.766921033409048492e-01
-7.978835343196191143e-01
2.116205641455239039e+00
6.925587501501128361e-03
3.019833420619190412e-02
6.308940977836747198e-03
-1.206834666250690136e-01
2.627672043849660910e-01
3.414967560888723577e-03
-1.078290831842246000e-01
2.709481466148528916e-01
7.374271290763871915e-04
-2.749416095815818487e-02
7.331778196630850397e-02
1.010019594693141398e+00
8.993121459476972716e-04
2.839631190758793999e-01
-4.049194929532601073e+00
1.320905158693659232e+01
1.039613196078320728e-01
-7.026343534395093293e+00
2.478166349108550293e+01
3.093214083913986556e-02
-2.692232609412903432e+00
9.609813820322493427e+00
1.308847517778058300e+00
-5.537727289174411947e-03
-6.783027897002748274e-02
-6.690030562875250997e-01
3.403047625702985357e+00
-5.296524827991989925e-02
-9.923457641472455126e-01
4.820836592510512553e+00
-6.134146077629596371e-03
-3.842970222756411092e-01
1.756156869522684572e+00
2.096551999295542828e+03
1.463749316826155336e+03
1.312549328609852182e+03
1.830733001708211668e+04
-4.353414407461069641e+04
-8.332889543511114425e+02
3.204731997183186832e+04
-1.086094503752085875e+05
4.522513639811220401e+02
8.353439546391713520e+03
-4.453132500373219955e+04
-1.014524707008635596e+04
-4.464581939335136121e+04
-6.540254442502699931e+03
-2.667174263310358510e+05
6.853532076075077057e+05
3.407098665189489566e+03
-4.375734574503733311e+05
1.630488847482445650e+06
-7.474124873502175433e+03
-1.146056485308596602e+05
6.752026532677755458e+05
2.285613927082975351e+04
2.308124519657368655e+05
1.496295311923286681e+04
1.195508214920174796e+06
-3.115365103753087111e+06
-3.037552962338336329e+03
1.873228168143413030e+06
-7.317983241921450943e+06
4.254407242077845149e+04
4.672342526814048761e+05
-3.057212531022044364e+06
-1.463315834549509964e+04
-3.779122767612367752e+05
-9.608524373177306188e+03
-1.710426248560631881e+06
4.323958496181756258e+06
-2.235357225178275257e+04
-2.500024600879150908e+06
1.027109550456008315e+07
-8.565962310904359038e+04
-5.702266475292693358e+05
4.402295890043903142e+06
9.789747327985583070e+01
-4.265973087748922410e+01
1.534842103790491308e+02
-1.417062076076895437e+03
2.752861414366502686e+03
1.387406469558648894e+02
-1.433658507513588120e+03
2.857741895243075760e+03
4.102510946737612585e+01
-4.236807379746389870e+02
8.503594335657172678e+02
-3.256204397044747179e+00
-9.051142175060203243e+00
-1.250675326123314512e+01
5.561957619217420756e+01
-1.055764064436937275e+02
-1.198323545643123467e+01
7.665383786399699773e+01
-1.556511118963008187e+02
-3.405523353464688263e+00
2.558023932707639858e+01
-5.441689593302326244e+01
-2.501136142391751231e-05
1.973555296216086239e-05
-1.835831689210696579e-05
2.189637811702801586e-05
8.256294824825017112e-05
7.147732348065912089e-06
-5.582504365193437733e-05
1.913229574524414223e-04
5.455341770640860681e-06
-3.219308649021600531e-05
7.973833275671527701e-05
4.331514709695348131e+01
6.386332679188080874e+02
-3.285768747216059182e+01
2.415893826937031463e+03
-5.766875169379177350e+03
-6.185459307173840671e+01
2.953967762459948062e+03
-8.986290575914970759e+03
-2.157143577976204440e+01
9.812158224673428322e+02
-3.239566489593028564e+03
-6.977825455252036069e-02
-1.624281556569845963e-01
-1.876445015488253376e-01
1.135237000820610076e+00
-2.835835151206575144e+00
-1.721167303029784434e-01
1.717247959966438309e+00
-4.537296802447562172e+00
-4.987257341112125847e-02
6.071278563829625163e-01
-1.682890800461956493e+00
9.607067286112805249e+00
-3.954159275057795071e+02
1.619560996123177787e+01
-1.581518671639088780e+03
3.598399050328490375e+03
2.709034923353484459e+01
-1.785303490364979325e+03
5.154435584888326048e+03
1.117781417509906383e+01
-5.775816399472779494e+02
1.808504943221333178e+03
-2.990604946877596995e-02
1.399379059756235444e+00
-7.354005328123038032e-02
8.339826708471426153e-01
2.240021027431440270e-01
-5.520285663731754056e-02
5.666933775462942302e-01
7.186882123855348192e-01
-1.550790195038988933e-02
1.575015209171208852e-01
2.107685538702240569e-01
9.998086768981560013e-01
-7.884432002245799279e-03
-5.904900248459715034e-02
1.395890077384751127e+00
-4.516149414424238451e+00
-5.585244632579965118e-02
1.751659508015829703e+00
-5.990636257898926509e+00
-1.794541978005887231e-02
5.964986757692131158e-01
-2.060891797764869082e+00
4.774827595303171579e-02
5.738506641154366567e-03
3.932075496357485463e+03
-1.739465576843310191e+04
3.132369204698792601e+03
3.438872170181566034e+05
-1.216448486580066150e+06
-7.070274337071391346e+04
1.384214490057226969e+06
-3.966158421523814555e+06
-6.001309390775430074e+04
8.034779263010772411e+05
-2.091655866917520296e+06
-4.010173171660098888e+04
1.122644089180868759e+05
2.356187941453182793e+04
-3.477770404136960395e+06
1.137153346419351734e+07
7.539593203534899512e+05
-1.308299059405567124e+07
3.644754535896477848e+07
5.964459402493317612e+05
-7.427317547443457879e+06
1.892984436605324224e+07
8.321155224906250078e+04
-1.912295017969806504e+05
-2.109076923379614891e+05
8.716045080451063812e+06
-2.692142517477452755e+07
-1.989935301597655751e+06
3.088433624073467031e+07
-8.390371395553354919e+07
-1.453031594174397411e+06
1.706559011201987788e+07
-4.274796167932333797e+07
8.149576358288667111e-01
2.575021531792989204e+00
1.161050499349023379e+00
-2.362922683549752989e+00
6.770543683859751916e+00
7.570888993200670658e-01
-2.725495420146316849e+00
7.114522950700207460e+00
1.766918627960340771e-01
-7.978870371752191382e-01
2.116197157004831908e+00
6.925148319321497957e-03
3.019681178916258646e-02
6.309165822616739742e-03
-1.206696588708029844e-01
2.627791176499129078e-01
3.414915248977440365e-03
-1.078377256450683552e-01
2.709383710984308302e-01
7.374292835238292548e-04
-2.749365908894368590e-02
7.331842593093758353e-02
1.009944090909583370e+00
8.993121333181894805e-04
2.839664430541573581e-01
-4.049064909430221348e+00
1.320933169510189842e+01
1.039609612735663408e-01
-7.026650966513448004e+00
2.478090499798792834e+01
3.093216982749667776e-02
-2.692191141861458803e+00
9.609919235915988622e+00
1.309012138190252417e+00
-5.537726720485301388e-03
-6.783054493408982588e-02
-6.690076801370249404e-01
3.403024377131227851e+00
-5.296511948514529694e-02
-9.923377341250385619e-01
4.820873004635394032e+00
-6.134147614813092314e-03
-3.842981079242439590e-01
1.756152466239545129e+00
2.096551999295542828e+03
1.463749316826155336e+03
1.312549328609852182e+03
1.830733001708211668e+04
-4.353414407461069641e+04
-8.332889543511114425e+02
3.204731997183186832e+04
-1.086094503752085875e+05
4.522513639811220401e+02
8.353439546391713520e+03
-4.453132500373219955e+04
-1.014898303808234959e+04
-4.464414737516995956e+04
-6.540178358930223112e+03
-2.666984241538725328e+05
6.851010689181567868e+05
3.407314242453531733e+03
-4.376487056951866252e+05
1.630405966583100148e+06
-7.475807583342473663e+03
-1.146020874956000916e+05
6.753336093596395804e+05
2.284719289156481682e+04
2.308453663094484073e+05
1.496295216920683015e+04
1.195529345415426185e+06
-3.118125738390862010e+06
-3.037460437200790238e+03
1.872829183052934241e+06
-7.318273148151323199e+06
4.251528125486931094e+04
4.672494593207021826e+05
-3.055916792011697311e+06
-1.463442798839376701e+04
-3.778690718317449791e+05
-9.608553931215912598e+03
-1.710533544100033119e+06
4.321812616951850243e+06
-2.235155943339832447e+04
-2.500109460858217906e+06
1.027125470626223274e+07
-8.570444184269639663e+04
-5.702256740206651157e+05
4.403257681362646632e+06
9.789747327985583070e+01
-4.265973087748922410e+01
1.534842103790491308e+02
-1.417062076076895437e+03
2.752861414366502686e+03
1.387406469558648894e+02
-1.433658507513588120e+03
2.857741895243075760e+03
4.102510946737612585e+01
-4.236807379746389870e+02
8.503594335657172678e+02
-3.254331877932882477e+00
-9.054723142077172326e+00
-1.251313367546455524e+01
5.566051983810162085e+01
-1.054818886318243756e+02
-1.198584510948528958e+01
7.669167024027676405e+01
-1.556420000211705883e+02
-3.404858119274302819e+00
2.556998190672134541e+01
-5.443122830037356863e+01
-2.501939732892826865e-05
1.973000922692183463e-05
-1.835184445663925969e-05
2.189822528867278734e-05
8.257315153652937476e-05
7.146225370296925488e-06
-5.582473406497362125e-05
1.913305902918575484e-04
5.456459470078852753e-06
-3.219474356190597987e-05
7.973209129002679560e-05
4.331514709695348131e+01
6.386332679188080874e+02
-3.285768747216059182e+01
2.415893826937031463e+03
-5.766875169379177350e+03
-6.185459307173840671e+01
2.953967762459948062e+03
-8.986290575914970759e+03
-2.157143577976204440e+01
9.812158224673428322e+02
-3.239566489593028564e+03
-6.971707177683042489e-02
-1.623886848159455110e-01
-1.876459217213138353e-01
1.134827100354794727e+00
-2.836246025811008042e+00
-1.722934322124816398e-01
1.716783589809847355e+00
-4.536338779354214701e+00
-4.984933951308655187e-02
6.072788379720560625e-01
-1.683020617202977354e+00
9.608308386342287122e+00
-3.951924803633744432e+02
1.619481458748754932e+01
-1.582318288254864228e+03
3.598448168574883312e+03
2.708933604694771091e+01
-1.785167023573033021e+03
5.154874305544102754e+03
1.117827144801721495e+01
-5.775554261026733229e+02
1.808386629128825007e+03
-2.990773583993426230e-02
1.399001332852208623e+00
-7.353748630015533028e-02
8.340145586632270458e-01
2.240020552001995846e-01
-5.520243562966756917e-02
5.666917508095671296e-01
7.186876211551921356e-01
-1.550801199414077354e-02
1.575011847375399621e-01
2.107687002098429518e-01
1.000053452625419448e+00
-7.884431738430655937e-03
-5.904922647733999025e-02
1.395918311347608132e+00
-4.515987062340510505e+00
-5.585222942283447206e-02
1.751664592236628737e+00
-5.990714407746158265e+00
-1.794544692566241162e-02
5.964938255509855125e-01
-2.060899481420798374e+00
4.774827595303171579e-02
5.295723203482934939e-03
