3.931897989719669567e+03
-1.739575870681280503e+04
3.132375545898834844e+03
3.439658609236137709e+05
-1.216256581998199690e+06
-7.069800600428853068e+04
1.383907177859704942e+06
-3.966276189097944647e+06
-6.001752423652596190e+04
8.035151181825734675e+05
-2.091710365941657918e+06
-4.010547653771656769e+04
1.122530169706700981e+05
2.356169606583616769e+04
-3.476180699403351173e+06
1.137593670849481970e+07
7.543131127166453516e+05
-1.308476044625267945e+07
3.644458485392813385e+07
5.962266124722879613e+05
-7.427790114356440492e+06
1.892897751404034346e+07
8.320835471266537206e+04
-1.912377264145924128e+05
-2.109162454782992136e+05
8.717975083525680006e+06
-2.691494242066955194e+07
-1.988980652736272197e+06
3.088802996015456319e+07
-8.390870279256162047e+07
-1.453503195344649721e+06
1.706352899082216620e+07
-4.274865973112091422e+07
8.149838730507784623e-01
2.574755351745465770e+00
1.161019803549678597e+00
-2.362777178555153679e+00
6.771038707057573269e+00
7.570782938606833712e-01
-2.725689689043247377e+00
7.114038039714996486e+00
1.766934149293478973e-01
-7.978690983168182926e-01
2.116239150200515340e+00
6.927402739328343377e-03
3.020474290328910988e-02
6.308024337706170936e-03
-1.207413066113113831e-01
2.627159890578132373e-01
3.415177364719879441e-03
-1.077933861118837433e-01
2.709896696689174656e-01
7.374185938559282925e-04
-2.749621038376280982e-02
7.331507891357019746e-02
1.010344404799476958e+00
8.993122007234547691e-04
2.839491168044590008e-01
-4.049752962958004687e+00
1.320782817266536568e+01
1.039627848680542560e-01
-7.025059158961947325e+00
2.478489237013047486e+01
3.093202475605891927e-02
-2.692402389685166320e+00
9.609374464684982797e+00
1.308161560703610560e+00
-5.537729694807678321e-03
-6.782917938621006726e-02
-6.689834970767116751e-01
3.403147966134083102e+00
-5.296577374411866324e-02
-9.923793203111361816e-01
4.820681208409586915e+00
-6.134139870393713091e-03
-3.842925330869636502e-01
1.756175442198598446e+00
2.096551999295542828e+03
1.463749316826155336e+03
1.312549328609852182e+03
1.830733001708211668e+04
-4.353414407461069641e+04
-8.332889543511114425e+02
3.204731997183186832e+04
-1.086094503752085875e+05
4.522513639811220401e+02
8.353439546391713520e+03
-4.453132500373219955e+04
-1.011405647262115599e+04
-4.463101109458185238e+04
-6.541308761668721672e+03
-2.669592341930750408e+05
6.863283229317984078e+05
3.405637218767968534e+03
-4.375077208209015080e+05
1.631817130734469742e+06
-7.462648563007645862e+03
-1.145852517715331924e+05
6.744024689098675735e+05
2.293365827343649653e+04
2.309600081497950596e+05
1.496108397418369532e+04
1.194018134231814183e+06
-3.104223969305276405e+06
-3.038166617199258781e+03
1.872032284909359179e+06
-7.309145012085539289e+06
4.273822871475410648e+04
4.675020186166010099e+05
-3.064853498512499034e+06
-1.462171522218356949e+04
-3.778128579387104255e+05
-9.608682631509725979e+03
-1.710892525721405633e+06
4.332924601416520774e+06
-2.236668326226652789e+04
-2.501971638637746684e+06
1.027449590225954168e+07
-8.536030079034245864e+04
-5.700253441737515386e+05
4.396844346849776804e+06
9.789747327985583070e+01
-4.265973087748922410e+01
1.534842103790491308e+02
-1.417062076076895437e+03
2.752861414366502686e+03
1.387406469558648894e+02
-1.433658507513588120e+03
2.857741895243075760e+03
4.102510946737612585e+01
-4.236807379746389870e+02
8.503594335657172678e+02
-3.282701958759533856e+00
-9.051384468245865733e+00
-1.241544974225804232e+01
5.547164477097869906e+01
-1.060510993896633494e+02
-1.195304455369065799e+01
7.680704618365417957e+01
-1.553317294809839382e+02
-3.412926159239326296e+00
2.557237756995253619e+01
-5.440803670774046452e+01
-2.515642981879956500e-05
1.975025694220132650e-05
-1.837067146929591507e-05
2.188631704131197269e-05
8.250240316860032888e-05
7.157371250566708209e-06
-5.578000011227068460e-05
1.914208288407217846e-04
5.447166261464216858e-06
-3.220610095021981872e-05
7.974016714984341050e-05
4.331514709695348131e+01
6.386332679188080874e+02
-3.285768747216059182e+01
2.415893826937031463e+03
-5.766875169379177350e+03
-6.185459307173840671e+01
2.953967762459948062e+03
-8.986290575914970759e+03
-2.157143577976204440e+01
9.812158224673428322e+02
-3.239566489593028564e+03
-7.020209449091723009e-02
-1.626979845068708408e-01
-1.872514685185499017e-01
1.138313650449944925e+00
-2.833419630443004600e+00
-1.713795568684061688e-01
1.719754933811952657e+00
-4.539717148261272150e+00
-4.998343735754870454e-02
6.062072055948308780e-01
-1.682769616644546051e+00
9.598807238347900395e+00
-3.970543859555743325e+02
1.620212618951781280e+01
-1.574828698671703705e+03
3.600341084383109319e+03
2.709242965907546719e+01
-1.786482357315139097e+03
5.152919378666510966e+03
1.117571013003389524e+01
-5.777999423177481049e+02
1.808730762932043035e+03
-2.989487384493607139e-02
1.402210644858373767e+00
-7.356049468633846233e-02
8.337006542278661003e-01
2.240008282397391026e-01
-5.520287000117722609e-02
5.667186343606578358e-01
7.186931973380502603e-01
-1.550743735432574301e-02
1.575032277927718716e-01
2.107681571517622809e-01
9.974408278363099400e-01
-7.884449714907202852e-03
-5.904690119559103528e-02
1.395871239676408804e+00
-4.516631601676276198e+00
-5.585343136869692221e-02
1.751658003934360330e+00
-5.990208965347804337e+00
-1.794533652216119546e-02
5.965097794825992006e-01
-2.060887936797180409e+00
1.100000000000000000e+01
1.099999999999692335e+01
3.931897081257042828e+03
-1.739575551299992730e+04
3.132376983012876735e+03
3.439662568669679458e+05
-1.216260422864930937e+06
-7.069916335525376780e+04
1.383882971888710279e+06
-3.966252075934304856e+06
-6.001630470027175033e+04
8.035293474390365882e+05
-2.091714715098629473e+06
-4.010548971555237949e+04
1.122530743375918246e+05
2.356171088656530628e+04
-3.476205006811028812e+06
1.137575485962623730e+07
7.542896100776675157e+05
-1.308450845335263014e+07
3.644670941506330669e+07
5.962465941033038544e+05
-7.427914477550354786e+06
1.892816469041584432e+07
8.320835149286275555e+04
-1.912376683160729299e+05
-2.109160557960737788e+05
8.717885901611089706e+06
-2.691532437292601168e+07
-1.989005690205771709e+06
3.088941870594947785e+07
-8.390389590668939054e+07
-1.453487875849168282e+06
1.706283559514247626e+07
-4.275055339983317256e+07
8.149897806483619167e-01
2.574769393381102667e+00
1.161001421862132066e+00
-2.362795392126066485e+00
6.771001923820854529e+00
7.570908128401473425e-01
-2.725650656008865358e+00
7.114103559890346595e+00
1.766922973900676153e-01
-7.978746085575716407e-01
2.116229579286409201e+00
6.927386870794406855e-03
3.020468017583504902e-02
6.308041581195389901e-03
-1.207400226551605810e-01
2.627173487494054993e-01
3.415170011328673601e-03
-1.077948799646800265e-01
2.709875504152174930e-01
7.374191147082040983e-04
-2.749606063109441903e-02
7.331532015933908686e-02
1.010342478473723826e+00
8.993122003703755496e-04
2.839492794162603584e-01
-4.049745579371087700e+00
1.320784660268039090e+01
1.039627560457750954e-01
-7.025088175021746650e+00
2.478480807813430076e+01
3.093202846103142861e-02
-2.692396188306354077e+00
9.609392946262023116e+00
1.308167798903811407e+00
-5.537729669842145208e-03
-6.782920115990481724e-02
-6.689839639999386467e-01
3.403145138192184671e+00
-5.296575429026083304e-02
-9.923778087622535660e-01
4.820689583423739322e+00
-6.134140272824299342e-03
-3.842928863935504702e-01
1.756173698428143970e+00
2.096551999295542828e+03
1.463749316826155336e+03
1.312549328609852182e+03
1.830733001708211668e+04
-4.353414407461069641e+04
-8.332889543511114425e+02
3.204731997183186832e+04
-1.086094503752085875e+05
4.522513639811220401e+02
8.353439546391713520e+03
-4.453132500373219955e+04
-1.011417665912785378e+04
-4.463189027163019637e+04
-6.541306053505952150e+03
-2.669369794474038063e+05
6.863500819755927660e+05
3.405665117443189047e+03
-4.375194631480708485e+05
1.631806852153678890e+06
-7.462997267234938590e+03
-1.145889823912789579e+05
6.743824878388082143e+05
2.293341119689411062e+04
2.309490055412581714e+05
1.496105653500272456e+04
1.194213418262546184e+06
-3.104024817914381623e+06
-3.038153597569154044e+03
1.872016888359576464e+06
-7.309064894551555626e+06
4.273198777588809753e+04
4.674628863762917463e+05
-3.065106908551292494e+06
-1.462174428828961936e+04
-3.778232062426055199e+05
-9.608691765355470125e+03
-1.710761201814118540e+06
4.333054704448832199e+06
-2.236638269012845194e+04
-2.501925618368320633e+06
1.027467899770789966e+07
-8.537036255438379885e+04
-5.700513034277969273e+05
4.396615418580719270e+06
9.789747327985583070e+01
-4.265973087748922410e+01
1.534842103790491308e+02
-1.417062076076895437e+03
2.752861414366502686e+03
1.387406469558648894e+02
-1.433658507513588120e+03
2.857741895243075760e+03
4.102510946737612585e+01
-4.236807379746389870e+02
8.503594335657172678e+02
-3.282598024563420314e+00
-9.051101765452157721e+00
-1.241626464166514587e+01
5.546430115424125518e+01
-1.060576752282800044e+02
-1.195294675108746851e+01
7.681813361877946988e+01
-1.553195676652583188e+02
-3.412856288411635575e+00
2.557140976359418616e+01
-5.440951998037895976e+01
-2.515634764619019051e-05
1.975041221912454624e-05
-1.837040383754542713e-05
2.188618792247285085e-05
8.250185844517623308e-05
7.157235826202754274e-06
-5.577968943492022779e-05
1.914230407169668533e-04
5.447330749864170937e-06
-3.220597605107236382e-05
7.973987683188561259e-05
4.331514709695348131e+01
6.386332679188080874e+02
-3.285768747216059182e+01
2.415893826937031463e+03
-5.766875169379177350e+03
-6.185459307173840671e+01
2.953967762459948062e+03
-8.986290575914970759e+03
-2.157143577976204440e+01
9.812158224673428322e+02
-3.239566489593028564e+03
-7.020112912777401459e-02
-1.626957160504308164e-01
-1.872525884781579830e-01
1.138228941721578957e+00
-2.833573369687761634e+00
-1.713840672848305213e-01
1.719924999438090296e+00
-4.539296063313177143e+00
-4.998246603291016388e-02
6.061855067792382146e-01
-1.682843068742054582e+00
9.598834887394470883e+00
-3.970405845199460941e+02
1.620207827460441763e+01
-1.574984271179379675e+03
3.600136979715590769e+03
2.709250998521954301e+01
-1.786298882082687442e+03
5.153330343481090495e+03
1.117570527655817436e+01
-5.778207228211501842e+02
1.808670319270995151e+03
-2.989491076754260956e-02
1.402187707383577786e+00
-7.356034819715347173e-02
8.337065578486352324e-01
2.240009333155506821e-01
-5.520292919797831210e-02
5.667160771664513375e-01
7.186921287807105374e-01
-1.550743421776669753e-02
1.575034465142088891e-01
2.107682671598674895e-01
9.974615602722732843e-01
-7.884449388498379271e-03
-5.904694385793301387e-02
1.395865393146902722e+00
-4.516645999346867946e+00
-5.585340008348387009e-02
1.751665533012164877e+00
-5.990188669696686397e+00
-1.794533970583485002e-02
5.965088863289026433e-01
-2.060890405071094555e+00
1.100000000000000000e+01
9.145135741365375992e+00
3.931896692860242183e+03
-1.739575312699583083e+04
3.132377956139550406e+03
3.439670966659911792e+05
-1.216260431279256474e+06
-7.070002144538855646e+04
1.383845309350023046e+06
-3.966292238117428031e+06
-6.001533282972171583e+04
8.035525843748504994e+05
-2.091689407627301058e+06
-4.010548991545954777e+04
1.122531214682127174e+05
2.356171943179137088e+04
-3.476215400390742812e+06
1.137566484695528261e+07
7.542741215527659515e+05
-1.308461546623427980e+07
3.644734804093394428e+07
5.962610250553049846e+05
-7.427815295709318481e+06
1.892801580115232989e+07
8.320836165340944717e+04
-1.912376188566774072e+05
-2.109159861679227615e+05
8.717822298791278154e+06
-2.691556774357972294e+07
-1.989017641990992241e+06
3.089023353751257434e+07
-8.390121158280433714e+07
-1.453480013220987748e+06
1.706247430243722722e+07
-4.275153579117819667e+07
8.149954100296158410e-01
2.574782912537959323e+00
1.160983900304267014e+00
-2.362812912894464379e+00
6.770966371329691924e+00
7.571027687249446414e-01
-2.725613085662204060e+00
7.114166877771952890e+00
1.766912278590006824e-01
-7.978799170074784008e-01
2.116220328134809758e+00
6.927370319535736815e-03
3.020461785661207252e-02
6.308059612120930741e-03
-1.207387483107431325e-01
2.627186556275448170e-01
3.415162361504362701e-03
-1.077963560088570499e-01
2.709855211122264573e-01
7.374196521438424086e-04
-2.749591352774276298e-02
7.331555033134813659e-02
1.010340550101299861e+00
8.993122000282748529e-04
2.839494433791557304e-01
-4.049738445389943209e+00
1.320786398913098836e+01
1.039627270099287709e-01
-7.025116101812186820e+00
2.478472902840595182e+01
3.093203217270719396e-02
-2.692390248332991121e+00
9.609410207213795019e+00
1.308174059520641475e+00
-5.537729645572194576e-03
-6.782922300647320490e-02
-6.689844164733995679e-01
3.403142449668469016e+00
-5.296573485958096239e-02
-9.923763493436531524e-01
4.820697522062229012e+00
-6.134140672294141096e-03
-3.842932262165008050e-01
1.756172049046951456e+00
2.096551999295542828e+03
1.463749316826155336e+03
1.312549328609852182e+03
1.830733001708211668e+04
-4.353414407461069641e+04
-8.332889543511114425e+02
3.204731997183186832e+04
-1.086094503752085875e+05
4.522513639811220401e+02
8.353439546391713520e+03
-4.453132500373219955e+04
-1.011423013851402175e+04
-4.463238939777041378e+04
-6.541305644912155913e+03
-2.669226252016091603e+05
6.863575720787917962e+05
3.405683141157607679e+03
-4.375358200469167787e+05
1.631805767493731575e+06
-7.463212903834581994e+03
-1.145890132128248370e+05
6.743858755734777078e+05
2.293334205435625336e+04
2.309431854880181199e+05
1.496101867551943542e+04
1.194325612511451589e+06
-3.103976920420499984e+06
-3.038144209425475765e+03
1.871976444922767580e+06
-7.308840720588795841e+06
4.272783185714874708e+04
4.674526763635291718e+05
-3.065135419514748733e+06
-1.462174528266050402e+04
-3.778282585765063413e+05
-9.608703146133484552e+03
-1.710696871769637335e+06
4.333070492635500617e+06
-2.236615039092356164e+04
-2.501885598773664795e+06
1.027500520531107113e+07
-8.537743649467227806e+04
-5.700620954602085985e+05
4.396548347613145597e+06
9.789747327985583070e+01
-4.265973087748922410e+01
1.534842103790491308e+02
-1.417062076076895437e+03
2.752861414366502686e+03
1.387406469558648894e+02
-1.433658507513588120e+03
2.857741895243075760e+03
4.102510946737612585e+01
-4.236807379746389870e+02
8.503594335657172678e+02
-3.282564953902020299e+00
-9.050940271631388256e+00
-1.241611024321094625e+01
5.546150378715999096e+01
-1.060603532131034541e+02
-1.195380790765734424e+01
7.681946129844438076e+01
-1.553169162132473673e+02
-3.412697913454055598e+00
2.557172549958623264e+01
-5.440959811331912022e+01
-2.515714558389522992e-05
1.975044439404382351e-05
-1.836969620022031353e-05
2.188621103119584808e-05
8.250182155573487525e-05
7.157033562234947275e-06
-5.578045352089456313e-05
1.914222086699075636e-04
5.447534164725835013e-06
-3.220545387181114106e-05
7.974018674524653723e-05
4.331514709695348131e+01
6.386332679188080874e+02
-3.285768747216059182e+01
2.415893826937031463e+03
-5.766875169379177350e+03
-6.185459307173840671e+01
2.953967762459948062e+03
-8.986290575914970759e+03
-2.157143577976204440e+01
9.812158224673428322e+02
-3.239566489593028564e+03
-7.020081003739077341e-02
-1.626942526758246022e-01
-1.872485620253138972e-01
1.138191010538126768e+00
-2.833658135155818769e+00
-1.713939024082477003e-01
1.719956415515433434e+00
-4.539109609445854510e+00
-4.998089854491316597e-02
6.061873714131911228e-01
-1.682871710890548878e+00
9.598853313189636083e+00
-3.970303661386059275e+02
1.620205865654263633e+01
-1.575076780626850677e+03
3.600010758144919237e+03
2.709249389633707494e+01
-1.786217907953670874e+03
5.153536782621865314e+03
1.117572199490438400e+01
-5.778269982679101986e+02
1.808644401969881983e+03
-2.989493616823723360e-02
1.402170498483450656e+00
-7.356027735220174724e-02
8.337101868417847728e-01
2.240009996538758208e-01
-5.520293601765229735e-02
5.667148556917724900e-01
7.186915741970920646e-01
-1.550743656922674331e-02
1.575035246314666904e-01
2.107683161915353820e-01
9.974775091590920573e-01
-7.884449132516384989e-03
-5.904696937044216082e-02
1.395861819735680021e+00
-4.516654662890259075e+00
-5.585338708090070714e-02
1.751668759184807689e+00
-5.990180534361443598e+00
-1.794534043705863641e-02
5.965086469653249068e-01
-2.060890980617622326e+00
1.100000000000000000e+01
8.870040248620457035e+00
3.931896651811485299e+03
-1.739575075565023144e+04
3.132378574719091375e+03
3.439678120632047066e+05
-1.216259578205965692e+06
-7.070061312476953026e+04
1.383811547948824009e+06
-3.966343157132360619e+06
-6.001463554866834602e+04
8.035738444755935343e+05
-2.091660068259534426e+06
-4.010548171509836538e+04
1.122531669111778465e+05
2.356172328320866654e+04
-3.476226823381266091e+06
1.137559984412170574e+07
7.542656874344670214e+05
-1.308468304829767533e+07
3.644766079592072964e+07
5.962692312838118523e+05
-7.427733285504012369e+06
1.892799254839478061e+07
8.320838020837405929e+04
-1.912375716384779953e+05
-2.109160044944680994e+05
8.717760157701518387e+06
-2.691576832258725539e+07
-1.989018192959061824e+06
3.089104268212913349e+07
-8.389907727347213030e+07
-1.453480636521003675e+06
1.706212042828700319e+07
-4.275230843813374639e+07
8.150007633556244357e-01
2.574795878975586483e+00
1.160967250745758905e+00
-2.362829688811364459e+00
6.770932197892699733e+00
7.571141413463993164e-01
-2.725577113545230024e+00
7.114227702502583739e+00
1.766902090099436162e-01
-7.978850019874883515e-01
2.116211441933550486e+00
6.927353319780307946e-03
3.020455530488355689e-02
6.308078229037189337e-03
-1.207374629377502839e-01
2.627199540018373969e-01
3.415154459294139720e-03
-1.077978469854335569e-01
2.709835004645511081e-01
7.374202064824351239e-04
-2.749576495675553137e-02
7.331577978473372004e-02
1.010338598091137019e+00
8.993121996875193258e-04
2.839496120072209639e-01
-4.049731243631416788e+00
1.320788135404941066e+01
1.039626968787378258e-01
-7.025144566174047256e+00
2.478464929494038316e+01
3.093203604222184711e-02
-2.692384156374183490e+00
9.609427744271382466e+00
1.308180356422502078e+00
-5.537729621548858304e-03
-6.782924506608575821e-02
-6.689848657540595767e-01
3.403139805409843177e+00
-5.296571522898023410e-02
-9.923748983131630563e-01
4.820705344769852907e+00
-6.134141075480287024e-03
-3.842935641987677009e-01
1.756170421678087790e+00
2.096551999295542828e+03
1.463749316826155336e+03
1.312549328609852182e+03
1.830733001708211668e+04
-4.353414407461069641e+04
-8.332889543511114425e+02
3.204731997183186832e+04
-1.086094503752085875e+05
4.522513639811220401e+02
8.353439546391713520e+03
-4.453132500373219955e+04
-1.011425796459422963e+04
-4.463273110965527303e+04
-6.541305609381413888e+03
-2.669117987099523307e+05
6.863588788481990341e+05
3.405697019723074845e+03
-4.375522861704714014e+05
1.631813919320135145e+06
-7.463374305478245333e+03
-1.145877775864741561e+05
6.743967494139798218e+05
2.293333696240706195e+04
2.309394470716142678e+05
1.496098078586255360e+04
1.194403361851122929e+06
-3.103991599647134542e+06
-3.038136512898056026e+03
1.871932890106584178e+06
-7.308526793840273283e+06
4.272457324017026258e+04
4.674531040529379388e+05
-3.065086720679091755e+06
-1.462173677211368340e+04
-3.778312436767180916e+05
-9.608714394111115325e+03
-1.710658491247618571e+06
4.333040956879378296e+06
-2.236595332478317141e+04
-2.501848991393794306e+06
1.027539600251497328e+07
-8.538315520198893500e+04
-5.700668982758586062e+05
4.396540873761050403e+06
9.789747327985583070e+01
-4.265973087748922410e+01
1.534842103790491308e+02
-1.417062076076895437e+03
2.752861414366502686e+03
1.387406469558648894e+02
-1.433658507513588120e+03
2.857741895243075760e+03
4.102510946737612585e+01
-4.236807379746389870e+02
8.503594335657172678e+02
-3.282543566418027137e+00
-9.050806118029161240e+00
-1.241589301491608666e+01
5.545943303475711161e+01
-1.060622813130834885e+02
-1.195462064552770975e+01
7.681994263909054155e+01
-1.553155002889598677e+02
-3.412556121036159684e+00
2.557204286365175960e+01
-5.440959747781103317e+01
-2.515802832022846487e-05
1.975045269565101096e-05
-1.836901087230527010e-05
2.188625120325422943e-05
8.250186840609029823e-05
7.156848003340576266e-06
-5.578122852700270745e-05
1.914211198404138739e-04
5.447716064946376561e-06
-3.220498374691484650e-05
7.974048022271579240e-05
4.331514709695348131e+01
6.386332679188080874e+02
-3.285768747216059182e+01
2.415893826937031463e+03
-5.766875169379177350e+03
-6.185459307173840671e+01
2.953967762459948062e+03
-8.986290575914970759e+03
-2.157143577976204440e+01
9.812158224673428322e+02
-3.239566489593028564e+03
-7.020044677045229886e-02
-1.626928892846660757e-01
-1.872455183490114583e-01
1.138156178184923650e+00
-2.833731781131691996e+00
-1.714021913428327437e-01
1.719984967230026696e+00
-4.538953109229041161e+00
-4.997955029992808690e-02
6.061888359279540284e-01
-1.682895983495740877e+00
9.598870816574732956e+00
-3.970208774534926306e+02
1.620203938473951766e+01
-1.575159689998416070e+03
3.599900650502519056e+03
2.709248336325463669e+01
-1.786148389913982555e+03
5.153707561957137841e+03
1.117573632550746687e+01
-5.778321259170429585e+02
1.808623540020981636e+03
-2.989496015158082595e-02
1.402154535432799998e+00
-7.356020991157163902e-02
8.337134275075281931e-01
2.240010574470500948e-01
-5.520294361367109742e-02
5.667138146772255913e-01
7.186911180905010132e-01
-1.550743860139434244e-02
1.575035876406397639e-01
2.107683550071398626e-01
9.974922072728253930e-01
-7.884448895661465631e-03
-5.904699122305832881e-02
1.395858759843499719e+00
-4.516662013110886775e+00
-5.585337718106326427e-02
1.751671191820935780e+00
-5.990174680455524481e+00
-1.794534085052384292e-02
5.965085030543505473e-01
-2.060891273670076629e+00
1.100000000000000000e+01
8.675977472187062389e+00
3.931896751639620106e+03
-1.739574854724231773e+04
3.132379021671730243e+03
3.439684816449696664e+05
-1.216258249509546673e+06
-7.070106382341432618e+04
1.383780465047463309e+06
-3.966397898430430330e+06
-6.001409460817809304e+04
8.035932814156705281e+05
-2.091630141761234263e+06
-4.010547057485146797e+04
1.122532091703441256e+05
2.356172507288285124e+04
-3.476237326289288700e+06
1.137555092005464621e+07
7.542606780273811892e+05
-1.308473703918263875e+07
3.644780184383903444e+07
5.962741755830551265e+05
-7.427666143249453977e+06
1.892802094045139477e+07
8.320840121040334634e+04
-1.912375277087832510e+05
-2.109160573862527963e+05
8.717702442107873037e+06
-2.691593923756479472e+07
-1.989013728246699786e+06
3.089181235589886457e+07
-8.389727928748726845e+07
-1.453485296335209860e+06
1.706177570780668780e+07
-4.275296967959232628e+07
8.150058580732355562e-01
2.574808312188371140e+00
1.160951422787904308e+00
-2.362845744571835827e+00
6.770899379969185006e+00
7.571249606310376246e-01
-2.725542692674226330e+00
7.114286073465365234e+00
1.766892385552293332e-01
-7.978898692622481414e-01
2.116202915461063316e+00
6.927336118165033398e-03
3.020449275780188667e-02
6.308097149644247004e-03
-1.207361715015675407e-01
2.627212486312629491e-01
3.415146415696384413e-03
-1.077993486537255213e-01
2.709814793210748585e-01
7.374207709369231568e-04
-2.749561512945002811e-02
7.331600977512481299e-02
1.010336629970341349e+00
8.993121993467640156e-04
2.839497844106376179e-01
-4.049723940531419153e+00
1.320789888112894594e+01
1.039626657925776798e-01
-7.025173737379907024e+00
2.478456789114536463e+01
3.093204005798857667e-02
-2.692377866692626576e+00
9.609445799323609094e+00
1.308186649313484384e+00
-5.537729597746471159e-03
-6.782926719161601337e-02
-6.689853124582305632e-01
3.403137189482807301e+00
-5.296569551020061800e-02
-9.923734525378511417e-01
4.820713103496748531e+00
-6.134141480669925810e-03
-3.842939013903509671e-01
1.756168804612682655e+00
2.096551999295542828e+03
1.463749316826155336e+03
1.312549328609852182e+03
1.830733001708211668e+04
-4.353414407461069641e+04
-8.332889543511114425e+02
3.204731997183186832e+04
-1.086094503752085875e+05
4.522513639811220401e+02
8.353439546391713520e+03
-4.453132500373219955e+04
-1.011427186489517590e+04
-4.463299356120764423e+04
-6.541306326281626752e+03
-2.669028104949931148e+05
6.863573432680189144e+05
3.405709077693401923e+03
-4.375681441698560957e+05
1.631826439475462306e+06
-7.463510961101112116e+03
-1.145860301699511474e+05
6.744108492548207287e+05
2.293336509830809518e+04
2.309367366758078861e+05
1.496094237382768915e+04
1.194463921287514037e+06
-3.104034280398109928e+06
-3.038129619148927304e+03
1.871891057688390836e+06
-7.308176692339226604e+06
4.272174073639808921e+04
4.674580980687767733e+05
-3.065003071180633735e+06
-1.462172355482667990e+04
-3.778332268285216996e+05
-9.608725514847146769e+03
-1.710632505529343616e+06
4.332991663976502605e+06
-2.236577407717876122e+04
-2.501813625161363743e+06
1.027580836887756549e+07
-8.538820738757056824e+04
-5.700689929335589986e+05
4.396561584937718697e+06
9.789747327985583070e+01
-4.265973087748922410e+01
1.534842103790491308e+02
-1.417062076076895437e+03
2.752861414366502686e+03
1.387406469558648894e+02
-1.433658507513588120e+03
2.857741895243075760e+03
4.102510946737612585e+01
-4.236807379746389870e+02
8.503594335657172678e+02
-3.282525307363790557e+00
-9.050683466951838341e+00
-1.241570222335761464e+01
5.545759185191716512e+01
-1.060639069997682213e+02
-1.195533427344811628e+01
7.682035500103702930e+01
-1.553144911405712492e+02
-3.412430913368355245e+00
2.557231074413137151e+01
-5.440958782271344774e+01
-2.515889564666956715e-05
1.975045331498183728e-05
-1.836838044868984606e-05
2.188629240291418843e-05
8.250194047488911648e-05
7.156680046746429421e-06
-5.578194258763369832e-05
1.914200210647073043e-04
5.447879830712228357e-06
-3.220456884699490437e-05
7.974073996168467790e-05
4.331514709695348131e+01
6.386332679188080874e+02
-3.285768747216059182e+01
2.415893826937031463e+03
-5.766875169379177350e+03
-6.185459307173840671e+01
2.953967762459948062e+03
-8.986290575914970759e+03
-2.157143577976204440e+01
9.812158224673428322e+02
-3.239566489593028564e+03
-7.020001591888415382e-02
-1.626915667984245861e-01
-1.872434178531933446e-01
1.138122299302156026e+00
-2.833798725294824905e+00
-1.714092037535384083e-01
1.720013181220501064e+00
-4.538817217990155584e+00
-4.997836639047887469e-02
6.061901367844021449e-01
-1.682916522356963318e+00
9.598888096821498905e+00
-3.970117809387269858e+02
1.620201924215913181e+01
-1.575237435553198338e+03
3.599800430692642749e+03
2.709247937239985760e+01
-1.786085650170285589e+03
5.153854389827210980e+03
1.117574873096909549e+01
-5.778364036386358293e+02
1.808606574121674385e+03
-2.989498361150432978e-02
1.402139279275968597e+00
-7.356014233685351233e-02
8.337164416296453107e-01
2.240011097829456010e-01
-5.520295285252882489e-02
5.667128904178782012e-01
7.186907306498875325e-01
-1.550744038063173007e-02
1.575036389587955166e-01
2.107683857868415667e-01
9.975062285712390509e-01
-7.884448669489865086e-03
-5.904701120352979365e-02
1.395855975679190175e+00
-4.516668646309799584e+00
-5.585336883753917042e-02
1.751673197996916453e+00
-5.990170080348802273e+00
-1.794534109950723932e-02
5.965084130878307578e-01
-2.060891402471555445e+00
1.100000000000000000e+01
8.515871775579302749e+00
3.931896902680166022e+03
-1.739574652079786392e+04
3.132379382216640806e+03
3.439691315492345602e+05
-1.216256670215556165e+06
-7.070143467066892481e+04
1.383751479581086198e+06
-3.966453059710875619e+06
-6.001364980321299663e+04
8.036110760404999601e+05
-2.091601126606189413e+06
-4.010545883436602162e+04
1.122532481353751500e+05
2.356172601182644939e+04
-3.476246349131074734e+06
1.137551271137323417e+07
7.542573478937095497e+05
-1.308478809510073438e+07
3.644784975911887735e+07
5.962773435480921762e+05
-7.427611258948304690e+06
1.892806740625831485e+07
8.320842214217872242e+04
-1.912374870869466104e+05
-2.109161205523740791e+05
8.717649870473369956e+06
-2.691608855526671931e+07
-1.989007281933314865e+06
3.089253080995421112e+07
-8.389570537964160740e+07
-1.453491791727509582e+06
1.706144202295365930e+07
-4.275356565513046086e+07
8.150107085521893779e-01
2.574820233729950836e+00
1.160936370849217303e+00
-2.362861110894596273e+00
6.770867870468268990e+00
7.571352562572757350e-01
-2.725509757085991414e+00
7.114342078870985020e+00
1.766883140035825084e-01
-7.978945279421134629e-01
2.116194735637064284e+00
6.927318828301285217e-03
3.020443029622047609e-02
6.308116235437671859e-03
-1.207348764033298050e-01
2.627225418854932659e-01
3.415138287745110145e-03
-1.078008583518719615e-01
2.709794541035155935e-01
7.374213418481324151e-04
-2.749546425707679806e-02
7.331624072932356462e-02
1.010334647643645889e+00
8.993121990050067941e-04
2.839499601531330630e-01
-4.049716519747625476e+00
1.320791665972198636e+01
1.039626338445964887e-01
-7.025203670720279625e+00
2.478448442062814294e+01
3.093204420861625503e-02
-2.692371367591761544e+00
9.609464456691148015e+00
1.308192922271687486e+00
-5.537729574135615701e-03
-6.782928931450310506e-02
-6.689857569745837340e-01
3.403134593551552900e+00
-5.296567576148815404e-02
-9.923720107732235673e-01
4.820720821935172928e+00
-6.134141886844156344e-03
-3.842942381348497527e-01
1.756167193009130489e+00
2.096551999295542828e+03
1.463749316826155336e+03
1.312549328609852182e+03
1.830733001708211668e+04
-4.353414407461069641e+04
-8.332889543511114425e+02
3.204731997183186832e+04
-1.086094503752085875e+05
4.522513639811220401e+02
8.353439546391713520e+03
-4.453132500373219955e+04
-1.011427732816047683e+04
-4.463321207442301966e+04
-6.541307664174421916e+03
-2.668948485411918373e+05
6.863544789327963954e+05
3.405720212535106839e+03
-4.375833460307247005e+05
1.631840857746175490e+06
-7.463635015491273407e+03
-1.145840799639428442e+05
6.744263509955744958e+05
2.293341247178629419e+04
2.309345838422581728e+05
1.496090375317329563e+04
1.194515355350169819e+06
-3.104089532242286019e+06
-3.038123172196614632e+03
1.871851390314177377e+06
-7.307815406019959599e+06
4.271913641164311412e+04
4.674651083630044013e+05
-3.064903044742039870e+06
-1.462170774819017424e+04
-3.778346783547480009e+05
-9.608736464672765578e+03
-1.710612740830103634e+06
4.332933865336650982e+06
-2.236560542065328264e+04
-2.501779194336278830e+06
1.027622363460354693e+07
-8.539288791336964641e+04
-5.700697921525127022e+05
4.396596312289067544e+06
9.789747327985583070e+01
-4.265973087748922410e+01
1.534842103790491308e+02
-1.417062076076895437e+03
2.752861414366502686e+03
1.387406469558648894e+02
-1.433658507513588120e+03
2.857741895243075760e+03
4.102510946737612585e+01
-4.236807379746389870e+02
8.503594335657172678e+02
-3.282507934157387286e+00
-9.050567323131474495e+00
-1.241555056045060823e+01
5.545585152265658024e+01
-1.060653605826619525e+02
-1.195596009861029252e+01
7.682080125374133672e+01
-1.553137246410599346e+02
-3.412318327551475683e+00
2.557254601204733646e+01
-5.440956263167755225e+01
-2.515972648412513027e-05
1.975045114373061796e-05
-1.836780347231900407e-05
2.188633112015680296e-05
8.250202171328009009e-05
7.156526741647294449e-06
-5.578259694211030095e-05
1.914189450341163942e-04
5.448029773846595539e-06
-3.220419411095311953e-05
7.974097860556356024e-05
4.331514709695348131e+01
6.386332679188080874e+02
-3.285768747216059182e+01
2.415893826937031463e+03
-5.766875169379177350e+03
-6.185459307173840671e+01
2.953967762459948062e+03
-8.986290575914970759e+03
-2.157143577976204440e+01
9.812158224673428322e+02
-3.239566489593028564e+03
-7.019953093255215659e-02
-1.626902764795446765e-01
-1.872420174166364859e-01
1.138089556508836253e+00
-2.833859765694903832e+00
-1.714153227514891298e-01
1.720038518950880446e+00
-4.538702072843990187e+00
-4.997729036904508676e-02
6.061920443334209985e-01
-1.682932727315938237e+00
9.598905233038909302e+00
-3.970029863690580214e+02
1.620199851712539996e+01
-1.575310830867677851e+03
3.599708418657845868e+03
2.709247920766754092e+01
-1.786029649129876589e+03
5.153979402306125849e+03
1.117576017852863757e+01
-5.778396553812410730e+02
1.808593545508094394e+03
-2.989500667861299393e-02
1.402124578711022362e+00
-7.356007506178112443e-02
8.337192632665246794e-01
2.240011575465615246e-01
-5.520296259308372921e-02
5.667120782961825309e-01
7.186904054527837316e-01
-1.550744210643377821e-02
1.575036774775355752e-01
2.107684086425668513e-01
9.975197594221355546e-01
-7.884448451186106335e-03
-5.904702983372376451e-02
1.395853394829196903e+00
-4.516674745937798718e+00
-5.585336168966913845e-02
1.751674869998789408e+00
-5.990166472447596924e+00
-1.794534120283555745e-02
5.965083707901684962e-01
-2.060891385119092867e+00
1.100000000000000000e+01
8.376671163192483505e+00
3.931897069131752232e+03
-1.739574464669631561e+04
3.132379695223718954e+03
3.439697659409315675e+05
-1.216254976398406550e+06
-7.070175567113699799e+04
1.383724306411847239e+06
-3.966506986437216401e+06
-6.001326963224010979e+04
8.036274025666330708e+05
-2.091573609142462024e+06
-4.010544739696490433e+04
1.122532842138734413e+05
2.356172663826260396e+04
-3.476253909313818906e+06
1.137548184418830276e+07
7.542548614671012620e+05
-1.308483998618111201e+07
3.644784548475901037e+07
5.962794925380462082e+05
-7.427566241293606348e+06
1.892811740735938028e+07
8.320844206225425296e+04
-1.912374494108531217e+05
-2.109161834534484078e+05
8.717602235523475334e+06
-2.691622150024464354e+07
-1.989000273369323462e+06
3.089319614204306901e+07
-8.389429408165295422e+07
-1.453499027282030554e+06
1.706112091044050828e+07
-4.275411782187895477e+07
8.150153276879654740e-01
2.574831666383190942e+00
1.160922052453266184e+00
-2.362875820874657418e+00
6.770837611838487646e+00
7.571450569503335171e-01
-2.725478233774783821e+00
7.114395827240391768e+00
1.766874328553941775e-01
-7.978989883710091435e-01
2.116186886208702322e+00
6.927301502063717281e-03
3.020436793865148226e-02
6.308135416544920389e-03
-1.207335789160310091e-01
2.627238348395015133e-01
3.415130106159573915e-03
-1.078023741966246951e-01
2.709774239203819324e-01
7.374219171183538481e-04
-2.749531253792230137e-02
7.331647269427277180e-02
1.010332651088976963e+00
8.993121986615546393e-04
2.839501389778639195e-01
-4.049708975146229406e+00
1.320793472881947217e+01
1.039626011073166295e-01
-7.025234364301327084e+00
2.478439877782810186e+01
3.093204848305766350e-02
-2.692364663292331262e+00
9.609483726401908399e+00
1.308199169986767441e+00
-5.537729550690454958e-03
-6.782931140246584167e-02
-6.689861995350693258e-01
3.403132013258984845e+00
-5.296565601513949367e-02
-9.923705727006353339e-01
4.820728510015703350e+00
-6.134142293346913147e-03
-3.842945744561496735e-01
1.756165585238417481e+00
2.096551999295542828e+03
1.463749316826155336e+03
1.312549328609852182e+03
1.830733001708211668e+04
-4.353414407461069641e+04
-8.332889543511114425e+02
3.204731997183186832e+04
-1.086094503752085875e+05
4.522513639811220401e+02
8.353439546391713520e+03
-4.453132500373219955e+04
-1.011427687509695897e+04
-4.463340313938452891e+04
-6.541309522968166675e+03
-2.668875212579184445e+05
6.863509937842842191e+05
3.405730819159020484e+03
-4.375979297764583025e+05
1.631855995623936178e+06
-7.463751960631341717e+03
-1.145820656755629898e+05
6.744424034871512558e+05
2.293347282484832249e+04
2.309327709591715538e+05
1.496086507348623672e+04
1.194561479529455071e+06
-3.104150204305706080e+06
-3.038117009736739874e+03
1.871813798393924721e+06
-7.307454338614531793e+06
4.271666918177692423e+04
4.674729678991134278e+05
-3.064795437679307070e+06
-1.462169027547955739e+04
-3.778358139061963884e+05
-9.608747236800909377e+03
-1.710596329218429979e+06
4.332872729863128625e+06
-2.236544395293327398e+04
-2.501745595008362085e+06
1.027663363513590768e+07
-8.539733466573781334e+04
-5.700699541342485463e+05
4.396638251222644001e+06
9.789747327985583070e+01
-4.265973087748922410e+01
1.534842103790491308e+02
-1.417062076076895437e+03
2.752861414366502686e+03
1.387406469558648894e+02
-1.433658507513588120e+03
2.857741895243075760e+03
4.102510946737612585e+01
-4.236807379746389870e+02
8.503594335657172678e+02
-3.282490841802677473e+00
-9.050455765401054009e+00
-1.241543726693917904e+01
5.545416586455416308e+01
-1.060666970489731824e+02
-1.195651072233951417e+01
7.682130224791053763e+01
-1.553131329509720899e+02
-3.412215767817936118e+00
2.557275975292284897e+01
-5.440951837347026299e+01
-2.516051866792486254e-05
1.975044790568317385e-05
-1.836727446348960336e-05
2.188636646097518235e-05
8.250210596984271379e-05
7.156385782147626923e-06
-5.578319800801148089e-05
1.914178990945760936e-04
5.448168621936013105e-06
-3.220385002853087673e-05
7.974120365803426518e-05
4.331514709695348131e+01
6.386332679188080874e+02
-3.285768747216059182e+01
2.415893826937031463e+03
-5.766875169379177350e+03
-6.185459307173840671e+01
2.953967762459948062e+03
-8.986290575914970759e+03
-2.157143577976204440e+01
9.812158224673428322e+02
-3.239566489593028564e+03
-7.019900321953320699e-02
-1.626890151713743515e-01
-1.872411629604187056e-01
1.138058025097835380e+00
-2.833915521353964184e+00
-1.714207652208166455e-01
1.720060036118448377e+00
-4.538606510819264805e+00
-4.997629246836527567e-02
6.061948369237319945e-01
-1.682944628830519873e+00
9.598922225200807290e+00
-3.969944514468124339e+02
1.620197743357679698e+01
-1.575380363794290133e+03
3.599623527879645280e+03
2.709248141624293993e+01
-1.785980020710412418e+03
5.154084758803879595e+03
1.117577112669027528e+01
-5.778418731396200201e+02
1.808584217463094774e+03
-2.989502938058335307e-02
1.402110358102166332e+00
-7.356000841721439809e-02
8.337219145582009938e-01
2.240012013355954512e-01
-5.520297229296263625e-02
5.667113700440092883e-01
7.186901360626108959e-01
-1.550744386315357388e-02
1.575037035797800522e-01
2.107684241450534512e-01
9.975328818241869788e-01
-7.884448239452031618e-03
-5.904704735863353787e-02
1.395850981161388171e+00
-4.516680405933636067e+00
-5.585335554909758027e-02
1.751676259960011306e+00
-5.990163703448569521e+00
-1.794534117425685901e-02
5.965083712318215436e-01
-2.060891236757094180e+00
1.100000000000000000e+01
8.252909452032767490e+00
3.931897239028101922e+03
-1.739574288255598731e+04
3.132379978015829693e+03
3.439703810394397588e+05
-1.216253252930762479e+06
-7.070204187621417805e+04
1.383698791165813571e+06
-3.966558893226813991e+06
-6.001293684604413284e+04
8.036424171922442038e+05
-2.091547759862145176e+06
-4.010543653259336133e+04
1.122533179451919568e+05
2.356172717864498554e+04
-3.476260228428369854e+06
1.137545610258533433e+07
7.542528187837533187e+05
-1.308489353825871833e+07
3.644781105788616091e+07
5.962810198362143710e+05
-7.427529076915626414e+06
1.892816516040936857e+07
8.320846072184960940e+04
-1.912374142243853712e+05
-2.109162419042392867e+05
8.717559009625572711e+06
-2.691634162727806717e+07
-1.988993351219160017e+06
3.089381053543621302e+07
-8.389300966112893820e+07
-1.453506452232519165e+06
1.706081343448973820e+07
-4.275463619372874498e+07
8.150197275557781174e-01
2.574842633364032185e+00
1.160908427472163718e+00
-2.362889908013489748e+00
6.770808542891753490e+00
7.571543902167843232e-01
-2.725448048515695554e+00
7.114447433369503138e+00
1.766865926841980905e-01
-7.979032611303016331e-01
2.116179349996742953e+00
6.927284163532303717e-03
3.020430568317189826e-02
6.308154655415016375e-03
-1.207322798498334931e-01
2.627251278475586926e-01
3.415121888859725969e-03
-1.078038946922834918e-01
2.709753891602003639e-01
7.374224954355421482e-04
-2.749516015431255692e-02
7.331670555040671611e-02
1.010330639888350035e+00
8.993121983160009755e-04
2.839503206903590260e-01
-4.049701306694013070e+00
1.320795310011128620e+01
1.039625676439591417e-01
-7.025265788032815983e+00
2.478431099894964618e+01
3.093205287074597687e-02
-2.692357765085686694e+00
9.609503584649772279e+00
1.308205391377665894e+00
-5.537729527390849657e-03
-6.782933343934084702e-02
-6.689866402616769792e-01
3.403129446384797419e+00
-5.296563629099117210e-02
-9.923691384577943975e-01
4.820736170978861423e+00
-6.134142699714675503e-03
-3.842949102400972650e-01
1.756163981136709351e+00
2.096551999295542828e+03
1.463749316826155336e+03
1.312549328609852182e+03
1.830733001708211668e+04
-4.353414407461069641e+04
-8.332889543511114425e+02
3.204731997183186832e+04
-1.086094503752085875e+05
4.522513639811220401e+02
8.353439546391713520e+03
-4.453132500373219955e+04
-1.011427168539121885e+04
-4.463357469527301146e+04
-6.541311835114634960e+03
-2.668806326487110928e+05
6.863472271412740229e+05
3.405741074408570057e+03
-4.376119505255784607e+05
1.631871286475648405e+06
-7.463864339509585989e+03
-1.145800505580313766e+05
6.744585948683029274e+05
2.293354335517027721e+04
2.309311947115962394e+05
1.496082638460897215e+04
1.194604152052211808e+06
-3.104212914159352425e+06
-3.038111054707900621e+03
1.871778084900930524e+06
-7.307098628298081458e+06
4.271429567965389288e+04
4.674811281116482569e+05
-3.064684591461832169e+06
-1.462167153162194336e+04
-3.778367344912491972e+05
-9.608757841828024539e+03
-1.710581911664760206e+06
4.332810671565809287e+06
-2.236528797884784217e+04
-2.501712766769791488e+06
1.027703493763856962e+07
-8.540161492633201124e+04
-5.700697966270993929e+05
4.396683982586177997e+06
9.789747327985583070e+01
-4.265973087748922410e+01
1.534842103790491308e+02
-1.417062076076895437e+03
2.752861414366502686e+03
1.387406469558648894e+02
-1.433658507513588120e+03
2.857741895243075760e+03
4.102510946737612585e+01
-4.236807379746389870e+02
8.503594335657172678e+02
-3.282474019107963326e+00
-9.050348078738400304e+00
-1.241535779127844563e+01
5.545251873801623788e+01
-1.060679424666690380e+02
-1.195699662438740596e+01
7.682185958943067305e+01
-1.553126776101201187e+02
-3.412121563880337050e+00
2.557295761499994668e+01
-5.440945539439374556e+01
-2.516127639513512378e-05
1.975044409579613665e-05
-1.836678750811362784e-05
2.188639842256093464e-05
8.250219081085658033e-05
7.156255433790343575e-06
-5.578375198058336360e-05
1.914168847405337361e-04
5.448298155920636061e-06
-3.220353085301692295e-05
7.974141883077077303e-05
4.331514709695348131e+01
6.386332679188080874e+02
-3.285768747216059182e+01
2.415893826937031463e+03
-5.766875169379177350e+03
-6.185459307173840671e+01
2.953967762459948062e+03
-8.986290575914970759e+03
-2.157143577976204440e+01
9.812158224673428322e+02
-3.239566489593028564e+03
-7.019844137372276138e-02
-1.626877810103422306e-01
-1.872407572950997301e-01
1.138027661323087303e+00
-2.833966588174636758e+00
-1.714256544382274094e-01
1.720077717470504641e+00
-4.538528596057643583e+00
-4.997535713822277154e-02
6.061985351891634455e-01
-1.682952576774292996e+00
9.598939056021837501e+00
-3.969861512311642286e+02
1.620195612771806282e+01
-1.575446442819908043e+03
3.599544888401587741e+03
2.709248532126939679e+01
-1.785936148298273338e+03
5.154172743995152814e+03
1.117578175764684900e+01
-5.778431387737023215e+02
1.808578210204487277e+03
-2.989505171931345837e-02
1.402096569942901105e+00
-7.355994255216810607e-02
8.337244142799185020e-01
2.240012416375886106e-01
-5.520298177328550326e-02
5.667107547053656935e-01
7.186899158448919467e-01
-1.550744567358353608e-02
1.575037184201886209e-01
2.107684330898418057e-01
9.975456365894252997e-01
-7.884448033596513222e-03
-5.904706391758705875e-02
1.395848712707848938e+00
-4.516685685089998792e+00
-5.585335028474997660e-02
1.751677406013372851e+00
-5.990161657989676591e+00
-1.794534102813877610e-02
5.965084094234245349e-01
-2.060890973019327443e+00
1.100000000000000000e+01
8.141392081346296550e+00
3.931897410288815990e+03
-1.739574118784447637e+04
3.132380238127364464e+03
3.439709711989483912e+05
-1.216251553860063665e+06
-7.070230116390655166e+04
1.383674834370917175e+06
-3.966608431563053280e+06
-6.001264138506692689e+04
8.036562557644295739e+05
-2.091523567769990303e+06
-4.010542625064546155e+04
1.122533498432743800e+05
2.356172771873759848e+04
-3.476265570507918019e+06
1.137543397817748599e+07
7.542510274387025274e+05
-1.308494844073676318e+07
3.644775883604265004e+07
5.962821424488911871e+05
-7.427498141003907658e+06
1.892820878078943864e+07
8.320847815496131079e+04
-1.912373810942871205e+05
-2.109162945696815732e+05
8.717519606963839382e+06
-2.691645145844358206e+07
-1.988986799110352993e+06
3.089437762130488828e+07
-8.389182976755246520e+07
-1.453513786720405100e+06
1.706052021086189523e+07
-4.275512560077007860e+07
8.150239196335642422e-01
2.574853157729555697e+00
1.160895457898429406e+00
-2.362903405148659264e+00
6.770780602311233132e+00
7.571632821834635152e-01
-2.725419128750429021e+00
7.114497011465659604e+00
1.766857911754828592e-01
-7.979073565634725584e-01
2.116172109966250048e+00
6.927266824705718279e-03
3.020424352465432213e-02
6.308173929688952811e-03
-1.207309798395333200e-01
2.627264208572870907e-01
3.415113647430508079e-03
-1.078054185548267263e-01
2.709733507954534271e-01
7.374230758967282098e-04
-2.749500727199108777e-02
7.331693911289643983e-02
1.010328613794557517e+00
8.993121979680911236e-04
2.839505051124211477e-01
-4.049693518006357351e+00
1.320797177027780833e+01
1.039625335128745998e-01
-7.025297898576425837e+00
2.478422118741552893e+01
3.093205736169991893e-02
-2.692350687028839840e+00
9.609523993359907479e+00
1.308211586776974800e+00
-5.537729504222225520e-03
-6.782935541585283223e-02
-6.689870792006029632e-01
3.403126891885277061e+00
-5.296561660277756406e-02
-9.923677083999420390e-01
4.820743804851700176e+00
-6.134143105593486099e-03
-3.842952453204069863e-01
1.756162381172442277e+00
2.096551999295542828e+03
1.463749316826155336e+03
1.312549328609852182e+03
1.830733001708211668e+04
-4.353414407461069641e+04
-8.332889543511114425e+02
3.204731997183186832e+04
-1.086094503752085875e+05
4.522513639811220401e+02
8.353439546391713520e+03
-4.453132500373219955e+04
-1.011426234423969254e+04
-4.463373076553614374e+04
-6.541314548573156571e+03
-2.668740783071783953e+05
6.863433472287323093e+05
3.405751056631086158e+03
-4.376254645503174397e+05
1.631886451319138519e+06
-7.463973349175927979e+03
-1.145780634008785855e+05
6.744747183113046922e+05
2.293362277332612211e+04
2.309298038853235194e+05
1.496078770027024802e+04
1.194644323158390820e+06
-3.104276020862593316e+06
-3.038105269178999606e+03
1.871744036147241946e+06
-7.306750525341326371e+06
4.271199449140637444e+04
4.674893253570934176e+05
-3.064572754387985449e+06
-1.462165168292936687e+04
-3.778374890845908667e+05
-9.608768295230671356e+03
-1.710568823022580473e+06
4.332748836547290906e+06
-2.236513659890430063e+04
-2.501680665089009795e+06
1.027742625122028403e+07
-8.540576324784084863e+04
-5.700694792578977067e+05
4.396731688090477139e+06
9.789747327985583070e+01
-4.265973087748922410e+01
1.534842103790491308e+02
-1.417062076076895437e+03
2.752861414366502686e+03
1.387406469558648894e+02
-1.433658507513588120e+03
2.857741895243075760e+03
4.102510946737612585e+01
-4.236807379746389870e+02
8.503594335657172678e+02
-3.282457663871229947e+00
-9.050244037837815725e+00
-1.241530665839681014e+01
5.545090611994856289e+01
-1.060691103099202479e+02
-1.195742650628915271e+01
7.682246863391672775e+01
-1.553123332395855982e+02
-3.412034547683195918e+00
2.557314249826096386e+01
-5.440937574728480541e+01
-2.516200576584546708e-05
1.975043972088922611e-05
-1.836633706300526357e-05
2.188642732593086985e-05
8.250227536553830451e-05
7.156134328668541069e-06
-5.578426434218215627e-05
1.914159014912148577e-04
5.448419643439164986e-06
-3.220323282001062210e-05
7.974162595591662440e-05
4.331514709695348131e+01
6.386332679188080874e+02
-3.285768747216059182e+01
2.415893826937031463e+03
-5.766875169379177350e+03
-6.185459307173840671e+01
2.953967762459948062e+03
-8.986290575914970759e+03
-2.157143577976204440e+01
9.812158224673428322e+02
-3.239566489593028564e+03
-7.019785213648087330e-02
-1.626865726543297308e-01
-1.872407330025395444e-01
1.137998375098977943e+00
-2.834013513499908488e+00
-1.714300679484258849e-01
1.720091915998050336e+00
-4.538466224663536330e+00
-4.997447552357685285e-02
6.062030569807846936e-01
-1.682957021734468928e+00
9.598955704958662238e+00
-3.969780686425671661e+02
1.620193468843977769e+01
-1.575509421163872275e+03
3.599471772062461241e+03
2.709249060201189607e+01
-1.785897359100688163e+03
5.154245531168277921e+03
1.117579213220790990e+01
-5.778435634905921461e+02
1.808575115118901749e+03
-2.989507368911400662e-02
1.402083180056890255e+00
-7.355987752683949832e-02
8.337267786896925825e-01
2.240012788640926567e-01
-5.520299101101896339e-02
5.667102210551460129e-01
7.186897385647602610e-01
-1.550744753490939341e-02
1.575037233695762706e-01
2.107684363020929652e-01
9.975580469873956968e-01
-7.884447833194589000e-03
-5.904707960159184810e-02
1.395846574258535533e+00
-4.516690625105513668e+00
-5.585334579534401156e-02
1.751678338489051301e+00
-5.990160242731732865e+00
-1.794534077829175456e-02
5.965084806565283948e-01
-2.060890608757321996e+00
1.100000000000000000e+01
8.039894284433090732e+00
3.931897584433986140e+03
-1.739573952883735546e+04
3.132380478790053985e+03
3.439715313061455381e+05
-1.216249913824698888e+06
-7.070253795709382393e+04
1.383652357851674082e+06
-3.966655476151268929e+06
-6.001237691872322466e+04
8.036690351356107276e+05
-2.091500948907920392e+06
-4.010541646776919515e+04
1.122533803435268201e+05
2.356172828336001476e+04
-3.476270178422273137e+06
1.137541441621552408e+07
7.542493937040530145e+05
-1.308500404260876775e+07
3.644769607243160903e+07
5.962829850931145484e+05
-7.427472151679660194e+06
1.892824802951689810e+07
8.320849449407948123e+04
-1.912373496494765568e+05
-2.109163413330223120e+05
8.717483486289497465e+06
-2.691655284402993321e+07
-1.988980729140968760e+06
3.089490132410616055e+07
-8.389073928754962981e+07
-1.453520887980724452e+06
1.706024148253433406e+07
-4.275558859853804857e+07
8.150279148697096021e-01
2.574863261998664665e+00
1.160883107761252253e+00
-2.362916343914733375e+00
6.770753730381952273e+00
7.571717575386081034e-01
-2.725391404913800830e+00
7.114544671957867550e+00
1.766850261416466616e-01
-7.979112845661872067e-01
2.116165149708174376e+00
6.927249492613646829e-03
3.020418146100385323e-02
6.308193224196942395e-03
-1.207296794617716690e-01
2.627277135843970046e-01
3.415105390211606393e-03
-1.078069446322248853e-01
2.709713100413352893e-01
7.374236578236353706e-04
-2.749485404090487237e-02
7.331717317832851799e-02
1.010326572889596264e+00
8.993121976177353115e-04
2.839506920661648559e-01
-4.049685614873052231e+00
1.320799072765015225e+01
1.039624987692021607e-01
-7.025330647006579277e+00
2.478412947669107425e+01
3.093206194656711316e-02
-2.692343443902458500e+00
9.609544909481863684e+00
1.308217756761710149e+00
-5.537729481174724112e-03
-6.782937732550607668e-02
-6.689875163463849805e-01
3.403124349383820579e+00
-5.296559696111387272e-02
-9.923662829788904016e-01
4.820751410151498106e+00
-6.134143510696192687e-03
-3.842955795179579526e-01
1.756160786057000323e+00
2.096551999295542828e+03
1.463749316826155336e+03
1.312549328609852182e+03
1.830733001708211668e+04
-4.353414407461069641e+04
-8.332889543511114425e+02
3.204731997183186832e+04
-1.086094503752085875e+05
4.522513639811220401e+02
8.353439546391713520e+03
-4.453132500373219955e+04
-1.011424917902831294e+04
-4.463387356687194551e+04
-6.541317618192276313e+03
-2.668677975978634786e+05
6.863394415545965312e+05
3.405760799474723171e+03
-4.376385239384418819e+05
1.631901348660374992e+06
-7.464079566659647753e+03
-1.145761170881504804e+05
6.744906650981700514e+05
2.293371043032508533e+04
2.309285711192933377e+05
1.496074902707365072e+04
1.194682515632862924e+06
-3.104338699470166583e+06
-3.038099633480801458e+03
1.871711451959350845e+06
-7.306410940759526566e+06
4.270975445470404520e+04
4.674974293508672272e+05
-3.064461163315384183e+06
-1.462163080118100333e+04
-3.778381030140051153e+05
-9.608778611992027436e+03
-1.710556720136990538e+06
4.332687780640193261e+06
-2.236498929444557871e+04
-2.501649252196869813e+06
1.027780725003072992e+07
-8.540979870670930541e+04
-5.700690866753237788e+05
4.396780330121642910e+06
9.789747327985583070e+01
-4.265973087748922410e+01
1.534842103790491308e+02
-1.417062076076895437e+03
2.752861414366502686e+03
1.387406469558648894e+02
-1.433658507513588120e+03
2.857741895243075760e+03
4.102510946737612585e+01
-4.236807379746389870e+02
8.503594335657172678e+02
-3.282442023033615097e+00
-9.050143599711169884e+00
-1.241527856119295592e+01
5.544932857959416594e+01
-1.060702084644083101e+02
-1.195780768186528142e+01
7.682312300716608888e+01
-1.553120811438968474e+02
-3.411953835451368544e+00
2.557331598509508552e+01
-5.440928203402732066e+01
-2.516271298057204682e-05
1.975043461643016826e-05
-1.836591818980004508e-05
2.188645358382204916e-05
8.250235940944105532e-05
7.156021346654178689e-06
-5.578473985411699015e-05
1.914149482159488956e-04
5.448534056473335869e-06
-3.220295323485267949e-05
7.974182596791428411e-05
4.331514709695348131e+01
6.386332679188080874e+02
-3.285768747216059182e+01
2.415893826937031463e+03
-5.766875169379177350e+03
-6.185459307173840671e+01
2.953967762459948062e+03
-8.986290575914970759e+03
-2.157143577976204440e+01
9.812158224673428322e+02
-3.239566489593028564e+03
-7.019724098824123293e-02
-1.626853890137288372e-01
-1.872410388973596573e-01
1.137970066490987975e+00
-2.834056783892821230e+00
-1.714340605479541257e-01
1.720103090759754094e+00
-4.538417396392249614e+00
-4.997364191526327409e-02
6.062082885863853132e-01
-1.682958417049961408e+00
9.598972153048222822e+00
-3.969701904481074735e+02
1.620191317962059685e+01
-1.575569605030602816e+03
3.599403558689642068e+03
2.709249709173657550e+01
-1.785863013872432020e+03
5.154305080541613279e+03
1.117580226230939999e+01
-5.778432604698352861e+02
1.808574544914884882e+03
-2.989509528334482330e-02
1.402070161253653469e+00
-7.355981336298028639e-02
8.337290218674113795e-01
2.240013133668561640e-01
-5.520300004049664977e-02
5.667097586807844367e-01
7.186895986319299379e-01
-1.550744943533938734e-02
1.575037197679565737e-01
2.107684345525961400e-01
9.975701289209218947e-01
-7.884447637939788825e-03
-5.904709447796755578e-02
1.395844554142264604e+00
-4.516695258459434648e+00
-5.585334199806979427e-02
1.751679082538810439e+00
-5.990159379576422083e+00
-1.794534043729571759e-02
5.965085806826855297e-01
-2.060890157406556789e+00
1.100000000000000000e+01
7.946753393385013631e+00
3.931897763879156173e+03
-1.739573787944941796e+04
3.132380701445133127e+03
3.439720575391367311e+05
-1.216248354754283093e+06
-7.070275499524829502e+04
1.383631290659108898e+06
-3.966700017992158886e+06
-6.001213913139810029e+04
8.036808557319901884e+05
-2.091479795314642368e+06
-4.010540707989990187e+04
1.122534097941880755e+05
2.356172887283071032e+04
-3.476274253985218238e+06
1.137539666538960859e+07
7.542478707523702178e+05
-1.308505968009785190e+07
3.644762722016577423e+07
5.962836236703605391e+05
-7.427450109569222666e+06
1.892828329210911319e+07
8.320850989128192305e+04
-1.912373195871887146e+05
-2.109163825514352939e+05
8.717450182623354718e+06
-2.691664717748254538e+07
-1.988975173733033473e+06
3.089538539390320331e+07
-8.388972723313264549e+07
-1.453527684361854568e+06
1.705997720382003486e+07
-4.275602679204302281e+07
8.150317236989406133e-01
2.574872967923124811e+00
1.160871343069897810e+00
-2.362928754494095340e+00
6.770727869806282051e+00
7.571798395392645986e-01
-2.725364810970341445e+00
7.114590520127058504e+00
1.766842955246519520e-01
-7.979150545065577527e-01
2.116158453634878089e+00
6.927232172429340085e-03
3.020411949469854057e-02
6.308212527256770036e-03
-1.207283792773400088e-01
2.627290056129643059e-01
3.415097123781245855e-03
-1.078084718678044146e-01
2.709692681891278099e-01
7.374242406707053488e-04
-2.749470059659142249e-02
7.331740754537251215e-02
1.010324517580327042e+00
8.993121972649439477e-04
2.839508813704403334e-01
-4.049677604347957427e+00
1.320800995593158689e+01
1.039624634654201102e-01
-7.025363982759028403e+00
2.478403601164246695e+01
3.093206661662259091e-02
-2.692336050270519365e+00
9.609566289317232446e+00
1.308223901723554183e+00
-5.537729458242200177e-03
-6.782939916283245441e-02
-6.689879516589384290e-01
3.403121818891908568e+00
-5.296557737489383105e-02
-9.923648626814074447e-01
4.820758984723029883e+00
-6.134143914780359856e-03
-3.842959126579225115e-01
1.756159196566985381e+00
2.096551999295542828e+03
1.463749316826155336e+03
1.312549328609852182e+03
1.830733001708211668e+04
-4.353414407461069641e+04
-8.332889543511114425e+02
3.204731997183186832e+04
-1.086094503752085875e+05
4.522513639811220401e+02
8.353439546391713520e+03
-4.453132500373219955e+04
-1.011423240939861716e+04
-4.463400447114624694e+04
-6.541321002058913109e+03
-2.668617515580545878e+05
6.863355585536172148e+05
3.405770316400247339e+03
-4.376511749589779647e+05
1.631915904730966082e+06
-7.464183280959854528e+03
-1.145742170884778898e+05
6.745063751438277541e+05
2.293380593098520330e+04
2.309274800518271513e+05
1.496071037564897779e+04
1.194719045802608365e+06
-3.104400515562562738e+06
-3.038094136621803045e+03
1.871680155593567295e+06
-7.306080158420029096e+06
4.270756928603693814e+04
4.675053735321463319e+05
-3.064350545964571182e+06
-1.462160892272384444e+04
-3.778385908492820454e+05
-9.608788804663534393e+03
-1.710545411572113633e+06
4.332627780263447203e+06
-2.236484573566278777e+04
-2.501618493342147209e+06
1.027817803704324551e+07
-8.541373285420806496e+04
-5.700686669068678748e+05
4.396829269598556682e+06
9.789747327985583070e+01
-4.265973087748922410e+01
1.534842103790491308e+02
-1.417062076076895437e+03
2.752861414366502686e+03
1.387406469558648894e+02
-1.433658507513588120e+03
2.857741895243075760e+03
4.102510946737612585e+01
-4.236807379746389870e+02
8.503594335657172678e+02
-3.282427328297365943e+00
-9.050046772417365659e+00
-1.241526875606471769e+01
5.544778805978741332e+01
-1.060712423310414181e+02
-1.195814635161658046e+01
7.682381636633796518e+01
-1.553119064347629035e+02
-3.411878719132596771e+00
2.557347902132664430e+01
-5.440917688738994684e+01
-2.516340364973802354e-05
1.975042858100890068e-05
-1.836552659110632992e-05
2.188647760534153002e-05
8.250244296433610028e-05
7.155915548564351405e-06
-5.578518262653684042e-05
1.914140236520429374e-04
5.448642180229711872e-06
-3.220269002486034432e-05
7.974201936986539507e-05
4.331514709695348131e+01
6.386332679188080874e+02
-3.285768747216059182e+01
2.415893826937031463e+03
-5.766875169379177350e+03
-6.185459307173840671e+01
2.953967762459948062e+03
-8.986290575914970759e+03
-2.157143577976204440e+01
9.812158224673428322e+02
-3.239566489593028564e+03
-7.019661247937294957e-02
-1.626842291317157907e-01
-1.872416335219868055e-01
1.137942640648706538e+00
-2.834096824994224662e+00
-1.714376749457228177e-01
1.720111697062698175e+00
-4.538380312266389716e+00
-4.997285213110134322e-02
6.062141148160837822e-01
-1.682957180478803716e+00
9.598988384570503740e+00
-3.969625054404573348e+02
1.620189165075038673e+01
-1.575627260327758449e+03
3.599339714850425480e+03
2.709250468763970332e+01
-1.785832539038050299e+03
5.154353116208055326e+03
1.117581214285302238e+01
-5.778423341024390538e+02
1.808576151458598360e+03
-2.989511649696868778e-02
1.402057490373908921e+00
-7.355975006634249413e-02
8.337311560146558609e-01
2.240013454486919908e-01
-5.520300891105908020e-02
5.667093583346901609e-01
7.186894911449257517e-01
-1.550745136121449604e-02
1.575037088316322553e-01
2.107684285295018389e-01
9.975818953477118001e-01
-7.884447447579124094e-03
-5.904710860152806440e-02
1.395842642730861671e+00
-4.516699612111505502e+00
-5.585333882294716418e-02
1.751679659514042031e+00
-5.990159001974091346e+00
-1.794534001630755313e-02
5.965087057543349003e-01
-2.060889630829191521e+00
1.100000000000000000e+01
7.860715386213419364e+00
