3.931897989719669567e+03
-1.739575870681280503e+04
3.132375545898834844e+03
3.439658609236137709e+05
-1.216256581998199690e+06
-7.069800600428853068e+04
1.383907177859704942e+06
-3.966276189097944647e+06
-6.001752423652596190e+04
8.035151181825734675e+05
-2.091710365941657918e+06
-4.010547653771656769e+04
1.122530169706700981e+05
2.356169606583616769e+04
-3.476180699403351173e+06
1.137593670849481970e+07
7.543131127166453516e+05
-1.308476044625267945e+07
3.644458485392813385e+07
5.962266124722879613e+05
-7.427790114356440492e+06
1.892897751404034346e+07
8.320835471266537206e+04
-1.912377264145924128e+05
-2.109162454782992136e+05
8.717975083525680006e+06
-2.691494242066955194e+07
-1.988980652736272197e+06
3.088802996015456319e+07
-8.390870279256162047e+07
-1.453503195344649721e+06
1.706352899082216620e+07
-4.274865973112091422e+07
8.149838730507784623e-01
2.574755351745465770e+00
1.161019803549678597e+00
-2.362777178555153679e+00
6.771038707057573269e+00
7.570782938606833712e-01
-2.725689689043247377e+00
7.114038039714996486e+00
1.766934149293478973e-01
-7.978690983168182926e-01
2.116239150200515340e+00
6.927402739328343377e-03
3.020474290328910988e-02
6.308024337706170936e-03
-1.207413066113113831e-01
2.627159890578132373e-01
3.415177364719879441e-03
-1.077933861118837433e-01
2.709896696689174656e-01
7.374185938559282925e-04
-2.749621038376280982e-02
7.331507891357019746e-02
1.010344404799476958e+00
8.993122007234547691e-04
2.839491168044590008e-01
-4.049752962958004687e+00
1.320782817266536568e+01
1.039627848680542560e-01
-7.025059158961947325e+00
2.478489237013047486e+01
3.093202475605891927e-02
-2.692402389685166320e+00
9.609374464684982797e+00
1.308161560703610560e+00
-5.537729694807678321e-03
-6.782917938621006726e-02
-6.689834970767116751e-01
3.403147966134083102e+00
-5.296577374411866324e-02
-9.923793203111361816e-01
4.820681208409586915e+00
-6.134139870393713091e-03
-3.842925330869636502e-01
1.756175442198598446e+00
2.096551999295542828e+03
1.463749316826155336e+03
1.312549328609852182e+03
1.830733001708211668e+04
-4.353414407461069641e+04
-8.332889543511114425e+02
3.204731997183186832e+04
-1.086094503752085875e+05
4.522513639811220401e+02
8.353439546391713520e+03
-4.453132500373219955e+04
-1.011405647262115599e+04
-4.463101109458185238e+04
-6.541308761668721672e+03
-2.669592341930750408e+05
6.863283229317984078e+05
3.405637218767968534e+03
-4.375077208209015080e+05
1.631817130734469742e+06
-7.462648563007645862e+03
-1.145852517715331924e+05
6.744024689098675735e+05
2.293365827343649653e+04
2.309600081497950596e+05
1.496108397418369532e+04
1.194018134231814183e+06
-3.104223969305276405e+06
-3.038166617199258781e+03
1.872032284909359179e+06
-7.309145012085539289e+06
4.273822871475410648e+04
4.675020186166010099e+05
-3.064853498512499034e+06
-1.462171522218356949e+04
-3.778128579387104255e+05
-9.608682631509725979e+03
-1.710892525721405633e+06
4.332924601416520774e+06
-2.236668326226652789e+04
-2.501971638637746684e+06
1.027449590225954168e+07
-8.536030079034245864e+04
-5.700253441737515386e+05
4.396844346849776804e+06
9.789747327985583070e+01
-4.265973087748922410e+01
1.534842103790491308e+02
-1.417062076076895437e+03
2.752861414366502686e+03
1.387406469558648894e+02
-1.433658507513588120e+03
2.857741895243075760e+03
4.102510946737612585e+01
-4.236807379746389870e+02
8.503594335657172678e+02
-3.282701958759533856e+00
-9.051384468245865733e+00
-1.241544974225804232e+01
5.547164477097869906e+01
-1.060510993896633494e+02
-1.195304455369065799e+01
7.680704618365417957e+01
-1.553317294809839382e+02
-3.412926159239326296e+00
2.557237756995253619e+01
-5.440803670774046452e+01
-2.515642981879956500e-05
1.975025694220132650e-05
-1.837067146929591507e-05
2.188631704131197269e-05
8.250240316860032888e-05
7.157371250566708209e-06
-5.578000011227068460e-05
1.914208288407217846e-04
5.447166261464216858e-06
-3.220610095021981872e-05
7.974016714984341050e-05
4.331514709695348131e+01
6.386332679188080874e+02
-3.285768747216059182e+01
2.415893826937031463e+03
-5.766875169379177350e+03
-6.185459307173840671e+01
2.953967762459948062e+03
-8.986290575914970759e+03
-2.157143577976204440e+01
9.812158224673428322e+02
-3.239566489593028564e+03
-7.020209449091723009e-02
-1.626979845068708408e-01
-1.872514685185499017e-01
1.138313650449944925e+00
-2.833419630443004600e+00
-1.713795568684061688e-01
1.719754933811952657e+00
-4.539717148261272150e+00
-4.998343735754870454e-02
6.062072055948308780e-01
-1.682769616644546051e+00
9.598807238347900395e+00
-3.970543859555743325e+02
1.620212618951781280e+01
-1.574828698671703705e+03
3.600341084383109319e+03
2.709242965907546719e+01
-1.786482357315139097e+03
5.152919378666510966e+03
1.117571013003389524e+01
-5.777999423177481049e+02
1.808730762932043035e+03
-2.989487384493607139e-02
1.402210644858373767e+00
-7.356049468633846233e-02
8.337006542278661003e-01
2.240008282397391026e-01
-5.520287000117722609e-02
5.667186343606578358e-01
7.186931973380502603e-01
-1.550743735432574301e-02
1.575032277927718716e-01
2.107681571517622809e-01
9.974408278363099400e-01
-7.884449714907202852e-03
-5.904690119559103528e-02
1.395871239676408804e+00
-4.516631601676276198e+00
-5.585343136869692221e-02
1.751658003934360330e+00
-5.990208965347804337e+00
-1.794533652216119546e-02
5.965097794825992006e-01
-2.060887936797180409e+00
3.074614614632816684e-02
3.074614614632671661e-02
3.931906527729709524e+03
-1.739567414378939066e+04
3.132381096040216107e+03
3.439647813657954684e+05
-1.216279332089965697e+06
-7.070305648559766996e+04
1.383744210818337509e+06
-3.966357682406240609e+06
-6.001257763388942840e+04
8.036123935410470003e+05
-2.091631359834994422e+06
-4.010521588104980037e+04
1.122540222629886557e+05
2.356175946588729130e+04
-3.476341630462803878e+06
1.137501292356369272e+07
7.542010932297065156e+05
-1.308521373054282181e+07
3.644986594942210615e+07
5.963089525792959612e+05
-7.427546308097175322e+06
1.892735903002915531e+07
8.320867815137036087e+04
-1.912369104604458844e+05
-2.109152983803623938e+05
8.717518762942491099e+06
-2.691679894393130019e+07
-1.989119146108110202e+06
3.089167127264423296e+07
-8.389295205355621874e+07
-1.453439210652710870e+06
1.706154374866146967e+07
-4.275460110367776453e+07
8.150061439529909801e-01
2.574817355881110270e+00
1.160954461994555320e+00
-2.362851544997674580e+00
6.770877397733320535e+00
7.571248253216467106e-01
-2.725528065699099223e+00
7.114324693070929406e+00
1.766890452232191544e-01
-7.978925044473109685e-01
2.116196756826443259e+00
6.927263922847285045e-03
3.020419142520847089e-02
6.308138111739717765e-03
-1.207332714402198082e-01
2.627239705933537839e-01
3.415133767453860762e-03
-1.078016394234924402e-01
2.709787403828531893e-01
7.374215013042556338e-04
-2.749543303448620177e-02
7.331625472195482662e-02
1.010321302394983300e+00
8.993121965244952297e-04
2.839504048915042489e-01
-4.049697776707280816e+00
1.320795739053334472e+01
1.039625932509330303e-01
-7.025236538523006224e+00
2.478441572358195799e+01
3.093204703544112644e-02
-2.692368341692630729e+00
9.609468483307223252e+00
1.308215991046872029e+00
-5.537729481238938371e-03
-6.782931795849070356e-02
-6.689863007019906105e-01
3.403131894191589790e+00
-5.296566393264148104e-02
-9.923713191980090276e-01
4.820723245456775885e+00
-6.134142003201121206e-03
-3.842942969057712155e-01
1.756167121966747402e+00
2.096551999295542828e+03
1.463749316826155336e+03
1.312549328609852182e+03
1.830733001708211668e+04
-4.353414407461069641e+04
-8.332889543511114425e+02
3.204731997183186832e+04
-1.086094503752085875e+05
4.522513639811220401e+02
8.353439546391713520e+03
-4.453132500373219955e+04
-1.010673041781448774e+04
-4.463189058859828219e+04
-6.542097176455706176e+03
-2.668084353675883613e+05
6.864379357022163458e+05
3.405837512526590217e+03
-4.376518158379277447e+05
1.632049421563749434e+06
-7.465260448304819874e+03
-1.145941045693704800e+05
6.745211889649851946e+05
2.295292721074870133e+04
2.309533786787566787e+05
1.495877690986764173e+04
1.195313590887378203e+06
-3.103329137738826685e+06
-3.038073791107480247e+03
1.871491904662709218e+06
-7.304685365910851397e+06
4.269183286149818741e+04
4.673521964394166134e+05
-3.064282926685762126e+06
-1.461871435139024834e+04
-3.778148934042704059e+05
-9.609074341179872135e+03
-1.710042799746286822e+06
4.333428620043717325e+06
-2.236455154574394692e+04
-2.501857400532163214e+06
1.027925244764907286e+07
-8.543465442797915603e+04
-5.701479353880545823e+05
4.396818965169138275e+06
9.789747327985583070e+01
-4.265973087748922410e+01
1.534842103790491308e+02
-1.417062076076895437e+03
2.752861414366502686e+03
1.387406469558648894e+02
-1.433658507513588120e+03
2.857741895243075760e+03
4.102510946737612585e+01
-4.236807379746389870e+02
8.503594335657172678e+02
-3.282357078063145472e+00
-9.044861511634598727e+00
-1.241622623600372499e+01
5.539381978089040359e+01
-1.061068068175915045e+02
-1.195391267226435339e+01
7.683508133540782126e+01
-1.553543997936139931e+02
-3.411860849540255813e+00
2.558176000255803473e+01
-5.439374390704049489e+01
-2.518128728402670507e-05
1.975310660659160535e-05
-1.836598622509116055e-05
2.188494676324443826e-05
8.249920144289509048e-05
7.156509622087416734e-06
-5.578276098191191357e-05
1.914009189108978846e-04
5.448542411841019240e-06
-3.220015762422937319e-05
7.974876562092589316e-05
4.331514709695348131e+01
6.386332679188080874e+02
-3.285768747216059182e+01
2.415893826937031463e+03
-5.766875169379177350e+03
-6.185459307173840671e+01
2.953967762459948062e+03
-8.986290575914970759e+03
-2.157143577976204440e+01
9.812158224673428322e+02
-3.239566489593028564e+03
-7.018708115632250888e-02
-1.626585805413859886e-01
-1.873006335337070172e-01
1.137474265934465656e+00
-2.834417771202615288e+00
-1.714198739827479945e-01
1.719963867695217807e+00
-4.539536625750717036e+00
-4.996799674727894075e-02
6.064151165406685973e-01
-1.682536289994064571e+00
9.599249520014421222e+00
-3.967752348600355390e+02
1.620157972420312120e+01
-1.576468683644189696e+03
3.598667328577198077e+03
2.709291887223540130e+01
-1.785771543307292859e+03
5.153572671937827181e+03
1.117589512042675359e+01
-5.777506927876082727e+02
1.808869386446164754e+03
-2.989542716785879850e-02
1.401758133987390353e+00
-7.355901000230499753e-02
8.337611310339042570e-01
2.240016885077227016e-01
-5.520319908131150061e-02
5.667084475281175537e-01
7.186912776971079442e-01
-1.550747191195362036e-02
1.575028801060147643e-01
2.107679419746025795e-01
9.978883431038029217e-01
-7.884441949042799921e-03
-5.904720919031725135e-02
1.395825158114450959e+00
-4.516724942655126362e+00
-5.585343569107033973e-02
1.751647785599751428e+00
-5.990287644589598059e+00
-1.794531816010915687e-02
5.965161511982012277e-01
-2.060864067439960312e+00
3.074614614632816684e-02
2.091807634536561877e-02
3.931918040609394666e+03
-1.739559842078915972e+04
3.132382153949203712e+03
3.439632632888164371e+05
-1.216285338314583525e+06
-7.070441732643780415e+04
1.383637494411129504e+06
-3.966593646457948256e+06
-6.001156514669988974e+04
8.036730962199677015e+05
-2.091509707681199070e+06
-4.010490015272537858e+04
1.122548914994451479e+05
2.356176892233494073e+04
-3.476457694333353546e+06
1.137460890704222769e+07
7.541795482987047872e+05
-1.308560721269449964e+07
3.644948702401867509e+07
5.963087967784719076e+05
-7.427465977024753578e+06
1.892765080915440992e+07
8.320903870654480124e+04
-1.912362221635869646e+05
-2.109152539790484298e+05
8.717212820805028081e+06
-2.691773513995350525e+07
-1.989123695901629515e+06
3.089388757741969824e+07
-8.388755469277124107e+07
-1.453477903058961732e+06
1.706007857169676200e+07
-4.275692141101810336e+07
8.150216903506654065e-01
2.574865641763770086e+00
1.160908532035898721e+00
-2.362908411505192152e+00
6.770749241391029294e+00
7.571588017602055576e-01
-2.725403240455502640e+00
7.114552160515051682e+00
1.766857606898388777e-01
-7.979107826187805674e-01
2.116163007215596803e+00
6.927120880527651813e-03
3.020364099284095910e-02
6.308258939504209420e-03
-1.207250297460737698e-01
2.627319633403966681e-01
3.415086851029431724e-03
-1.078102501312122180e-01
2.709675795289334665e-01
7.374246472259524988e-04
-2.749461442381035195e-02
7.331747065218220671e-02
1.010297980412841357e+00
8.993121923612475751e-04
2.839517883074792470e-01
-4.049639784310603119e+00
1.320809148394966392e+01
1.039623767609924865e-01
-7.025434278448764225e+00
2.478388770564684407e+01
3.093207312914190293e-02
-2.692328642624936652e+00
9.609578091683999901e+00
1.308270214162872591e+00
-5.537729273289057966e-03
-6.782945877200091678e-02
-6.689890696775689927e-01
3.403116310471445694e+00
-5.296555114340680687e-02
-9.923633193781437045e-01
4.820764562575155843e+00
-6.134144203686745650e-03
-3.842960735047521448e-01
1.756158863733709552e+00
2.096551999295542828e+03
1.463749316826155336e+03
1.312549328609852182e+03
1.830733001708211668e+04
-4.353414407461069641e+04
-8.332889543511114425e+02
3.204731997183186832e+04
-1.086094503752085875e+05
4.522513639811220401e+02
8.353439546391713520e+03
-4.453132500373219955e+04
-1.010015467405069285e+04
-4.463011054776824312e+04
-6.542550204727840537e+03
-2.667340557072068332e+05
6.864254822125175269e+05
3.405868094216433747e+03
-4.377568794293424580e+05
1.632415335389998974e+06
-7.466271635756818796e+03
-1.145830640257531049e+05
6.747790741900260327e+05
2.297021775961476669e+04
2.309811468877392763e+05
1.495737235765671539e+04
1.195890244708626764e+06
-3.103624520243320148e+06
-3.038049640123127574e+03
1.871160412753661862e+06
-7.299348214894645847e+06
4.267192914009130618e+04
4.673803150904596550e+05
-3.062158780752064660e+06
-1.461602245155984747e+04
-3.777834828634369187e+05
-9.609322597020045578e+03
-1.709714739870529855e+06
4.333101099322765134e+06
-2.236383939968247068e+04
-2.501695435784368776e+06
1.028434329090191238e+07
-8.546897991536516929e+04
-5.701647727994901361e+05
4.398077406644259579e+06
9.789747327985583070e+01
-4.265973087748922410e+01
1.534842103790491308e+02
-1.417062076076895437e+03
2.752861414366502686e+03
1.387406469558648894e+02
-1.433658507513588120e+03
2.857741895243075760e+03
4.102510946737612585e+01
-4.236807379746389870e+02
8.503594335657172678e+02
-3.282450928768564591e+00
-9.039717758204467657e+00
-1.241446861110105893e+01
5.534331136323028488e+01
-1.061387438953111371e+02
-1.195413719310269229e+01
7.684114573352931643e+01
-1.553952364024720509e+02
-3.411220330420898783e+00
2.558948615268476345e+01
-5.438173799291378430e+01
-2.520646972104257500e-05
1.975507022528008908e-05
-1.836221887838025872e-05
2.188412271946798250e-05
8.249804506857885537e-05
7.156079513085647405e-06
-5.578547164587808278e-05
1.913806728380118961e-04
5.449364823327902395e-06
-3.219604149523488224e-05
7.975487907292734828e-05
4.331514709695348131e+01
6.386332679188080874e+02
-3.285768747216059182e+01
2.415893826937031463e+03
-5.766875169379177350e+03
-6.185459307173840671e+01
2.953967762459948062e+03
-8.986290575914970759e+03
-2.157143577976204440e+01
9.812158224673428322e+02
-3.239566489593028564e+03
-7.017523194204072778e-02
-1.626273446138988832e-01
-1.873472135948907880e-01
1.136892910188243899e+00
-2.834990586533563395e+00
-1.714427155966811722e-01
1.719843073051509519e+00
-4.540105459984800085e+00
-4.995651672198525572e-02
6.066220376546642701e-01
-1.682254671797458023e+00
9.599593052228893697e+00
-3.965475402026743836e+02
1.620118484106298595e+01
-1.577606542140718147e+03
3.597614565854465127e+03
2.709323677774054318e+01
-1.785504761007156276e+03
5.153344565138242615e+03
1.117605584006824238e+01
-5.776753567530446389e+02
1.809075410904748878e+03
-2.989584569065806621e-02
1.401392028677896695e+00
-7.355800302741243024e-02
8.338022154003964515e-01
2.240022227006467914e-01
-5.520337905486241009e-02
5.667048066446767063e-01
7.186917955996887653e-01
-1.550750710720402020e-02
1.575021897732711285e-01
2.107675780931068110e-01
9.982497530696202714e-01
-7.884435518279275801e-03
-5.904735799181577011e-02
1.395799788091302451e+00
-4.516769484563975645e+00
-5.585353281947328524e-02
1.751618390828785676e+00
-5.990410725557613780e+00
-1.794529411012341438e-02
5.965235679281407633e-01
-2.060838739510836959e+00
3.074614614632816684e-02
1.930387977507418140e-02
3.931928918836841149e+03
-1.739552539756476835e+04
3.132382864750371482e+03
3.439611350896800286e+05
-1.216292590038008755e+06
-7.070523497954958293e+04
1.383566748153223889e+06
-3.966771042450132780e+06
-6.001129138160496223e+04
8.037095025474163704e+05
-2.091422369545475580e+06
-4.010461765095344890e+04
1.122557053737058595e+05
2.356178098685645818e+04
-3.476552870144436136e+06
1.137426940533524007e+07
7.541621078447785694e+05
-1.308598916196618602e+07
3.644886819996760041e+07
5.963015579130589031e+05
-7.427494564945237711e+06
1.892788752145094424e+07
8.320934734362193558e+04
-1.912355917816750298e+05
-2.109150219592387730e+05
8.716991159896997735e+06
-2.691846599881797284e+07
-1.989138847363512265e+06
3.089513014552996308e+07
-8.388422735557283461e+07
-1.453512249873708934e+06
1.705895467452724651e+07
-4.275857276487723738e+07
8.150321225803087710e-01
2.574903536987600550e+00
1.160877175664114525e+00
-2.362952272642822038e+00
6.770645671044717595e+00
7.571834327201172332e-01
-2.725305475410642053e+00
7.114736265675359661e+00
1.766832781019922471e-01
-7.979253176433475092e-01
2.116135540855445196e+00
6.926977796197699745e-03
3.020309129759934930e-02
6.308380884619839771e-03
-1.207167035574602948e-01
2.627400478084265245e-01
3.415039236985425997e-03
-1.078190156769479879e-01
2.709561865674673387e-01
7.374278521188386238e-04
-2.749377702668518580e-02
7.331871865917356790e-02
1.010274364297582661e+00
8.993121881480808672e-04
2.839532371461757632e-01
-4.049578701932827762e+00
1.320823348900546357e+01
1.039621442631381287e-01
-7.025649304465950706e+00
2.478330741734101750e+01
3.093210165348456164e-02
-2.692284539856967474e+00
9.609701406527092260e+00
1.308323954641647635e+00
-5.537729067550103447e-03
-6.782959908739792654e-02
-6.689918257567231130e-01
3.403100809449977060e+00
-5.296543831105023775e-02
-9.923553184206926892e-01
4.820805884600894764e+00
-6.134146410388416869e-03
-3.842978555574108057e-01
1.756150577855558836e+00
2.096551999295542828e+03
1.463749316826155336e+03
1.312549328609852182e+03
1.830733001708211668e+04
-4.353414407461069641e+04
-8.332889543511114425e+02
3.204731997183186832e+04
-1.086094503752085875e+05
4.522513639811220401e+02
8.353439546391713520e+03
-4.453132500373219955e+04
-1.009444378165550734e+04
-4.462868661640871142e+04
-6.542775385544223354e+03
-2.666632590728466166e+05
6.864183299112606328e+05
3.405840406125816571e+03
-4.378277870913919760e+05
1.632750449163410580e+06
-7.466927723854103533e+03
-1.145774932278214837e+05
6.750136939525936032e+05
2.298523782930107336e+04
2.310032953231421707e+05
1.495659277280756578e+04
1.196468031077850377e+06
-3.103820540842228569e+06
-3.038050365661281376e+03
1.871001130913540022e+06
-7.294742904071514495e+06
4.265833880155874795e+04
4.673767250291332020e+05
-3.060149420758171473e+06
-1.461368367445998047e+04
-3.777584952920174692e+05
-9.609469910813279057e+03
-1.709359613082438475e+06
4.332876474174791947e+06
-2.236366536558985172e+04
-2.501504989896578714e+06
1.028860196345823072e+07
-8.549316680794942658e+04
-5.701921651851725765e+05
4.399336871698977426e+06
9.789747327985583070e+01
-4.265973087748922410e+01
1.534842103790491308e+02
-1.417062076076895437e+03
2.752861414366502686e+03
1.387406469558648894e+02
-1.433658507513588120e+03
2.857741895243075760e+03
4.102510946737612585e+01
-4.236807379746389870e+02
8.503594335657172678e+02
-3.282704026361558558e+00
-9.035274551151280420e+00
-1.241254323357329881e+01
5.530218422834420977e+01
-1.061626605949614657e+02
-1.195303611003741828e+01
7.684835149393585141e+01
-1.554312695994614444e+02
-3.410862793561039386e+00
2.559489621403120907e+01
-5.437287618116912569e+01
-2.522995993670135110e-05
1.975672975911089963e-05
-1.835964379582184737e-05
2.188334805658570637e-05
8.249711372246942267e-05
7.155941554757064633e-06
-5.578664871891594456e-05
1.913653857373630123e-04
5.449895058010242935e-06
-3.219322545136326155e-05
7.975895407365588517e-05
4.331514709695348131e+01
6.386332679188080874e+02
-3.285768747216059182e+01
2.415893826937031463e+03
-5.766875169379177350e+03
-6.185459307173840671e+01
2.953967762459948062e+03
-8.986290575914970759e+03
-2.157143577976204440e+01
9.812158224673428322e+02
-3.239566489593028564e+03
-7.016532683433054918e-02
-1.626005986365688660e-01
-1.873918114896430953e-01
1.136424680133760523e+00
-2.835396818221573412e+00
-1.714559834908431502e-01
1.719656653033953431e+00
-4.540803037662216823e+00
-4.994723598824345190e-02
6.068081040670438853e-01
-1.682000208816943454e+00
9.599877725674828000e+00
-3.963501403096387889e+02
1.620086751044274109e+01
-1.578505603590498140e+03
3.596839368877725065e+03
2.709350711221447483e+01
-1.785377976545682714e+03
5.152895428354152500e+03
1.117619009478243264e+01
-5.776022193916876404e+02
1.809270411845433955e+03
-2.989618406651018204e-02
1.401076969645955517e+00
-7.355723951131569460e-02
8.338340178074524767e-01
2.240026095625259617e-01
-5.520350738613562930e-02
5.667033329629462823e-01
7.186929689530386911e-01
-1.550753857741792377e-02
1.575014839625400731e-01
2.107672219938538372e-01
9.985575033948301815e-01
-7.884429935986861024e-03
-5.904742782080232150e-02
1.395784730852520195e+00
-4.516790021107778941e+00
-5.585366066062417284e-02
1.751583618030113643e+00
-5.990542763359525402e+00
-1.794527002851336456e-02
5.965306555024711965e-01
-2.060815374439183056e+00
3.074614614632816684e-02
1.811633956559670355e-02
3.931939422308901158e+03
-1.739545324844010611e+04
3.132383355471137747e+03
3.439582898963904590e+05
-1.216302029651588760e+06
-7.070575996005161142e+04
1.383521053564877482e+06
-3.966901302896737587e+06
-6.001137236504704197e+04
8.037321641141951550e+05
-2.091356144588183379e+06
-4.010435579825245804e+04
1.122564929534368857e+05
2.356179479632024231e+04
-3.476643209705347195e+06
1.137393981584869884e+07
7.541456516076505650e+05
-1.308631867612253129e+07
3.644830261467658728e+07
5.962928089896376478e+05
-7.427551918164454401e+06
1.892810919779391214e+07
8.320962322180916090e+04
-1.912349916818947240e+05
-2.109146674886181718e+05
8.716809782809978351e+06
-2.691911045778777823e+07
-1.989163763634924311e+06
3.089581127205848694e+07
-8.388194854381075501e+07
-1.453539174978858326e+06
1.705810627067797631e+07
-4.275976650244552642e+07
8.150388858533011982e-01
2.574934058464602327e+00
1.160856141451835466e+00
-2.362986965332446232e+00
6.770559395276138481e+00
7.572014975308177798e-01
-2.725226687964605432e+00
7.114889980908346345e+00
1.766813564258757074e-01
-7.979372361588138451e-01
2.116112466206714338e+00
6.926835644617391693e-03
3.020254554923986964e-02
6.308502317640313911e-03
-1.207084095476852470e-01
2.627481030932931616e-01
3.414991768869086921e-03
-1.078277627802246286e-01
2.709448091589038432e-01
7.374310487515242825e-04
-2.749294082807574036e-02
7.331996592818018632e-02
1.010250635479433834e+00
8.993121839158229854e-04
2.839547201473350824e-01
-4.049515961157037935e+00
1.320837980011813251e+01
1.039619034133344028e-01
-7.025873565775884622e+00
2.478269887558121098e+01
3.093213142481163191e-02
-2.692238131956400160e+00
9.609831965969489076e+00
1.308377032075053847e+00
-5.537728864548168740e-03
-6.782973761831208315e-02
-6.689945437015205609e-01
3.403085536822408663e+00
-5.296532694682867803e-02
-9.923474298748850009e-01
4.820846592990608137e+00
-6.134148587021463414e-03
-3.842996115261085865e-01
1.756142419267674004e+00
2.096551999295542828e+03
1.463749316826155336e+03
1.312549328609852182e+03
1.830733001708211668e+04
-4.353414407461069641e+04
-8.332889543511114425e+02
3.204731997183186832e+04
-1.086094503752085875e+05
4.522513639811220401e+02
8.353439546391713520e+03
-4.453132500373219955e+04
-1.008934952917839837e+04
-4.462749782808213058e+04
-6.542852713258197582e+03
-2.665959763605507906e+05
6.864171062347596744e+05
3.405773025287455766e+03
-4.378761474245883292e+05
1.633051437221703120e+06
-7.467317397507139503e+03
-1.145758276152879553e+05
6.752257766371323960e+05
2.299863683006793508e+04
2.310216968582069385e+05
1.495621923687033996e+04
1.197035179737879196e+06
-3.103926158844303805e+06
-3.038067919655788501e+03
1.870956878049643477e+06
-7.290763679431593977e+06
4.264940569562632299e+04
4.673496901728105149e+05
-3.058286252467515878e+06
-1.461159735310146607e+04
-3.777378193054596777e+05
-9.609551562703432865e+03
-1.708995310303162318e+06
4.332737869930326007e+06
-2.236385336276673843e+04
-2.501294038268330973e+06
1.029220219708880410e+07
-8.550997512760006066e+04
-5.702279566054631723e+05
4.400545238435248844e+06
9.789747327985583070e+01
-4.265973087748922410e+01
1.534842103790491308e+02
-1.417062076076895437e+03
2.752861414366502686e+03
1.387406469558648894e+02
-1.433658507513588120e+03
2.857741895243075760e+03
4.102510946737612585e+01
-4.236807379746389870e+02
8.503594335657172678e+02
-3.283039066720432331e+00
-9.031325782908544042e+00
-1.241044603191683393e+01
5.526821556944803859e+01
-1.061804910557886075e+02
-1.195121801909779080e+01
7.685538521125673128e+01
-1.554641551417059588e+02
-3.410684438582626044e+00
2.559874798756601066e+01
-5.436625644359460097e+01
-2.525191610657789181e-05
1.975817639760126446e-05
-1.835782821704092269e-05
2.188263156251795246e-05
8.249639324470568324e-05
7.155981842932402602e-06
-5.578693214772092681e-05
1.913533905785206528e-04
5.450238287217690438e-06
-3.219125052162272421e-05
7.976164925164518722e-05
4.331514709695348131e+01
6.386332679188080874e+02
-3.285768747216059182e+01
2.415893826937031463e+03
-5.766875169379177350e+03
-6.185459307173840671e+01
2.953967762459948062e+03
-8.986290575914970759e+03
-2.157143577976204440e+01
9.812158224673428322e+02
-3.239566489593028564e+03
-7.015685714070540868e-02
-1.625771108634384843e-01
-1.874339487732135379e-01
1.136035301674555242e+00
-2.835695656292999356e+00
-1.714627789980512906e-01
1.719452358827607386e+00
-4.541514380118945482e+00
-4.993962471752840665e-02
6.069705169710882808e-01
-1.681785708157847559e+00
9.600121318710458596e+00
-3.961745863442193354e+02
1.620060692879334496e+01
-1.579237571934844027e+03
3.596252459913233452e+03
2.709374666764338357e+01
-1.785328541951993884e+03
5.152353561318950597e+03
1.117630079916187391e+01
-5.775361884947790259e+02
1.809441593423534187e+03
-2.989646697593146760e-02
1.400798537258090448e+00
-7.355664819148946543e-02
8.338594316277526675e-01
2.240028978606472543e-01
-5.520360458301281498e-02
5.667030314391173773e-01
7.186944180116536796e-01
-1.550756577660426967e-02
1.575008301682389866e-01
2.107669035656931922e-01
9.988265571576472324e-01
-7.884424980056202112e-03
-5.904744105292819567e-02
1.395777207273983356e+00
-4.516792929719160909e+00
-5.585380910639600738e-02
1.751545366799746262e+00
-5.990679960812443028e+00
-1.794524630394413178e-02
5.965373859873905893e-01
-2.060793806034690867e+00
3.074614614632816684e-02
1.719369885141168453e-02
3.931949496783025097e+03
-1.739538227901813298e+04
3.132383734322738746e+03
3.439549947654077550e+05
-1.216312923486624612e+06
-7.070610317446195404e+04
1.383491913286924595e+06
-3.966999744093132671e+06
-6.001166506374867458e+04
8.037463206974664936e+05
-2.091303096452366328e+06
-4.010411251431624987e+04
1.122572568841729080e+05
2.356181019329967967e+04
-3.476730119465037715e+06
1.137361544960600697e+07
7.541296451129571069e+05
-1.308660368301387131e+07
3.644780497722715139e+07
5.962834831246292451e+05
-7.427620815698998980e+06
1.892832945670730621e+07
8.320987194309613551e+04
-1.912344161617692735e+05
-2.109142239745589613e+05
8.716654919553084299e+06
-2.691970099422899261e+07
-1.989195298994011711e+06
3.089614632263847068e+07
-8.388029898069520295e+07
-1.453560738544701366e+06
1.705744452821834385e+07
-4.276065460561363399e+07
8.150429833154587689e-01
2.574959287178579359e+00
1.160842542301114833e+00
-2.363015078517674894e+00
6.770485507980296802e+00
7.572148600285463216e-01
-2.725161488869702442e+00
7.115021935318638135e+00
1.766798353106598107e-01
-7.979472839228509695e-01
2.116092533697270017e+00
6.926695273520296764e-03
3.020200709955525586e-02
6.308622158680053313e-03
-1.207002330418721348e-01
2.627560360063521117e-01
3.414944949871009158e-03
-1.078363803978857338e-01
2.709336118574618979e-01
7.374341990680171981e-04
-2.749211779669209071e-02
7.332119225992064782e-02
1.010226993684536057e+00
8.993121797004865721e-04
2.839562131488885810e-01
-4.049452699391122401e+00
1.320852751879516696e+01
1.039616594227819879e-01
-7.026101473384499307e+00
2.478207889563664423e+01
3.093216168609521158e-02
-2.692190781954938661e+00
9.609965544632096623e+00
1.308429221655134089e+00
-5.537728665150561808e-03
-6.782987341180563012e-02
-6.689972028419193251e-01
3.403070618230143562e+00
-5.296521799184591289e-02
-9.923397291693107913e-01
4.820886263816147377e+00
-6.134150712824282779e-03
-3.843013224819221696e-01
1.756134483066964735e+00
2.096551999295542828e+03
1.463749316826155336e+03
1.312549328609852182e+03
1.830733001708211668e+04
-4.353414407461069641e+04
-8.332889543511114425e+02
3.204731997183186832e+04
-1.086094503752085875e+05
4.522513639811220401e+02
8.353439546391713520e+03
-4.453132500373219955e+04
-1.008472403546847636e+04
-4.462647372027880920e+04
-6.542831331447350749e+03
-2.665322393591203727e+05
6.864205987923014909e+05
3.405678286906379526e+03
-4.379092562333880924e+05
1.633320247762617189e+06
-7.467503927605311219e+03
-1.145768637185739208e+05
6.754182807618377265e+05
2.301080170350814296e+04
2.310374488979149901e+05
1.495611746047184351e+04
1.197583692211940652e+06
-3.103963334723726381e+06
-3.038097005883292695e+03
1.870991421635417733e+06
-7.287302475823406130e+06
4.264397250290850934e+04
4.673062253346301150e+05
-3.056564059979552869e+06
-1.460970350485054951e+04
-3.777202132585759391e+05
-9.609589166833100535e+03
-1.708633423837350449e+06
4.332662822763063945e+06
-2.236428833550231866e+04
-2.501067985352835152e+06
1.029528470483393408e+07
-8.552130427516142663e+04
-5.702697812127470970e+05
4.401688425039902329e+06
9.789747327985583070e+01
-4.265973087748922410e+01
1.534842103790491308e+02
-1.417062076076895437e+03
2.752861414366502686e+03
1.387406469558648894e+02
-1.433658507513588120e+03
2.857741895243075760e+03
4.102510946737612585e+01
-4.236807379746389870e+02
8.503594335657172678e+02
-3.283395470906952607e+00
-9.027725459128154384e+00
-1.240828455988125789e+01
5.523970056279416241e+01
-1.061935774084895883e+02
-1.194901070929284259e+01
7.686162216227147326e+01
-1.554950313894803742e+02
-3.410620569480503406e+00
2.560152783543917465e+01
-5.436127052137504023e+01
-2.527230466538366838e-05
1.975948051450217250e-05
-1.835655067379910003e-05
2.188196932132061370e-05
8.249586428469801139e-05
7.156133063734407374e-06
-5.578669186919994966e-05
1.913436291159765319e-04
5.450460212811892765e-06
-3.218983476667854434e-05
7.976338063243743602e-05
4.331514709695348131e+01
6.386332679188080874e+02
-3.285768747216059182e+01
2.415893826937031463e+03
-5.766875169379177350e+03
-6.185459307173840671e+01
2.953967762459948062e+03
-8.986290575914970759e+03
-2.157143577976204440e+01
9.812158224673428322e+02
-3.239566489593028564e+03
-7.014943265319981136e-02
-1.625560502845465050e-01
-1.874732500824963510e-01
1.135704503146779398e+00
-2.835920919195535905e+00
-1.714657288938585544e-01
1.719246434011589386e+00
-4.542191924099603817e+00
-4.993321760330848846e-02
6.071111215991460419e-01
-1.681612760129560069e+00
9.600336347783793300e+00
-3.960151741939669705e+02
1.620038927545515861e+01
-1.579847332773775861e+03
3.595799990782194072e+03
2.709395890616676894e+01
-1.785325316874004557e+03
5.151779853398265004e+03
1.117639310613477122e+01
-5.774783877455766969e+02
1.809585768684974028e+03
-2.989671150586203571e-02
1.400547079617542767e+00
-7.355618309798950261e-02
8.338802443544290899e-01
2.240031167112905564e-01
-5.520367915076074272e-02
5.667034006877993413e-01
7.186959604128783097e-01
-1.550758925374849835e-02
1.575002498969861053e-01
2.107666321173282953e-01
9.990672080940981026e-01
-7.884420499037779473e-03
-5.904741293169523536e-02
1.395775370738259413e+00
-4.516782368205305431e+00
-5.585397177847858941e-02
1.751504734795340967e+00
-5.990820413435995029e+00
-1.794522308481808631e-02
5.965437801010475827e-01
-2.060773790753121393e+00
3.074614614632816684e-02
1.644981367873174505e-02
3.931959085772390154e+03
-1.739531286370360976e+04
3.132384075791727810e+03
3.439514696056906832e+05
-1.216324617777323816e+06
-7.070633149528504873e+04
1.383473579959480558e+06
-3.967077253154358827e+06
-6.001208956253723591e+04
8.037551307312881108e+05
-2.091258297947744606e+06
-4.010388700421930844e+04
1.122579969694364408e+05
2.356182713645713739e+04
-3.476813261970093008e+06
1.137329736230464466e+07
7.541138868564342847e+05
-1.308685525875771418e+07
3.644736297795248777e+07
5.962738649235634366e+05
-7.427695094073053449e+06
1.892855294243884832e+07
8.321009654254885390e+04
-1.912338629618931736e+05
-2.109137118560536182e+05
8.716519686430465430e+06
-2.692025267951987684e+07
-1.989231160886176629e+06
3.089626584701457992e+07
-8.387903779224017262e+07
-1.453578756085660774e+06
1.705690540110718086e+07
-4.276134058703525364e+07
8.150450921970889828e-01
2.574980612340297181e+00
1.160834449895137066e+00
-2.363038330594738667e+00
6.770420762528432945e+00
7.572247566540860619e-01
-2.725106316458507205e+00
7.115137822264301803e+00
1.766786088159081614e-01
-7.979559524050962027e-01
2.116074920673094883e+00
6.926557225174444048e-03
3.020147812509763746e-02
6.308739749225615416e-03
-1.206922268797818304e-01
2.627637884147548397e-01
3.414899078664360935e-03
-1.078448016654365710e-01
2.709226944068793275e-01
7.374372808445837750e-04
-2.749131501087105633e-02
7.332238564020021609e-02
1.010203573466559757e+00
8.993121755263385657e-04
2.839577004643263902e-01
-4.049389657036528867e+00
1.320867475656542567e+01
1.039614155958201586e-01
-7.026329473816310234e+00
2.478145817942749218e+01
3.093219196446169925e-02
-2.692143343335952288e+00
9.610099494204327186e+00
1.308480378510880282e+00
-5.537728469923187610e-03
-6.783000589380665246e-02
-6.689997905716800197e-01
3.403056130719801509e+00
-5.296511199141615278e-02
-9.923322605113905626e-01
4.820924647393038498e+00
-6.134152776056709701e-03
-3.843029776140135523e-01
1.756126823796230418e+00
2.096551999295542828e+03
1.463749316826155336e+03
1.312549328609852182e+03
1.830733001708211668e+04
-4.353414407461069641e+04
-8.332889543511114425e+02
3.204731997183186832e+04
-1.086094503752085875e+05
4.522513639811220401e+02
8.353439546391713520e+03
-4.453132500373219955e+04
-1.008046248773642037e+04
-4.462555934486709157e+04
-6.542744790312274745e+03
-2.664720290235179709e+05
6.864275130763370544e+05
3.405564954575565935e+03
-4.379320898428536020e+05
1.633559924492814345e+06
-7.467536087236695494e+03
-1.145797747481135884e+05
6.755936811756722163e+05
2.302200652682887085e+04
2.310513907258865656e+05
1.495619608539638830e+04
1.198108784529683180e+06
-3.103951496922963765e+06
-3.038133902596997359e+03
1.871078742742596660e+06
-7.284271340996546671e+06
4.264116807809666352e+04
4.672512957902385970e+05
-3.054973851142188534e+06
-1.460795966276436593e+04
-3.777047402876371634e+05
-9.609597384828657596e+03
-1.708281154898744775e+06
4.332632986254407093e+06
-2.236489013836787126e+04
-2.500832203347251751e+06
1.029795395507040247e+07
-8.552855805947697081e+04
-5.703158566265150439e+05
4.402761549559055828e+06
9.789747327985583070e+01
-4.265973087748922410e+01
1.534842103790491308e+02
-1.417062076076895437e+03
2.752861414366502686e+03
1.387406469558648894e+02
-1.433658507513588120e+03
2.857741895243075760e+03
4.102510946737612585e+01
-4.236807379746389870e+02
8.503594335657172678e+02
-3.283737121139608028e+00
-9.024377821855415149e+00
-1.240613637674687375e+01
5.521542180373122477e+01
-1.062028665903465452e+02
-1.194660497031467017e+01
7.686686110331712030e+01
-1.555245649409476130e+02
-3.410630649560228544e+00
2.560353531072377464e+01
-5.435752121491945843e+01
-2.529115080314029549e-05
1.976068813056577428e-05
-1.835567056011733376e-05
2.188135492784908014e-05
8.249550561916699340e-05
7.156353250269981831e-06
-5.578613735459441808e-05
1.913354532371703393e-04
5.450602719064291680e-06
-3.218880612315861317e-05
7.976441087737271083e-05
4.331514709695348131e+01
6.386332679188080874e+02
-3.285768747216059182e+01
2.415893826937031463e+03
-5.766875169379177350e+03
-6.185459307173840671e+01
2.953967762459948062e+03
-8.986290575914970759e+03
-2.157143577976204440e+01
9.812158224673428322e+02
-3.239566489593028564e+03
-7.014280334157690922e-02
-1.625368597295983875e-01
-1.875094324798757817e-01
1.135419075366277175e+00
-2.836093993225349053e+00
-1.714667457163659980e-01
1.719045618602371706e+00
-4.542813133395894098e+00
-4.992766478278157227e-02
6.072324218803917262e-01
-1.681479777793463137e+00
9.600530893689578349e+00
-3.958681103736053615e+02
1.620020557347232426e+01
-1.580364334837578099e+03
3.595447272235038781e+03
2.709414398817322578e+01
-1.785350463978413472e+03
5.151206877709582841e+03
1.117647152064055760e+01
-5.774288147329367575e+02
1.809702899617760067e+03
-2.989692864879548925e-02
1.400316205639617229e+00
-7.355581478825569397e-02
8.338976140367003742e-01
2.240032846572419523e-01
-5.520373517631813054e-02
5.667041558453220773e-01
7.186974990694821042e-01
-1.550760968993203197e-02
1.574997488925869160e-01
2.107664095843173602e-01
9.992862932317984059e-01
-7.884416391047742792e-03
-5.904735377323235695e-02
1.395777964525990233e+00
-4.516761154221446972e+00
-5.585414436919883957e-02
1.751462439540023786e+00
-5.990962976711790233e+00
-1.794520045184482340e-02
5.965498623510218090e-01
-2.060755120466240431e+00
3.074614614632816684e-02
1.583442278946938647e-02
3.931968162915019548e+03
-1.739524523442397185e+04
3.132384425708508843e+03
3.439478605068319594e+05
-1.216336667693338823e+06
-7.070648724111834599e+04
1.383462288051560055e+06
-3.967141026065745391e+06
-6.001259589269870048e+04
8.037606006323513575e+05
-2.091218618856351823e+06
-4.010367844400963077e+04
1.122587132097468420e+05
2.356184555632510819e+04
-3.476892330003676470e+06
1.137298673619708046e+07
7.540982785242628306e+05
-1.308708165087222494e+07
3.644696510180998594e+07
5.962640945689182263e+05
-7.427771503836197779e+06
1.892878161142178997e+07
8.321029935959729482e+04
-1.912333305150543456e+05
-2.109131453786962957e+05
8.716399757686631754e+06
-2.692077453920914233e+07
-1.989269802411665907e+06
3.089625276912326738e+07
-8.387801424275647104e+07
-1.453594469029691536e+06
1.705644654091820493e+07
-4.276189260298804939e+07
8.150456732145999750e-01
2.574998965394323935e+00
1.160830565694038308e+00
-2.363057869641118192e+00
6.770362998666868748e+00
7.572320143423908467e-01
-2.725058799652802843e+00
7.115241423433788626e+00
1.766776063805051145e-01
-7.979635679831637018e-01
2.116059081562233768e+00
6.926421811786365006e-03
3.020095987423591227e-02
6.308854711551483557e-03
-1.206844215164319667e-01
2.627713267290195387e-01
3.414854325167856336e-03
-1.078529882868501516e-01
2.709121141190377613e-01
7.374402815227642074e-04
-2.749053649675155600e-02
7.332353921466171209e-02
1.010180457018568623e+00
8.993121714081621712e-04
2.839591723626281872e-01
-4.049327293432877006e+00
1.320882034184694653e+01
1.039611739768969839e-01
-7.026555367050484335e+00
2.478084335433694818e+01
3.093222196871927773e-02
-2.692096342014607124e+00
9.610232182394916833e+00
1.308530424439546813e+00
-5.537728279168846468e-03
-6.783013475478595622e-02
-6.690023000782576723e-01
3.403042115975316584e+00
-5.296500923610528849e-02
-9.923250475740951204e-01
4.820961609717850926e+00
-6.134154770532771438e-03
-3.843045711965644706e-01
1.756119470407560446e+00
2.096551999295542828e+03
1.463749316826155336e+03
1.312549328609852182e+03
1.830733001708211668e+04
-4.353414407461069641e+04
-8.332889543511114425e+02
3.204731997183186832e+04
-1.086094503752085875e+05
4.522513639811220401e+02
8.353439546391713520e+03
-4.453132500373219955e+04
-1.007648935092818101e+04
-4.462471386218253610e+04
-6.542616179160776483e+03
-2.664152523473418551e+05
6.864367242516906699e+05
3.405439308830520986e+03
-4.379480805970512447e+05
1.633773648003760492e+06
-7.467451639985961265e+03
-1.145839940449697460e+05
6.757540183197326260e+05
2.303244887722706335e+04
2.310641420542931301e+05
1.495639238742022826e+04
1.198608075343845179e+06
-3.103906271263882983e+06
-3.038175967320881227e+03
1.871200181836958975e+06
-7.281600089947452769e+06
4.264033062769933167e+04
4.671883687329598470e+05
-3.053505711127690971e+06
-1.460633520122807749e+04
-3.776907116684611537e+05
-9.609586263759872963e+03
-1.707942679106476018e+06
4.332634180360991508e+06
-2.236560229655923831e+04
-2.500591315452467650e+06
1.030028813825112768e+07
-8.553278688353439793e+04
-5.703648925465052016e+05
4.403764310694135725e+06
9.789747327985583070e+01
-4.265973087748922410e+01
1.534842103790491308e+02
-1.417062076076895437e+03
2.752861414366502686e+03
1.387406469558648894e+02
-1.433658507513588120e+03
2.857741895243075760e+03
4.102510946737612585e+01
-4.236807379746389870e+02
8.503594335657172678e+02
-3.284044056743270712e+00
-9.021220232902082969e+00
-1.240405029595429731e+01
5.519451287312742238e+01
-1.062090314649120160e+02
-1.194411329964351687e+01
7.687108744524908843e+01
-1.555531706336074933e+02
-3.410688861497343183e+00
2.560496201391543281e+01
-5.435473765802803570e+01
-2.530852311130957159e-05
1.976182873127546737e-05
-1.835509392928606773e-05
2.188078204320848528e-05
8.249529842702983478e-05
7.156615788796000381e-06
-5.578538966163124459e-05
1.913284484998907314e-04
5.450692960672466283e-06
-3.218805619551475780e-05
7.976491270838540935e-05
4.331514709695348131e+01
6.386332679188080874e+02
-3.285768747216059182e+01
2.415893826937031463e+03
-5.766875169379177350e+03
-6.185459307173840671e+01
2.953967762459948062e+03
-8.986290575914970759e+03
-2.157143577976204440e+01
9.812158224673428322e+02
-3.239566489593028564e+03
-7.013680263458116348e-02
-1.625191550479722358e-01
-1.875423744882411259e-01
1.135169876678013390e+00
-2.836228891090671222e+00
-1.714671190609587670e-01
1.718852806540755784e+00
-4.543368330591018633e+00
-4.992271517645564816e-02
6.073368276092236950e-01
-1.681383935934684937e+00
9.600710234787605657e+00
-3.957308224991045336e+02
1.620004961643690677e+01
-1.580808621453822752e+03
3.595171257234777840e+03
2.709430190303896779e+01
-1.785393247957473704e+03
5.150651846426644624e+03
1.117653952335805378e+01
-5.773870250081433824e+02
1.809794342594961108e+03
-2.989712557030422407e-02
1.400101594971993046e+00
-7.355552333641524054e-02
8.339123189293601301e-01
2.240034138822007970e-01
-5.520377509046853898e-02
5.667051284422024438e-01
7.186989830343908370e-01
-1.550762768462791812e-02
1.574993259355751685e-01
2.107662344755648343e-01
9.994883852824997250e-01
-7.884412586613841201e-03
-5.904727063186906988e-02
1.395784117926556878e+00
-4.516731239342039572e+00
-5.585432395644335246e-02
1.751418954188616706e+00
-5.991106964767134890e+00
-1.794517843958799361e-02
5.965556585244049526e-01
-2.060737617657346643e+00
3.074614614632816684e-02
1.531576804029383815e-02
3.931976724198023931e+03
-1.739517950785348148e+04
3.132384810819770792e+03
3.439442599419397302e+05
-1.216348785262383753e+06
-7.070659744642680744e+04
1.383455585886730812e+06
-3.967195755913129542e+06
-6.001315195039496757e+04
8.037640178042839980e+05
-2.091182066888606409e+06
-4.010348591624439723e+04
1.122594059826451266e+05
2.356186535772632124e+04
-3.476967190359703731e+06
1.137268434424218535e+07
7.540827708313632756e+05
-1.308728854765092395e+07
3.644660283576727659e+07
5.962542570518114371e+05
-7.427848100580359809e+06
1.892901621270215884e+07
8.321048236452888523e+04
-1.912328175146249414e+05
-2.109125349296699569e+05
8.716292212551938370e+06
-2.692127239630690217e+07
-1.989310190657379571e+06
3.089616024868778139e+07
-8.387713253159978986e+07
-1.453608689426638652e+06
1.705604042005485669e+07
-4.276235523272268474e+07
8.150450451269173335e-01
2.575014979331070375e+00
1.160830001840443160e+00
-2.363074472731828024e+00
6.770310762297223839e+00
7.572371938432151950e-01
-2.725017340485643036e+00
7.115335279325328166e+00
1.766767804002283282e-01
-7.979703499534849254e-01
2.116044650533508875e+00
6.926289194119135233e-03
3.020045298003360898e-02
6.308966847756578532e-03
-1.206768329624905989e-01
2.627786332548746606e-01
3.414810778039105692e-03
-1.078609201279068786e-01
2.709019012377131830e-01
7.374431945936631844e-04
-2.748978435754166616e-02
7.332464938965566059e-02
1.010157691671497382e+00
8.993121673544085277e-04
2.839606229871613485e-01
-4.049265884780275826e+00
1.320896357047669234e+01
1.039609358019521756e-01
-7.026777823102270837e+00
2.478023842660467579e+01
3.093225152331094407e-02
-2.692050095082982430e+00
9.610362625084302834e+00
1.308579325720118147e+00
-5.537728093013848801e-03
-6.783025985553184367e-02
-6.690047283008148105e-01
3.403028592721435874e+00
-5.296490985565464188e-02
-9.923181009948663922e-01
4.820997090404963714e+00
-6.134156693532085043e-03
-3.843061006925896916e-01
1.756112435769606517e+00
2.096551999295542828e+03
1.463749316826155336e+03
1.312549328609852182e+03
1.830733001708211668e+04
-4.353414407461069641e+04
-8.332889543511114425e+02
3.204731997183186832e+04
-1.086094503752085875e+05
4.522513639811220401e+02
8.353439546391713520e+03
-4.453132500373219955e+04
-1.007274980903926553e+04
-4.462390852608296700e+04
-6.542461365849483627e+03
-2.663617591883695568e+05
6.864473288379186997e+05
3.405305843940059276e+03
-4.379596012731649680e+05
1.633964400040491251e+06
-7.467279564478367320e+03
-1.145891289275854360e+05
6.759010115723197814e+05
2.304227231291302087e+04
2.310761407406313228e+05
1.495666329651277738e+04
1.199080810786543414e+06
-3.103839698741312604e+06
-3.038221322670603058e+03
1.871342520925743971e+06
-7.279232692239935510e+06
4.264095945404047234e+04
4.671198802260406082e+05
-3.052149612163119949e+06
-1.460480784053843854e+04
-3.776776392733922112e+05
-9.609562698467057999e+03
-1.707620172787982039e+06
4.332655730477828532e+06
-2.236638492205676812e+04
-2.500348925569779240e+06
1.030234663535684161e+07
-8.553477628621297481e+04
-5.704159592196726007e+05
4.404698943148525432e+06
9.789747327985583070e+01
-4.265973087748922410e+01
1.534842103790491308e+02
-1.417062076076895437e+03
2.752861414366502686e+03
1.387406469558648894e+02
-1.433658507513588120e+03
2.857741895243075760e+03
4.102510946737612585e+01
-4.236807379746389870e+02
8.503594335657172678e+02
-3.284306316842120488e+00
-9.018211248044709194e+00
-1.240205488472226314e+01
5.517634674225870839e+01
-1.062125637744166085e+02
-1.194160211139114480e+01
7.687436534440566049e+01
-1.555811167750090647e+02
-3.410778473676145062e+00
2.560593586032949531e+01
-5.435272763594456791e+01
-2.532451296411645557e-05
1.976292121894536311e-05
-1.835475580915950489e-05
2.188024504727087329e-05
8.249522654702071492e-05
7.156903578619856268e-06
-5.578452018531490056e-05
1.913223395298796980e-04
5.450748825626450898e-06
-3.218751425334650558e-05
7.976500421712552928e-05
4.331514709695348131e+01
6.386332679188080874e+02
-3.285768747216059182e+01
2.415893826937031463e+03
-5.766875169379177350e+03
-6.185459307173840671e+01
2.953967762459948062e+03
-8.986290575914970759e+03
-2.157143577976204440e+01
9.812158224673428322e+02
-3.239566489593028564e+03
-7.013131414244343220e-02
-1.625026633354567096e-01
-1.875720945985666355e-01
1.134950291360919516e+00
-2.836335040675688646e+00
-1.714676742904163442e-01
1.718669128820142999e+00
-4.543854937463716048e+00
-4.991819191362364266e-02
6.074264865478270492e-01
-1.681321952649120099e+00
9.600877888629215207e+00
-3.956015212252605693e+02
1.619991686333041869e+01
-1.581194307711753027e+03
3.594956164820612230e+03
2.709443321015975314e+01
-1.785447023172253694e+03
5.150123240430137230e+03
1.117659969287843147e+01
-5.773524017087391940e+02
1.809862067680191785e+03
-2.989730703786542057e-02
1.399900249710076094e+00
-7.355529455046565246e-02
8.339249001012248863e-01
2.240035126358567164e-01
-5.520380067680757258e-02
5.667062168587672089e-01
7.187003874413466775e-01
-1.550764371847904687e-02
1.574989766138250591e-01
2.107661036899258211e-01
9.996765947247716610e-01
-7.884409037253587577e-03
-5.904716842546529898e-02
1.395793211184044980e+00
-4.516694019435780305e+00
-5.585450854238122043e-02
1.751374595452828808e+00
-5.991251962052395186e+00
-1.794515705079729323e-02
5.965611943793746041e-01
-2.060721130601633977e+00
3.074614614632816684e-02
1.487235044380109950e-02
3.931984779377539780e+03
-1.739511572459845047e+04
3.132385245761785882e+03
3.439407249333782238e+05
-1.216360787434850587e+06
-7.070667940034037747e+04
1.383451878820404410e+06
-3.967244496118932031e+06
-6.001373695698987285e+04
8.037662080632596044e+05
-2.091147380368428538e+06
-4.010330846554144227e+04
1.122600759234537400e+05
2.356188643327815225e+04
-3.477037840225123335e+06
1.137239062017191388e+07
7.540673413847868796e+05
-1.308747984580610693e+07
3.644627001310727000e+07
5.962444077579161385e+05
-7.427923699692222290e+06
1.892925684252407774e+07
8.321064726019554655e+04
-1.912323228136024263e+05
-2.109118882920245524e+05
8.716195013477621600e+06
-2.692175010528476909e+07
-1.989351634778092150e+06
3.089602235393552482e+07
-8.387633188976281881e+07
-1.453621942024036078e+06
1.705566921912256256e+07
-4.276275762486322969e+07
8.150434332473284194e-01
2.575029092121081220e+00
1.160832139233864080e+00
-2.363088674959487268e+00
6.770263059274571837e+00
7.572406823219139937e-01
-2.724980844408969816e+00
7.115421122586830904e+00
1.766760982132004609e-01
-7.979764479587991843e-01
2.116031378664311902e+00
6.926159435804397219e-03
3.019995768096082889e-02
6.309076074040057339e-03
-1.206694680414601845e-01
2.627857004213584036e-01
3.414768474700713517e-03
-1.078685885415588824e-01
2.708920688587127534e-01
7.374460173485959755e-04
-2.748905948470180965e-02
7.332571462948682395e-02
1.010135302301928384e+00
8.993121633694539088e-04
2.839620489661940916e-01
-4.049205589772134850e+00
1.320910403826565549e+01
1.039607017907757114e-01
-7.026996067812796731e+00
2.477964572733851867e+01
3.093228052625170837e-02
-2.692004786673267702e+00
9.610490251003552586e+00
1.308627077089009161e+00
-5.537727911471671677e-03
-6.783038116439446541e-02
-6.690070745513777561e-01
3.403015565150477872e+00
-5.296481387906541716e-02
-9.923114232268877011e-01
4.821031075340509453e+00
-6.134158544494273252e-03
-3.843075655572058547e-01
1.756105722692381965e+00
2.096551999295542828e+03
1.463749316826155336e+03
1.312549328609852182e+03
1.830733001708211668e+04
-4.353414407461069641e+04
-8.332889543511114425e+02
3.204731997183186832e+04
-1.086094503752085875e+05
4.522513639811220401e+02
8.353439546391713520e+03
-4.453132500373219955e+04
-1.006920369787218624e+04
-4.462312410137587722e+04
-6.542291222765832572e+03
-2.663113641197326360e+05
6.864586362580825808e+05
3.405167761706024066e+03
-4.379682918212673394e+05
1.634134850840759464e+06
-7.467041877551377183e+03
-1.145949034195342829e+05
6.760361313347069081e+05
2.305158223701443058e+04
2.310876838261137018e+05
1.495697927663930386e+04
1.199527276351985522e+06
-3.103760774816068821e+06
-3.038268637991369815e+03
1.871496523119200254e+06
-7.277124175191250630e+06
4.264267808309439715e+04
4.670475604124672245e+05
-3.050895862913778052e+06
-1.460336119023866740e+04
-3.776651885631768382e+05
-9.609531421453730218e+03
-1.707314526971672894e+06
4.332689769458000548e+06
-2.236720986115475898e+04
-2.500107652189855929e+06
1.030417520902272873e+07
-8.553511180052424606e+04
-5.704683840329366503e+05
4.405569016366581433e+06
9.789747327985583070e+01
-4.265973087748922410e+01
1.534842103790491308e+02
-1.417062076076895437e+03
2.752861414366502686e+03
1.387406469558648894e+02
-1.433658507513588120e+03
2.857741895243075760e+03
4.102510946737612585e+01
-4.236807379746389870e+02
8.503594335657172678e+02
-3.284520015604223353e+00
-9.015322956723796466e+00
-1.240016511365833907e+01
5.516045816415997649e+01
-1.062138370785217205e+02
-1.193911040444028338e+01
7.687678927426202335e+01
-1.556085777779627790e+02
-3.410888446391540096e+00
2.560654593896941833e+01
-5.435135012996857995e+01
-2.533922132901469536e-05
1.976397780012740979e-05
-1.835460969021324710e-05
2.187973912494629755e-05
8.249527583480584475e-05
7.157205491917285402e-06
-5.578357183810721189e-05
1.913169376783184776e-04
5.450782282548968269e-06
-3.218713242249510409e-05
7.976476907717159389e-05
4.331514709695348131e+01
6.386332679188080874e+02
-3.285768747216059182e+01
2.415893826937031463e+03
-5.766875169379177350e+03
-6.185459307173840671e+01
2.953967762459948062e+03
-8.986290575914970759e+03
-2.157143577976204440e+01
9.812158224673428322e+02
-3.239566489593028564e+03
-7.012625312282674828e-02
-1.624871849399154577e-01
-1.875987094012884493e-01
1.134755356142924887e+00
-2.836418947692133763e+00
-1.714689115573168054e-01
1.718494850981868272e+00
-4.544274325888804533e+00
-4.991397145020607523e-02
6.075032696990747549e-01
-1.681290461134016700e+00
9.601036248983664478e+00
-3.954789266060056434e+02
1.619980383714285921e+01
-1.581531666228971744e+03
3.594790833973984263e+03
2.709453906036885229e+01
-1.785507591674600235e+03
5.149624545545641013e+03
1.117665390883062138e+01
-5.773242779033012084e+02
1.809908263345155547e+03
-2.989747629155416891e-02
1.399710029578711490e+00
-7.355511787490547071e-02
8.339357463151620964e-01
2.240035866864057978e-01
-5.520381344572138776e-02
5.667073591776571329e-01
7.187017022682802292e-01
-1.550765816373118021e-02
1.574986951564981419e-01
2.107660134523075546e-01
9.998530847651756481e-01
-7.884405708151359313e-03
-5.904705066726977786e-02
1.395804788533971497e+00
-4.516650532246123007e+00
-5.585469674270091694e-02
1.751329581089289933e+00
-5.991397705352029313e+00
-1.794513626775900289e-02
5.965664946018215398e-01
-2.060705529942618686e+00
3.074614614632816684e-02
1.448878947934291797e-02
3.931992346159081080e+03
-1.739505387723558670e+04
3.132385737604508904e+03
3.439372895116580185e+05
-1.216372559905419359e+06
-7.070674414205799985e+04
1.383450129658049671e+06
-3.967289232461043168e+06
-6.001433742374653957e+04
8.037676990820553619e+05
-2.091113767896034988e+06
-4.010314514170424809e+04
1.122607238187768817e+05
2.356190867263449763e+04
-3.477104360170732718e+06
1.137210576217589714e+07
7.540519828578958986e+05
-1.308765824124216661e+07
3.644596210071612895e+07
5.962345841328746174e+05
-7.427997592138563283e+06
1.892950323172263801e+07
8.321079553987691179e+04
-1.912318453814855893e+05
-2.109112114452114620e+05
8.716106699155479670e+06
-2.692221026633548737e+07
-1.989393670454686740e+06
3.089586083052860945e+07
-8.387557408879683912e+07
-1.453634563517178874e+06
1.705532142623374239e+07
-4.276311886569261551e+07
8.150410008578025112e-01
2.575041613516061645e+00
1.160836535816491155e+00
-2.363100852763881043e+00
6.770219196346193513e+00
7.572427531277143853e-01
-2.724948546170312014e+00
7.115500157966515360e+00
1.766755369295809341e-01
-7.979819661475076042e-01
2.116019093356071412e+00
6.926032538680556259e-03
3.019947396517659241e-02
6.309182378617603400e-03
-1.206623277739200528e-01
2.627925270549892334e-01
3.414727420409268376e-03
-1.078759921066334837e-01
2.708826192799981269e-01
7.374487494569233106e-04
-2.748836200978908850e-02
7.332673469043378411e-02
1.010113299440690282e+00
8.993121594550758640e-04
2.839634485165922206e-01
-4.049146491994321195e+00
1.320924153274866519e+01
1.039604723341426284e-01
-7.027209681410476527e+00
2.477906651946694794e+01
3.093230892232680038e-02
-2.691960516367034817e+00
9.610614751463181449e+00
1.308673691218649626e+00
-5.537727734484944320e-03
-6.783049871691163024e-02
-6.690093396241882928e-01
3.403003028375916283e+00
-5.296472127282719072e-02
-9.923050116383387298e-01
4.821063579178426650e+00
-6.134160324193362740e-03
-3.843089664780984793e-01
1.756099327757647099e+00
2.096551999295542828e+03
1.463749316826155336e+03
1.312549328609852182e+03
1.830733001708211668e+04
-4.353414407461069641e+04
-8.332889543511114425e+02
3.204731997183186832e+04
-1.086094503752085875e+05
4.522513639811220401e+02
8.353439546391713520e+03
-4.453132500373219955e+04
-1.006582122806712869e+04
-4.462234845932540338e+04
-6.542113164891154156e+03
-2.662638641715624253e+05
6.864701383514263434e+05
3.405027329878688761e+03
-4.379752832161327242e+05
1.634287341472043190e+06
-7.466755174754673135e+03
-1.146011206077958050e+05
6.761606474301958224e+05
2.306045704419169124e+04
2.310989638226704265e+05
1.495732012768994173e+04
1.199948388416461879e+06
-3.103676047288150061e+06
-3.038316973867564684e+03
1.871655832188460976e+06
-7.275238154746112414e+06
4.264520490988014353e+04
4.669726535571026034e+05
-3.049735351102380548e+06
-1.460198302783794861e+04
-3.776531384741311194e+05
-9.609495677759223327e+03
-1.707025825074926019e+06
4.332730608901642263e+06
-2.236805728957103565e+04
-2.499869280611950904e+06
1.030580964440065622e+07
-8.553422857553815993e+04
-5.705216767642173218e+05
4.406378716588065028e+06
9.789747327985583070e+01
-4.265973087748922410e+01
1.534842103790491308e+02
-1.417062076076895437e+03
2.752861414366502686e+03
1.387406469558648894e+02
-1.433658507513588120e+03
2.857741895243075760e+03
4.102510946737612585e+01
-4.236807379746389870e+02
8.503594335657172678e+02
-3.284684890267590252e+00
-9.012536144051601639e+00
-1.239838702337078047e+01
5.514649224298252506e+01
-1.062131467122135575e+02
-1.193666075534288140e+01
7.687846165323861669e+01
-1.556356648118558326e+02
-3.411011359365084150e+00
2.560685691931138663e+01
-5.435049862747375471e+01
-2.535275092940411174e-05
1.976500644480070506e-05
-1.835462111313104810e-05
2.187926018921560313e-05
8.249543359966347335e-05
7.157514198910495747e-06
-5.578257093768001595e-05
1.913121102511348959e-04
5.450801462995138334e-06
-3.218687704555893984e-05
7.976426859068708967e-05
4.331514709695348131e+01
6.386332679188080874e+02
-3.285768747216059182e+01
2.415893826937031463e+03
-5.766875169379177350e+03
-6.185459307173840671e+01
2.953967762459948062e+03
-8.986290575914970759e+03
-2.157143577976204440e+01
9.812158224673428322e+02
-3.239566489593028564e+03
-7.012155565020737613e-02
-1.624725695875587350e-01
-1.876223965152369610e-01
1.134581232744630963e+00
-2.836485217014365734e+00
-1.714711100321059389e-01
1.718329800411582342e+00
-4.544630007030632690e+00
-4.990996789941774120e-02
6.075687979860011634e-01
-1.681286194698616621e+00
9.601186980654164316e+00
-3.953620959686651304e+02
1.619970777761422909e+01
-1.581828412377192763e+03
3.594667101546588128e+03
2.709462103967162250e+01
-1.785572258262688138e+03
5.149156415102933352e+03
1.117670353368385783e+01
-5.773019946172386199e+02
1.809935131259868740e+03
-2.989763558234216287e-02
1.399529360691989854e+00
-7.355498516576848556e-02
8.339451459593847371e-01
2.240036402046672315e-01
-5.520381477129312348e-02
5.667085175623582938e-01
7.187029258670636356e-01
-1.550767130497661059e-02
1.574984753700791607e-01
2.107659598094036857e-01
1.000019399256203423e+00
-7.884402573504228906e-03
-5.904691993634657993e-02
1.395818503088681162e+00
-4.516601580521781401e+00
-5.585488758178754759e-02
1.751284066095675884e+00
-5.991544014842070887e+00
-1.794511606048009023e-02
5.965715821996477874e-01
-2.060690705557481905e+00
3.074614614632816684e-02
1.415368064123962225e-02
