3.931897989719669567e+03
-1.739575870681280503e+04
3.132375545898834844e+03
3.439658609236137709e+05
-1.216256581998199690e+06
-7.069800600428853068e+04
1.383907177859704942e+06
-3.966276189097944647e+06
-6.001752423652596190e+04
8.035151181825734675e+05
-2.091710365941657918e+06
-4.010547653771656769e+04
1.122530169706700981e+05
2.356169606583616769e+04
-3.476180699403351173e+06
1.137593670849481970e+07
7.543131127166453516e+05
-1.308476044625267945e+07
3.644458485392813385e+07
5.962266124722879613e+05
-7.427790114356440492e+06
1.892897751404034346e+07
8.320835471266537206e+04
-1.912377264145924128e+05
-2.109162454782992136e+05
8.717975083525680006e+06
-2.691494242066955194e+07
-1.988980652736272197e+06
3.088802996015456319e+07
-8.390870279256162047e+07
-1.453503195344649721e+06
1.706352899082216620e+07
-4.274865973112091422e+07
8.149838730507784623e-01
2.574755351745465770e+00
1.161019803549678597e+00
-2.362777178555153679e+00
6.771038707057573269e+00
7.570782938606833712e-01
-2.725689689043247377e+00
7.114038039714996486e+00
1.766934149293478973e-01
-7.978690983168182926e-01
2.116239150200515340e+00
6.927402739328343377e-03
3.020474290328910988e-02
6.308024337706170936e-03
-1.207413066113113831e-01
2.627159890578132373e-01
3.415177364719879441e-03
-1.077933861118837433e-01
2.709896696689174656e-01
7.374185938559282925e-04
-2.749621038376280982e-02
7.331507891357019746e-02
1.010344404799476958e+00
8.993122007234547691e-04
2.839491168044590008e-01
-4.049752962958004687e+00
1.320782817266536568e+01
1.039627848680542560e-01
-7.025059158961947325e+00
2.478489237013047486e+01
3.093202475605891927e-02
-2.692402389685166320e+00
9.609374464684982797e+00
1.308161560703610560e+00
-5.537729694807678321e-03
-6.782917938621006726e-02
-6.689834970767116751e-01
3.403147966134083102e+00
-5.296577374411866324e-02
-9.923793203111361816e-01
4.820681208409586915e+00
-6.134139870393713091e-03
-3.842925330869636502e-01
1.756175442198598446e+00
2.096551999295542828e+03
1.463749316826155336e+03
1.312549328609852182e+03
1.830733001708211668e+04
-4.353414407461069641e+04
-8.332889543511114425e+02
3.204731997183186832e+04
-1.086094503752085875e+05
4.522513639811220401e+02
8.353439546391713520e+03
-4.453132500373219955e+04
-1.011405647262115599e+04
-4.463101109458185238e+04
-6.541308761668721672e+03
-2.669592341930750408e+05
6.863283229317984078e+05
3.405637218767968534e+03
-4.375077208209015080e+05
1.631817130734469742e+06
-7.462648563007645862e+03
-1.145852517715331924e+05
6.744024689098675735e+05
2.293365827343649653e+04
2.309600081497950596e+05
1.496108397418369532e+04
1.194018134231814183e+06
-3.104223969305276405e+06
-3.038166617199258781e+03
1.872032284909359179e+06
-7.309145012085539289e+06
4.273822871475410648e+04
4.675020186166010099e+05
-3.064853498512499034e+06
-1.462171522218356949e+04
-3.778128579387104255e+05
-9.608682631509725979e+03
-1.710892525721405633e+06
4.332924601416520774e+06
-2.236668326226652789e+04
-2.501971638637746684e+06
1.027449590225954168e+07
-8.536030079034245864e+04
-5.700253441737515386e+05
4.396844346849776804e+06
9.789747327985583070e+01
-4.265973087748922410e+01
1.534842103790491308e+02
-1.417062076076895437e+03
2.752861414366502686e+03
1.387406469558648894e+02
-1.433658507513588120e+03
2.857741895243075760e+03
4.102510946737612585e+01
-4.236807379746389870e+02
8.503594335657172678e+02
-3.282701958759533856e+00
-9.051384468245865733e+00
-1.241544974225804232e+01
5.547164477097869906e+01
-1.060510993896633494e+02
-1.195304455369065799e+01
7.680704618365417957e+01
-1.553317294809839382e+02
-3.412926159239326296e+00
2.557237756995253619e+01
-5.440803670774046452e+01
-2.515642981879956500e-05
1.975025694220132650e-05
-1.837067146929591507e-05
2.188631704131197269e-05
8.250240316860032888e-05
7.157371250566708209e-06
-5.578000011227068460e-05
1.914208288407217846e-04
5.447166261464216858e-06
-3.220610095021981872e-05
7.974016714984341050e-05
4.331514709695348131e+01
6.386332679188080874e+02
-3.285768747216059182e+01
2.415893826937031463e+03
-5.766875169379177350e+03
-6.185459307173840671e+01
2.953967762459948062e+03
-8.986290575914970759e+03
-2.157143577976204440e+01
9.812158224673428322e+02
-3.239566489593028564e+03
-7.020209449091723009e-02
-1.626979845068708408e-01
-1.872514685185499017e-01
1.138313650449944925e+00
-2.833419630443004600e+00
-1.713795568684061688e-01
1.719754933811952657e+00
-4.539717148261272150e+00
-4.998343735754870454e-02
6.062072055948308780e-01
-1.682769616644546051e+00
9.598807238347900395e+00
-3.970543859555743325e+02
1.620212618951781280e+01
-1.574828698671703705e+03
3.600341084383109319e+03
2.709242965907546719e+01
-1.786482357315139097e+03
5.152919378666510966e+03
1.117571013003389524e+01
-5.777999423177481049e+02
1.808730762932043035e+03
-2.989487384493607139e-02
1.402210644858373767e+00
-7.356049468633846233e-02
8.337006542278661003e-01
2.240008282397391026e-01
-5.520287000117722609e-02
5.667186343606578358e-01
7.186931973380502603e-01
-1.550743735432574301e-02
1.575032277927718716e-01
2.107681571517622809e-01
9.974408278363099400e-01
-7.884449714907202852e-03
-5.904690119559103528e-02
1.395871239676408804e+00
-4.516631601676276198e+00
-5.585343136869692221e-02
1.751658003934360330e+00
-5.990208965347804337e+00
-1.794533652216119546e-02
5.965097794825992006e-01
-2.060887936797180409e+00
1.600000000000000000e+01
1.599999999999742251e+01
3.931898867387074006e+03
-1.739574767934906777e+04
3.132376626581155051e+03
3.439652782085746294e+05
-1.216262938440939179e+06
-7.069913022375393484e+04
1.383885866801501717e+06
-3.966250732807022054e+06
-6.001628410538842581e+04
8.035304235392422415e+05
-2.091711072851315839e+06
-4.010544233737749892e+04
1.122531575038356095e+05
2.356170583860139959e+04
-3.476230041403326206e+06
1.137569979809920862e+07
7.542904951299141394e+05
-1.308444758621774241e+07
3.644672979033746570e+07
5.962470895058602327e+05
-7.427891772549813613e+06
1.892823960971270129e+07
8.320840361894892703e+04
-1.912376066275414778e+05
-2.109161596955060959e+05
8.717845475628942251e+06
-2.691540358488478884e+07
-1.989003866723042913e+06
3.088951860404923931e+07
-8.390384585509312153e+07
-1.453487472592286067e+06
1.706285562603084743e+07
-4.275047083074581623e+07
8.149902610885588761e-01
2.574770464864223563e+00
1.160999440071461164e+00
-2.362797223188793261e+00
6.770998551860975212e+00
7.570922491792777542e-01
-2.725646504320755170e+00
7.114109894958161817e+00
1.766921685422403743e-01
-7.978751943742842245e-01
2.116228656552915588e+00
6.927379359114788256e-03
3.020464835861259509e-02
6.308048042244671430e-03
-1.207394952165750240e-01
2.627179001624945776e-01
3.415167415619852539e-03
-1.077954553347916095e-01
2.709867489190909140e-01
7.374192973200978038e-04
-2.749600424983023039e-02
7.331540836547499607e-02
1.010340835843957397e+00
8.993122000820863004e-04
2.839493861538236463e-01
-4.049740782178970377e+00
1.320785782535767083e+01
1.039627384331328619e-01
-7.025105905837947695e+00
2.478475968198961610e+01
3.093203073321133464e-02
-2.692392399099898359e+00
9.609403512085300747e+00
1.308170789087732544e+00
-5.537729657957019512e-03
-6.782920951274630517e-02
-6.689841439541004409e-01
3.403144112809112887e+00
-5.296574729872108311e-02
-9.923772660252242472e-01
4.820692397995979483e+00
-6.134140414520882628e-03
-3.842930091812926108e-01
1.756173135682566055e+00
2.096551999295542828e+03
1.463749316826155336e+03
1.312549328609852182e+03
1.830733001708211668e+04
-4.353414407461069641e+04
-8.332889543511114425e+02
3.204731997183186832e+04
-1.086094503752085875e+05
4.522513639811220401e+02
8.353439546391713520e+03
-4.453132500373219955e+04
-1.011414995168371934e+04
-4.463216320001070562e+04
-6.541345486199307743e+03
-2.669342628480913118e+05
6.863593574970047921e+05
3.405681692477420256e+03
-4.375168334668348543e+05
1.631792581751480466e+06
-7.463096341930244307e+03
-1.145892564892737719e+05
6.743804151128144003e+05
2.293347616178902172e+04
2.309453157668864296e+05
1.496095383588004188e+04
1.194239560276616365e+06
-3.103932420985073317e+06
-3.038146963250769659e+03
1.872049499202145264e+06
-7.309173341845178977e+06
4.273033637223916594e+04
4.674594729196378612e+05
-3.065140168429776561e+06
-1.462173490601433878e+04
-3.778269489062646171e+05
-9.608707609431095989e+03
-1.710741771638911683e+06
4.333120649141049944e+06
-2.236624691952040303e+04
-2.501898424682272598e+06
1.027462234650065005e+07
-8.537287388934889168e+04
-5.700537971011591144e+05
4.396581219560527243e+06
9.789747327985583070e+01
-4.265973087748922410e+01
1.534842103790491308e+02
-1.417062076076895437e+03
2.752861414366502686e+03
1.387406469558648894e+02
-1.433658507513588120e+03
2.857741895243075760e+03
4.102510946737612585e+01
-4.236807379746389870e+02
8.503594335657172678e+02
-3.282463692282380219e+00
-9.050850582165907099e+00
-1.241701321603124697e+01
5.545991150507782663e+01
-1.060611326440555189e+02
-1.195276964110007256e+01
7.682209272056884686e+01
-1.553166930806218886e+02
-3.412844761792556358e+00
2.557127928197109057e+01
-5.440943915777227602e+01
-2.515555428434175487e-05
1.975056524287727982e-05
-1.837047100311950753e-05
2.188610025865934258e-05
8.250156254100626471e-05
7.157212636486347204e-06
-5.577947791569627103e-05
1.914235566952281642e-04
5.447359185572226869e-06
-3.220596157894868941e-05
7.973995876896763696e-05
4.331514709695348131e+01
6.386332679188080874e+02
-3.285768747216059182e+01
2.415893826937031463e+03
-5.766875169379177350e+03
-6.185459307173840671e+01
2.953967762459948062e+03
-8.986290575914970759e+03
-2.157143577976204440e+01
9.812158224673428322e+02
-3.239566489593028564e+03
-7.020021841663652562e-02
-1.626941790661619314e-01
-1.872548434432331765e-01
1.138181828329272394e+00
-2.833648474099260461e+00
-1.713834538726891898e-01
1.720023625176845483e+00
-4.539115914669280549e+00
-4.998251963434054146e-02
6.061701504012396713e-01
-1.682872489535976568e+00
9.598859012344719943e+00
-3.970303597242419755e+02
1.620204691728588031e+01
-1.575070933548696075e+03
3.600033464435452061e+03
2.709256239811381661e+01
-1.786214825861148483e+03
5.153487360264519339e+03
1.117569708733703671e+01
-5.778298389736540912e+02
1.808651627563949887e+03
-2.989494242567029142e-02
1.402170705046215549e+00
-7.356025891805721695e-02
8.337097795432307779e-01
2.240009859824348970e-01
-5.520296044874756919e-02
5.667149611309522106e-01
7.186917315248940730e-01
-1.550743189829237832e-02
1.575035353015979689e-01
2.107682998886739878e-01
9.974771324987838916e-01
-7.884449176728635170e-03
-5.904696111154662114e-02
1.395863457723064416e+00
-4.516649644228404981e+00
-5.585340083697567376e-02
1.751664812208900468e+00
-5.990192883329844342e+00
-1.794533832281116140e-02
5.965093394703270269e-01
-2.060888751091143334e+00
1.600000000000000000e+01
1.227462398745075411e+01
3.931900072849288790e+03
-1.739573821242815029e+04
3.132377326249247290e+03
3.439653073300363612e+05
-1.216265030368377222e+06
-7.069997781157396093e+04
1.383850491429945221e+06
-3.966289948149746750e+06
-6.001529871799101238e+04
8.035538054632018320e+05
-2.091683849592176965e+06
-4.010540068739503477e+04
1.122532790692976560e+05
2.356171072324324996e+04
-3.476260185923101846e+06
1.137556651755116135e+07
7.542749557972446783e+05
-1.308452599138233066e+07
3.644734866244859993e+07
5.962620995602677576e+05
-7.427781253679311834e+06
1.892814241759860143e+07
8.320845944801371661e+04
-1.912375023989542096e+05
-2.109161623303498782e+05
8.717751163800448179e+06
-2.691570670308818296e+07
-1.989016078452483751e+06
3.089036487050674111e+07
-8.390120277487373352e+07
-1.453478735557420179e+06
1.706250956924670935e+07
-4.275138621394348145e+07
8.149962691389229796e-01
2.574784832146040703e+00
1.160980275927170347e+00
-2.362816264549260747e+00
6.770960192214380058e+00
7.571054095352629520e-01
-2.725605448739326864e+00
7.114178537882906106e+00
1.766909904709936530e-01
-7.978809965604887200e-01
2.116218627223996673e+00
6.927355545321750921e-03
3.020455517352178473e-02
6.308072353751064537e-03
-1.207377056205917731e-01
2.627197460847992549e-01
3.415157220413269929e-03
-1.077974985012836867e-01
2.709839288159374693e-01
7.374200152417903845e-04
-2.749580115435923053e-02
7.331572622853513299e-02
1.010337302364002765e+00
8.993121994584356467e-04
2.839496554674338369e-01
-4.049728912376734158e+00
1.320788627232385259e+01
1.039626917886974089e-01
-7.025151573373562996e+00
2.478463226212353732e+01
3.093203673913423948e-02
-2.692382629032501473e+00
9.609431446506642160e+00
1.308179938809892695e+00
-5.537729622193655020e-03
-6.782923946708029062e-02
-6.689847714083443364e-01
3.403140428260174932e+00
-5.296572102850186092e-02
-9.923752746189867802e-01
4.820703093520680049e+00
-6.134140953570243332e-03
-3.842934701856676738e-01
1.756170931205399022e+00
2.096551999295542828e+03
1.463749316826155336e+03
1.312549328609852182e+03
1.830733001708211668e+04
-4.353414407461069641e+04
-8.332889543511114425e+02
3.204731997183186832e+04
-1.086094503752085875e+05
4.522513639811220401e+02
8.353439546391713520e+03
-4.453132500373219955e+04
-1.011416915374388009e+04
-4.463277675867176004e+04
-6.541372923055582760e+03
-2.669196561741042533e+05
6.863685276458992157e+05
3.405707725314747677e+03
-4.375356465307906037e+05
1.631793064437750727e+06
-7.463328817746067216e+03
-1.145878272511422401e+05
6.743876984057810623e+05
2.293349673714263918e+04
2.309380041282319871e+05
1.496084043305842351e+04
1.194350454671807587e+06
-3.103872977545805741e+06
-3.038134155311612176e+03
1.872005629693132592e+06
-7.308871243592510000e+06
4.272581870748475194e+04
4.674592344290722976e+05
-3.065148317735448945e+06
-1.462172198734793892e+04
-3.778334634495572536e+05
-9.608731081803081906e+03
-1.710681182447401807e+06
4.333141057337848470e+06
-2.236594060056441231e+04
-2.501848789202449843e+06
1.027504935320436023e+07
-8.538060940575342102e+04
-5.700601576414909214e+05
4.396515576214495115e+06
9.789747327985583070e+01
-4.265973087748922410e+01
1.534842103790491308e+02
-1.417062076076895437e+03
2.752861414366502686e+03
1.387406469558648894e+02
-1.433658507513588120e+03
2.857741895243075760e+03
4.102510946737612585e+01
-4.236807379746389870e+02
8.503594335657172678e+02
-3.282340813373817223e+00
-9.050517253524512640e+00
-1.241706574109980465e+01
5.545536949491209100e+01
-1.060650244204533976e+02
-1.195397816699779625e+01
7.682187263885806772e+01
-1.553164369826116911e+02
-3.412624685703732563e+00
2.557220181698714967e+01
-5.440865225230847102e+01
-2.515605227754810910e-05
1.975067554385436525e-05
-1.836960318289945090e-05
2.188612164519269834e-05
8.250152033880324236e-05
7.156952236553914018e-06
-5.578064005155800980e-05
1.914215032616641357e-04
5.447613226068114641e-06
-3.220518622277588196e-05
7.974070901610931137e-05
4.331514709695348131e+01
6.386332679188080874e+02
-3.285768747216059182e+01
2.415893826937031463e+03
-5.766875169379177350e+03
-6.185459307173840671e+01
2.953967762459948062e+03
-8.986290575914970759e+03
-2.157143577976204440e+01
9.812158224673428322e+02
-3.239566489593028564e+03
-7.019940245297683068e-02
-1.626917216559063684e-01
-1.872497922865330455e-01
1.138127527309962250e+00
-2.833763510183709311e+00
-1.713962206894625306e-01
1.720061181905109260e+00
-4.538901908584073830e+00
-4.998058665181024512e-02
6.061727678974505595e-01
-1.682901101296333302e+00
9.598895235278263272e+00
-3.970124410757031228e+02
1.620201419970384293e+01
-1.575208829427876708e+03
3.599853554988919768e+03
2.709253591655512849e+01
-1.786116264233116681e+03
5.153722533127353927e+03
1.117572012700672879e+01
-5.778357125199936490e+02
1.808628693533560408e+03
-2.989499151324654866e-02
1.402140554672051342e+00
-7.356014776792745014e-02
8.337151396708267770e-01
2.240010802116541855e-01
-5.520296444598504770e-02
5.667134875986185039e-01
7.186911008965698455e-01
-1.550743559885843330e-02
1.575036104859172392e-01
2.107683436133989396e-01
9.975057017847219765e-01
-7.884448751181534140e-03
-5.904699553965067627e-02
1.395859019846627636e+00
-4.516659382908495779e+00
-5.585339636320858780e-02
1.751665553063718850e+00
-5.990193676814552504e+00
-1.794533669879991647e-02
5.965098015515380991e-01
-2.060886997628164075e+00
1.600000000000000000e+01
1.186986572056510170e+01
3.931901504535305321e+03
-1.739572924488308126e+04
3.132377716450000207e+03
3.439653044764431543e+05
-1.216266013189041987e+06
-7.070056589891808107e+04
1.383819118669599295e+06
-3.966339492565106135e+06
-6.001460123293461220e+04
8.035743439475463238e+05
-2.091654012244215235e+06
-4.010535419669818657e+04
1.122533931994193554e+05
2.356171172882474275e+04
-3.476288163495113607e+06
1.137546564732313715e+07
7.542660196017503040e+05
-1.308457926905824430e+07
3.644762229666440934e+07
5.962707906542755663e+05
-7.427698559764530510e+06
1.892815309551583603e+07
8.320851944605502649e+04
-1.912374050394836813e+05
-2.109162334108490322e+05
8.717664523341460153e+06
-2.691595417155961320e+07
-1.989018072117221775e+06
3.089116470299039036e+07
-8.389916933708271384e+07
-1.453478310587080661e+06
1.706216624759243429e+07
-4.275210152112829685e+07
8.150019072707059831e-01
2.574798439996242916e+00
1.160962299982522206e+00
-2.362834271182876478e+00
6.770923740167810401e+00
7.571177692776954737e-01
-2.725566616096250172e+00
7.114243740636116975e+00
1.766898821486401761e-01
-7.978864889483306966e-01
2.116209098196813798e+00
6.927331461415122370e-03
3.020446244682930062e-02
6.308097128010828857e-03
-1.207359135076378487e-01
2.627215746748963743e-01
3.415146805691080239e-03
-1.077995510213702879e-01
2.709811249688107160e-01
7.374207487462523065e-04
-2.749559684914370736e-02
7.331604298288388333e-02
1.010333770688911059e+00
8.993121988407154705e-04
2.839499288128040644e-01
-4.049717003597137932e+00
1.320791461563317171e+01
1.039626439671617747e-01
-7.025197864542415793e+00
2.478450397461721622e+01
3.093204293048939721e-02
-2.692372659798543566e+00
9.609459779828879888e+00
1.308189049275236382e+00
-5.537729586972358654e-03
-6.782926945279059427e-02
-6.689853919082330291e-01
3.403136810454040706e+00
-5.296569467234895495e-02
-9.923732999682882694e-01
4.820713627072602314e+00
-6.134141494682873730e-03
-3.842939280072794062e-01
1.756168755415820515e+00
2.096551999295542828e+03
1.463749316826155336e+03
1.312549328609852182e+03
1.830733001708211668e+04
-4.353414407461069641e+04
-8.332889543511114425e+02
3.204731997183186832e+04
-1.086094503752085875e+05
4.522513639811220401e+02
8.353439546391713520e+03
-4.453132500373219955e+04
-1.011415725180421214e+04
-4.463319445053642266e+04
-6.541400522851140522e+03
-2.669092656999544124e+05
6.863702694385281065e+05
3.405728914915046971e+03
-4.375542690602588118e+05
1.631805294496250572e+06
-7.463499753506442175e+03
-1.145850173606602038e+05
6.744030448169923620e+05
2.293359478041514740e+04
2.309332773169939755e+05
1.496072805972949936e+04
1.194420673672765028e+06
-3.103887893930263352e+06
-3.038123351880429254e+03
1.871958659177014139e+06
-7.308463258130685426e+06
4.272232926970071276e+04
4.674708608021494583e+05
-3.065070691611361690e+06
-1.462169760029624013e+04
-3.778374160721173976e+05
-9.608754183069582723e+03
-1.710650870636444539e+06
4.333108177097452804e+06
-2.236567655463616393e+04
-2.501804287854285445e+06
1.027554658005570620e+07
-8.538677787647402147e+04
-5.700596981833180180e+05
4.396518052726237103e+06
9.789747327985583070e+01
-4.265973087748922410e+01
1.534842103790491308e+02
-1.417062076076895437e+03
2.752861414366502686e+03
1.387406469558648894e+02
-1.433658507513588120e+03
2.857741895243075760e+03
4.102510946737612585e+01
-4.236807379746389870e+02
8.503594335657172678e+02
-3.282236506042448099e+00
-9.050224312810756899e+00
-1.241705791183317587e+01
5.545160998715663681e+01
-1.060681174977799088e+02
-1.195506152772168029e+01
7.682134431520263718e+01
-1.553169110791877188e+02
-3.412434688779145464e+00
2.557298088327129193e+01
-5.440793925171308842e+01
-2.515667286328097986e-05
1.975075440672780782e-05
-1.836878218171186073e-05
2.188615643725813333e-05
8.250155239854071619e-05
7.156718886657457365e-06
-5.578170942626950641e-05
1.914194565499705361e-04
5.447834642952022519e-06
-3.220453332384807523e-05
7.974134686299429468e-05
4.331514709695348131e+01
6.386332679188080874e+02
-3.285768747216059182e+01
2.415893826937031463e+03
-5.766875169379177350e+03
-6.185459307173840671e+01
2.953967762459948062e+03
-8.986290575914970759e+03
-2.157143577976204440e+01
9.812158224673428322e+02
-3.239566489593028564e+03
-7.019857224903809645e-02
-1.626894265797350636e-01
-1.872458142032931983e-01
1.138077422235428404e+00
-2.833865056089897916e+00
-1.714071400555585156e-01
1.720096756049571241e+00
-4.538719273290310774e+00
-4.997892245051045040e-02
6.061743719144776499e-01
-1.682925920015374777e+00
9.598929467777239211e+00
-3.969957235914113767e+02
1.620198294623446955e+01
-1.575333408661509566e+03
3.599694560407838253e+03
2.709251520095063626e+01
-1.786031357051282839e+03
5.153916958041060752e+03
1.117574019994110479e+01
-5.778404419767896343e+02
1.808610932940904149e+03
-2.989503770194906762e-02
1.402112468883313534e+00
-7.356004415984147837e-02
8.337199490613883546e-01
2.240011630685322108e-01
-5.520296835848895189e-02
5.667122426025641424e-01
7.186905882578467075e-01
-1.550743895495675789e-02
1.575036682156739920e-01
2.107683759877412855e-01
9.975323636942131644e-01
-7.884448354112283397e-03
-5.904702589736710722e-02
1.395855143913570906e+00
-4.516667715747601619e+00
-5.585339420320584169e-02
1.751665690980749313e+00
-5.990196164050163752e+00
-1.794533496821927587e-02
5.965103028375191574e-01
-2.060885130930964149e+00
1.600000000000000000e+01
1.157314621755832285e+01
3.931902998244700939e+03
-1.739572076529774858e+04
3.132377961146215512e+03
3.439653121678009629e+05
-1.216266369858193677e+06
-7.070101455823126889e+04
1.383790639503833139e+06
-3.966392292696888559e+06
-6.001407194691778568e+04
8.035924119457863271e+05
-2.091624649316832889e+06
-4.010530714024446934e+04
1.122535002034907666e+05
2.356171118646664763e+04
-3.476313094376114663e+06
1.137538577185118385e+07
7.542602518336785724e+05
-1.308462805988552794e+07
3.644771248992609978e+07
5.962761254049676936e+05
-7.427637874902017415e+06
1.892820319033961743e+07
8.320857902391067182e+04
-1.912373141933582374e+05
-2.109163261637221731e+05
8.717586625155631453e+06
-2.691616305102425441e+07
-1.989015827556391945e+06
3.089189491625787318e+07
-8.389751607521528006e+07
-1.453481796942275250e+06
1.706183062028248608e+07
-4.275271007336854190e+07
8.150072014918245955e-01
2.574811325915877358e+00
1.160945429162364873e+00
-2.362851297085857283e+00
6.770889118893412828e+00
7.571293820496228788e-01
-2.725529891940819294e+00
7.114305645655164767e+00
1.766888391304198558e-01
-7.978916870530854411e-01
2.116200048737515882e+00
6.927307317404411517e-03
3.020437028603140811e-02
6.308122100594566739e-03
-1.207341230029984475e-01
2.627233914922363356e-01
3.415136281550886378e-03
-1.078016081483792049e-01
2.709783291071515832e-01
7.374214907429998793e-04
-2.749539170414077097e-02
7.331635961446629490e-02
1.010330241237248128e+00
8.993121982263086161e-04
2.839502055197169472e-01
-4.049705012491219058e+00
1.320794306706963006e+01
1.039625951252977770e-01
-7.025244929535610083e+00
2.478437386812619536e+01
3.093204928821178742e-02
-2.692362458931945035e+00
9.609488719362428100e+00
1.308198094070998074e+00
-5.537729552214682750e-03
-6.782929934420431350e-02
-6.689860064595486433e-01
3.403133240962677331e+00
-5.296566833971413230e-02
-9.923713390131360113e-01
4.820724050759953805e+00
-6.134142035938830451e-03
-3.842943834615800136e-01
1.756166597602017543e+00
2.096551999295542828e+03
1.463749316826155336e+03
1.312549328609852182e+03
1.830733001708211668e+04
-4.353414407461069641e+04
-8.332889543511114425e+02
3.204731997183186832e+04
-1.086094503752085875e+05
4.522513639811220401e+02
8.353439546391713520e+03
-4.453132500373219955e+04
-1.011412975823632769e+04
-4.463352189228678617e+04
-6.541428556144889626e+03
-2.669007865148425917e+05
6.863690961350032594e+05
3.405748158576413971e+03
-4.375720655750659062e+05
1.631822172356555471e+06
-7.463646472444262145e+03
-1.145817842707662203e+05
6.744210483412999893e+05
2.293372983233724881e+04
2.309297171037476801e+05
1.496061644062752748e+04
1.194473490122256335e+06
-3.103930838553994894e+06
-3.038113432671497321e+03
1.871913128712357022e+06
-7.308023566259809770e+06
4.271926764865385485e+04
4.674865582076053834e+05
-3.064961775344358291e+06
-1.462166799975645154e+04
-3.778402354166785371e+05
-9.608776895608109044e+03
-1.710632745087689720e+06
4.333056010821316391e+06
-2.236543258442128354e+04
-2.501762647075550631e+06
1.027605699997494556e+07
-8.539226273661357118e+04
-5.700566803957872326e+05
4.396547491837344132e+06
9.789747327985583070e+01
-4.265973087748922410e+01
1.534842103790491308e+02
-1.417062076076895437e+03
2.752861414366502686e+03
1.387406469558648894e+02
-1.433658507513588120e+03
2.857741895243075760e+03
4.102510946737612585e+01
-4.236807379746389870e+02
8.503594335657172678e+02
-3.282140712609175282e+00
-9.049952691102200575e+00
-1.241707334631834847e+01
5.544812523281967032e+01
-1.060708708769622177e+02
-1.195600292783812613e+01
7.682106500370153412e+01
-1.553174861290408444e+02
-3.412268418366215972e+00
2.557363181482191195e+01
-5.440730134545777474e+01
-2.515730511384062590e-05
1.975082077713155199e-05
-1.836803187879704102e-05
2.188618914256504423e-05
8.250160039852294676e-05
7.156509309633369520e-06
-5.578265103882018713e-05
1.914175752591023574e-04
5.448031886154266743e-06
-3.220397527781781148e-05
7.974189592041747892e-05
4.331514709695348131e+01
6.386332679188080874e+02
-3.285768747216059182e+01
2.415893826937031463e+03
-5.766875169379177350e+03
-6.185459307173840671e+01
2.953967762459948062e+03
-8.986290575914970759e+03
-2.157143577976204440e+01
9.812158224673428322e+02
-3.239566489593028564e+03
-7.019771403075149296e-02
-1.626872337206095309e-01
-1.872426633416352793e-01
1.138030206090328234e+00
-2.833956742448316746e+00
-1.714168179006650417e-01
1.720128039861630542e+00
-4.538564977600779038e+00
-4.997742115013278918e-02
6.061764100903770380e-01
-1.682945695157770372e+00
9.598962486400818506e+00
-3.969798117462339064e+02
1.620195234101333170e+01
-1.575448885797655976e+03
3.599550344430792393e+03
2.709249802519640227e+01
-1.785957448896396727e+03
5.154078966989731271e+03
1.117575886655965967e+01
-5.778438233031122309e+02
1.808598243478957102e+03
-2.989508201357354844e-02
1.402085805606511304e+00
-7.355994532404831754e-02
8.337243673198937444e-01
2.240012376763625690e-01
-5.520297160778152995e-02
5.667111839382170668e-01
7.186901707442019394e-01
-1.550744226957469739e-02
1.575037077444441935e-01
2.107683975805823839e-01
9.975577837032888473e-01
-7.884447975844768863e-03
-5.904705390493523998e-02
1.395851603277534325e+00
-4.516675198314365147e+00
-5.585339322346816876e-02
1.751665493984185584e+00
-5.990199619868946890e+00
-1.794533318843452227e-02
5.965108273554602381e-01
-2.060883192309021172e+00
1.600000000000000000e+01
1.132503715157542956e+01
3.931904493193775579e+03
-1.739571268040152427e+04
3.132378133089817766e+03
3.439653316566693247e+05
-1.216266390341858380e+06
-7.070138177964653005e+04
1.383764533173090313e+06
-3.966444930211317725e+06
-6.001364892902809515e+04
8.036083615052305395e+05
-2.091596956724629505e+06
-4.010526103988448449e+04
1.122536012539799558e+05
2.356171010374746402e+04
-3.476335181560259778e+06
1.137531979600016586e+07
7.542560335643764120e+05
-1.308467924951404519e+07
3.644770245455805212e+07
5.962795989066425245e+05
-7.427594050741199404e+06
1.892826365345616639e+07
8.320863660825636180e+04
-1.912372288752107997e+05
-2.109164208582282881e+05
8.717516807973839343e+06
-2.691634422355130315e+07
-1.989012101052127080e+06
3.089255205377358943e+07
-8.389611945826536417e+07
-1.453487023786369013e+06
1.706150658369041234e+07
-4.275325417368515581e+07
8.150121743349757475e-01
2.574823529340518835e+00
1.160929587121139583e+00
-2.362867401342212847e+00
6.770856228450880643e+00
7.571402998275613694e-01
-2.725495145451641399e+00
7.114364442036478664e+00
1.766878568962613472e-01
-7.978966093267548798e-01
2.116191450686581543e+00
6.927283202202042661e-03
3.020427868326209381e-02
6.308147143190591388e-03
-1.207323360738445234e-01
2.627251992474050057e-01
3.415125705716607740e-03
-1.078036665967412183e-01
2.709755387573080099e-01
7.374222372481637703e-04
-2.749518607616317084e-02
7.331667629209218107e-02
1.010326711115182130e+00
8.993121976133431001e-04
2.839504852500459586e-01
-4.049692918902509930e+00
1.320797172624236993e+01
1.039625453827027896e-01
-7.025292792420001042e+00
2.478424163275805014e+01
3.093205579325123897e-02
-2.692352028802635910e+00
9.609518308634980244e+00
1.308207067031165627e+00
-5.537729517854336585e-03
-6.782932908649212667e-02
-6.689866156883798043e-01
3.403129710063535374e+00
-5.296564208922084627e-02
-9.923693907515486190e-01
4.820734386859509613e+00
-6.134142576119064327e-03
-3.842948366680710159e-01
1.756164454016550858e+00
2.096551999295542828e+03
1.463749316826155336e+03
1.312549328609852182e+03
1.830733001708211668e+04
-4.353414407461069641e+04
-8.332889543511114425e+02
3.204731997183186832e+04
-1.086094503752085875e+05
4.522513639811220401e+02
8.353439546391713520e+03
-4.453132500373219955e+04
-1.011409269303217479e+04
-4.463379944658595196e+04
-6.541456931806297689e+03
-2.668933011696715257e+05
6.863667277833124390e+05
3.405766454303669434e+03
-4.375890277125302819e+05
1.631840767480595503e+06
-7.463782312280609403e+03
-1.145784632877356344e+05
6.744397499612765387e+05
2.293388660970973433e+04
2.309267874029086379e+05
1.496050572615857891e+04
1.194517934079243569e+06
-3.103984412829062901e+06
-3.038103997824102407e+03
1.871869466985131381e+06
-7.307580515383574180e+06
4.271641514917579480e+04
4.675035238495636731e+05
-3.064841879761591554e+06
-1.462163548991115931e+04
-3.778424559685931890e+05
-9.608799209582806725e+03
-1.710619952946283156e+06
4.332997149919864722e+06
-2.236520049451715022e+04
-2.501723347761147190e+06
1.027656034138216078e+07
-8.539739165303559275e+04
-5.700526760532899061e+05
4.396588129413338378e+06
9.789747327985583070e+01
-4.265973087748922410e+01
1.534842103790491308e+02
-1.417062076076895437e+03
2.752861414366502686e+03
1.387406469558648894e+02
-1.433658507513588120e+03
2.857741895243075760e+03
4.102510946737612585e+01
-4.236807379746389870e+02
8.503594335657172678e+02
-3.282050906955378711e+00
-9.049696788705363204e+00
-1.241712056502471029e+01
5.544480010960221250e+01
-1.060734021638570965e+02
-1.195682522187976637e+01
7.682104145973443110e+01
-1.553180924400087406e+02
-3.412120084154074195e+00
2.557419320957203723e+01
-5.440670858137536214e+01
-2.515792811747993095e-05
1.975087977144523828e-05
-1.836734656248556631e-05
2.188621724064370740e-05
8.250165144460877564e-05
7.156319152685693084e-06
-5.578348236593081290e-05
1.914158484410195447e-04
5.448210743465033260e-06
-3.220348659941133472e-05
7.974238353923588979e-05
4.331514709695348131e+01
6.386332679188080874e+02
-3.285768747216059182e+01
2.415893826937031463e+03
-5.766875169379177350e+03
-6.185459307173840671e+01
2.953967762459948062e+03
-8.986290575914970759e+03
-2.157143577976204440e+01
9.812158224673428322e+02
-3.239566489593028564e+03
-7.019683637386499309e-02
-1.626851276076608788e-01
-1.872401213869318570e-01
1.137985806975829961e+00
-2.834039729627557236e+00
-1.714256209308326617e-01
1.720152998646923947e+00
-4.538438357092687170e+00
-4.997602725443931609e-02
6.061796010310812610e-01
-1.682959916439774162e+00
9.598994473334755639e+00
-3.969645741457356394e+02
1.620192245329825198e+01
-1.575556563571286233e+03
3.599418665683826475e+03
2.709248224700489160e+01
-1.785893907835824848e+03
5.154211756972829789e+03
1.117577699111476619e+01
-5.778457457808119671e+02
1.808590531381983283e+03
-2.989512472824347802e-02
1.402060338084666569e+00
-7.355985093620331927e-02
8.337284508476842104e-01
2.240013052757851009e-01
-5.520297351142081782e-02
5.667102959422714026e-01
7.186898380505579720e-01
-1.550744569770236281e-02
1.575037290080613661e-01
2.107684089109763959e-01
9.975821737854368987e-01
-7.884447613211793132e-03
-5.904708003421098306e-02
1.395848332420060789e+00
-4.516681993660950134e+00
-5.585339321714889727e-02
1.751665018602551527e+00
-5.990203887871285104e+00
-1.794533134783042605e-02
5.965113767421362789e-01
-2.060881176603783338e+00
1.600000000000000000e+01
1.110978409746611462e+01
3.931905972321729223e+03
-1.739570488525023029e+04
3.132378263571649768e+03
3.439653510519230622e+05
-1.216266252660671016e+06
-7.070169609028543346e+04
1.383740532288515475e+06
-3.966495783955174964e+06
-6.001329881259524700e+04
8.036224969388764584e+05
-2.091571290950054303e+06
-4.010521625884577952e+04
1.122536976338129607e+05
2.356170888920236030e+04
-3.476354960244829301e+06
1.137526316496578418e+07
7.542526033089550911e+05
-1.308473408342739753e+07
3.644763620460277796e+07
5.962819851774986601e+05
-7.427562927411288023e+06
1.892832314591762796e+07
8.320869188947779185e+04
-1.912371480285527359e+05
-2.109165099559116643e+05
8.717453898309787735e+06
-2.691650489732661098e+07
-1.989008133270905586e+06
3.089314039496811852e+07
-8.389490944653086364e+07
-1.453492910153950565e+06
1.706119680634047464e+07
-4.275375293208947778e+07
8.150168466495215647e-01
2.574835090538110549e+00
1.160914702682312338e+00
-2.362882643511027947e+00
6.770824961872840220e+00
7.571505717812034852e-01
-2.725462244206560136e+00
7.114420330793255864e+00
1.766869311049912572e-01
-7.979012745824864972e-01
2.116183274119638025e+00
6.927259152815349631e-03
3.020418760191689173e-02
6.308172190074697212e-03
-1.207305538608881845e-01
2.627269990773429820e-01
3.415115110681279497e-03
-1.078057238364563269e-01
2.709727540972069471e-01
7.374229858464479348e-04
-2.749498028699494737e-02
7.331699284677954676e-02
1.010323177391337479e+00
8.993121970006876659e-04
2.839507677579741207e-01
-4.049680716669314506e+00
1.320800063228085008e+01
1.039624948425556250e-01
-7.025341416850952925e+00
2.478410726259164321e+01
3.093206242749026516e-02
-2.692341386460387564e+00
9.609548519630807917e+00
1.308215969176489635e+00
-5.537729483841278590e-03
-6.782935865499065131e-02
-6.689872199577945322e-01
3.403126212667108241e+00
-5.296561595521700333e-02
-9.923674551528729459e-01
4.820744643568522392e+00
-6.134143114391037328e-03
-3.842952874653646211e-01
1.756162323957312976e+00
2.096551999295542828e+03
1.463749316826155336e+03
1.312549328609852182e+03
1.830733001708211668e+04
-4.353414407461069641e+04
-8.332889543511114425e+02
3.204731997183186832e+04
-1.086094503752085875e+05
4.522513639811220401e+02
8.353439546391713520e+03
-4.453132500373219955e+04
-1.011404848213767036e+04
-4.463404355784762447e+04
-6.541485589724032252e+03
-2.668864278526764247e+05
6.863638535106766503e+05
3.405784184832428309e+03
-4.376052251550281071e+05
1.631859863345865160e+06
-7.463912438326325173e+03
-1.145751789979186287e+05
6.744583930512056686e+05
2.293405917326859344e+04
2.309242726870238839e+05
1.496039590395148844e+04
1.194557651861881372e+06
-3.104041764074289240e+06
-3.038094885941700795e+03
1.871827589808223769e+06
-7.307144900435804389e+06
4.271368477255381731e+04
4.675206777020199224e+05
-3.064719115795478225e+06
-1.462160093469940330e+04
-3.778442898953916738e+05
-9.608821151604674014e+03
-1.710609808460632805e+06
4.332936472176522948e+06
-2.236497682610550328e+04
-2.501686096026598010e+06
1.027704958440287784e+07
-8.540229817724441818e+04
-5.700483108178607654e+05
4.396633478661726229e+06
9.789747327985583070e+01
-4.265973087748922410e+01
1.534842103790491308e+02
-1.417062076076895437e+03
2.752861414366502686e+03
1.387406469558648894e+02
-1.433658507513588120e+03
2.857741895243075760e+03
4.102510946737612585e+01
-4.236807379746389870e+02
8.503594335657172678e+02
-3.281966449904568872e+00
-9.049454612377328289e+00
-1.241719530442726160e+01
5.544160437244886452e+01
-1.060757515462717322e+02
-1.195754720750860223e+01
7.682123476225154945e+01
-1.553187229569868464e+02
-3.411986316245577910e+00
2.557468646427013326e+01
-5.440614585627223221e+01
-2.515854195110558012e-05
1.975093284462533583e-05
-1.836671770149910188e-05
2.188624078197519264e-05
8.250170260060195413e-05
7.156145368441499207e-06
-5.578421997035371303e-05
1.914142547681453490e-04
5.448374576052578193e-06
-3.220305269023303248e-05
7.974282473159324998e-05
4.331514709695348131e+01
6.386332679188080874e+02
-3.285768747216059182e+01
2.415893826937031463e+03
-5.766875169379177350e+03
-6.185459307173840671e+01
2.953967762459948062e+03
-8.986290575914970759e+03
-2.157143577976204440e+01
9.812158224673428322e+02
-3.239566489593028564e+03
-7.019594485630056835e-02
-1.626830986777374199e-01
-1.872380861069673219e-01
1.137943919407401472e+00
-2.834115134379567191e+00
-1.714337016655305135e-01
1.720171972327619203e+00
-4.538336356567221230e+00
-4.997471962753963215e-02
6.061839688502329571e-01
-1.682969033074932064e+00
9.599025515933961472e+00
-3.969499366056277267e+02
1.620189324197871272e+01
-1.575657447470373427e+03
3.599297857641381142e+03
2.709246744000199669e+01
-1.785839452232549775e+03
5.154319118312781939e+03
1.117579476283281181e+01
-5.778463501241460563e+02
1.808587245005807517e+03
-2.989516599862176646e-02
1.402035931796183243e+00
-7.355976049526435911e-02
8.337322441362580161e-01
2.240013668145615922e-01
-5.520297418205096646e-02
5.667095559608811284e-01
7.186895787164945260e-01
-1.550744924407316053e-02
1.575037341139167435e-01
2.107684112259075593e-01
9.976056284377188277e-01
-7.884447264738157768e-03
-5.904710449054053484e-02
1.395845300450329507e+00
-4.516688181516253842e+00
-5.585339408646262938e-02
1.751664296136328236e+00
-5.990208874685034601e+00
-1.794532944465609958e-02
5.965119500628250915e-01
-2.060879087366986440e+00
1.600000000000000000e+01
1.091986900877673961e+01
3.931907435280100799e+03
-1.739569728913655854e+04
3.132378365655679772e+03
3.439653569217658951e+05
-1.216266067335931351e+06
-7.070197210824710783e+04
1.383718471415905282e+06
-3.966544123976736329e+06
-6.001300256025077397e+04
8.036350718120801030e+05
-2.091547655973431887e+06
-4.010517272297891031e+04
1.122537904585781798e+05
2.356170769037796708e+04
-3.476372988843684085e+06
1.137521288106549904e+07
7.542496008034333354e+05
-1.308479179813464172e+07
3.644753786300800741e+07
5.962836999997965759e+05
-7.427541301635424607e+06
1.892837796870169789e+07
8.320874502945484710e+04
-1.912370707315925392e+05
-2.109165911872863362e+05
8.717396711420562118e+06
-2.691664999844761193e+07
-1.989004461184131680e+06
3.089366663564571738e+07
-8.389384366564972699e+07
-1.453498912006054772e+06
1.706090286552700773e+07
-4.275421522540367395e+07
8.150212380820563984e-01
2.574846049332081943e+00
1.160900709454593116e+00
-2.362897081210305839e+00
6.770795213050335271e+00
7.571602438037039473e-01
-2.725431060785903803e+00
7.114473509277086549e+00
1.766860576915005865e-01
-7.979057009035144254e-01
2.116175489786855657e+00
6.927235185224216510e-03
3.020409700880019588e-02
6.308197204104826553e-03
-1.207287772282236299e-01
2.627287912404088766e-01
3.415104516590182059e-03
-1.078077777646258562e-01
2.709699764581749437e-01
7.374237349404840847e-04
-2.749477461916750159e-02
7.331730898830032817e-02
1.010319638088186256e+00
8.993121963875507375e-04
2.839510528060419370e-01
-4.049668407962439431e+00
1.320802979143415534e+01
1.039624435991981372e-01
-7.025390739125440653e+00
2.478397089113115470e+01
3.093206917415198404e-02
-2.692330554245168983e+00
9.609579295766911500e+00
1.308224803310920947e+00
-5.537729450140218418e-03
-6.782938803713370324e-02
-6.689878194527212329e-01
3.403122746206932892e+00
-5.296558996026881627e-02
-9.923655326300625523e-01
4.820754822530737727e+00
-6.134143650146438309e-03
-3.842957355964597421e-01
1.756160207970159703e+00
2.096551999295542828e+03
1.463749316826155336e+03
1.312549328609852182e+03
1.830733001708211668e+04
-4.353414407461069641e+04
-8.332889543511114425e+02
3.204731997183186832e+04
-1.086094503752085875e+05
4.522513639811220401e+02
8.353439546391713520e+03
-4.453132500373219955e+04
-1.011399824517034540e+04
-4.463426166746698436e+04
-6.541514476900632872e+03
-2.668799911033646786e+05
6.863607684902909677e+05
3.405801501682713024e+03
-4.376207394025361864e+05
1.631878920507737435e+06
-7.464038934121478633e+03
-1.145719774029781256e+05
6.744766762572455918e+05
2.293424494115351627e+04
2.309220774748648400e+05
1.496028693599479084e+04
1.194594238633149769e+06
-3.104100043165227864e+06
-3.038086026627468073e+03
1.871787300933092833e+06
-7.306720800581852905e+06
4.271103957991175412e+04
4.675375893574906513e+05
-3.064596919804442208e+06
-1.462156468604709517e+04
-3.778458292382779764e+05
-9.608842753064007411e+03
-1.710601197061786195e+06
4.332875945229387842e+06
-2.236475995483607039e+04
-2.501650678511820268e+06
1.027752263064170815e+07
-8.540704151000166894e+04
-5.700438497967573348e+05
4.396680648332756013e+06
9.789747327985583070e+01
-4.265973087748922410e+01
1.534842103790491308e+02
-1.417062076076895437e+03
2.752861414366502686e+03
1.387406469558648894e+02
-1.433658507513588120e+03
2.857741895243075760e+03
4.102510946737612585e+01
-4.236807379746389870e+02
8.503594335657172678e+02
-3.281887255639180712e+00
-9.049225324908789503e+00
-1.241729058719693946e+01
5.543853323853058157e+01
-1.060779346264634739e+02
-1.195818390666989295e+01
7.682160264275174200e+01
-1.553193835016571427e+02
-3.411864896500592437e+00
2.557512447728733918e+01
-5.440560540929831035e+01
-2.515915221662013814e-05
1.975098030083229244e-05
-1.836613708499326944e-05
2.188626049433915627e-05
8.250175391220444983e-05
7.155985668587096183e-06
-5.578487766329141503e-05
1.914127743170847783e-04
5.448525615927389978e-06
-3.220266419753640188e-05
7.974322851094696614e-05
4.331514709695348131e+01
6.386332679188080874e+02
-3.285768747216059182e+01
2.415893826937031463e+03
-5.766875169379177350e+03
-6.185459307173840671e+01
2.953967762459948062e+03
-8.986290575914970759e+03
-2.157143577976204440e+01
9.812158224673428322e+02
-3.239566489593028564e+03
-7.019504344103229265e-02
-1.626811398111549234e-01
-1.872364995945708654e-01
1.137904195657734041e+00
-2.834183960604832464e+00
-1.714411345581205448e-01
1.720185979211508176e+00
-4.538255476308855840e+00
-4.997348941466889238e-02
6.061893252080626793e-01
-1.682973747251133023e+00
9.599055669882440966e+00
-3.969358471247025477e+02
1.620186463510346542e+01
-1.575752365254121514e+03
3.599186571799664762e+03
2.709245372056998491e+01
-1.785792730817218171e+03
5.154404667183212041e+03
1.117581215337503941e+01
-5.778458389237712254e+02
1.808587745227980804e+03
-2.989520593014756075e-02
1.402012489767050507e+00
-7.355967349842036651e-02
8.337357839220738143e-01
2.240014230655339167e-01
-5.520297394616564823e-02
5.667089416002403235e-01
7.186893820625432916e-01
-1.550745286956354760e-02
1.575037255980738515e-01
2.107684058680451278e-01
9.976282037559862648e-01
-7.884446929512466812e-03
-5.904712739213005546e-02
1.395842488205965681e+00
-4.516693813077222508e+00
-5.585339576494476738e-02
1.751663349819422733e+00
-5.990214507581484327e+00
-1.794532748190265717e-02
5.965125452720941857e-01
-2.060876931696761005e+00
1.600000000000000000e+01
1.075039311064950631e+01
3.931908886858636833e+03
-1.739568982196030629e+04
3.132378444722059157e+03
3.439653383453073329e+05
-1.216265902804947458e+06
-7.070221785602404270e+04
1.383698222633122234e+06
-3.966589668381205294e+06
-6.001274853329222242e+04
8.036462946613160893e+05
-2.091525921775785740e+06
-4.010513022928142163e+04
1.122538806090846774e+05
2.356170654698454382e+04
-3.476389741922059562e+06
1.137516693619252928e+07
7.542468529202971840e+05
-1.308485114141275734e+07
3.644742117382488400e+07
5.962849770862057339e+05
-7.427526772522323765e+06
1.892842751992204413e+07
8.320879632326441060e+04
-1.912369962464543933e+05
-2.109166644199129369e+05
8.717344223441941664e+06
-2.691678298064684495e+07
-1.989001298403170193e+06
3.089413769268475845e+07
-8.389289460308872163e+07
-1.453504754385245731e+06
1.706062547939689085e+07
-4.275464557142300904e+07
8.150253671698918234e-01
2.574856444237700881e+00
1.160887545690572287e+00
-2.362910769001461908e+00
6.770766880325336246e+00
7.571693584036862656e-01
-2.725401475425907716e+00
7.114524164699953523e+00
1.766852328946410811e-01
-7.979099052284042148e-01
2.116168070081271058e+00
6.927211307625160547e-03
3.020400688332960590e-02
6.308222161302704314e-03
-1.207270069682015445e-01
2.627305755032797174e-01
3.415093937304848008e-03
-1.078098265541386352e-01
2.709672076172632837e-01
7.374244833836535043e-04
-2.749456931826731176e-02
7.331762439944478071e-02
1.010316092300692858e+00
8.993121957736026090e-04
2.839513401427265493e-01
-4.049655999832200592e+00
1.320805919198999234e+01
1.039623917406918702e-01
-7.025440684661083957e+00
2.478383271155677292e+01
3.093207601790695649e-02
-2.692319555559652855e+00
9.609610571423413461e+00
1.308233572017621915e+00
-5.537729416727608933e-03
-6.782941722481262981e-02
-6.689884142401827383e-01
3.403119309523964464e+00
-5.296556412093336025e-02
-9.923636237818177497e-01
4.820764922420414322e+00
-6.134144182916472128e-03
-3.842961807881845049e-01
1.756158107044703653e+00
2.096551999295542828e+03
1.463749316826155336e+03
1.312549328609852182e+03
1.830733001708211668e+04
-4.353414407461069641e+04
-8.332889543511114425e+02
3.204731997183186832e+04
-1.086094503752085875e+05
4.522513639811220401e+02
8.353439546391713520e+03
-4.453132500373219955e+04
-1.011394263380917619e+04
-4.463445774281046033e+04
-6.541543537009741158e+03
-2.668738980337757384e+05
6.863576119654498762e+05
3.405818466249494577e+03
-4.376356460446482524e+05
1.631897679622448049e+06
-7.464162682305041926e+03
-1.145688745114553167e+05
6.744944767297813669e+05
2.293444250513445513e+04
2.309201521786557278e+05
1.496017880736832012e+04
1.194628484412654536e+06
-3.104157968036551960e+06
-3.038077385958864397e+03
1.871748401316574542e+06
-7.306309656297312118e+06
4.270846242526934657e+04
4.675540813294218387e+05
-3.064476858726982027e+06
-1.462152692104029848e+04
-3.778471205202214187e+05
-9.608864039621646953e+03
-1.710593609583324986e+06
4.332816409790705889e+06
-2.236454901083121877e+04
-2.501616920521029271e+06
1.027797921716733463e+07
-8.541165105351667444e+04
-5.700394151037801057e+05
4.396728211735349149e+06
9.789747327985583070e+01
-4.265973087748922410e+01
1.534842103790491308e+02
-1.417062076076895437e+03
2.752861414366502686e+03
1.387406469558648894e+02
-1.433658507513588120e+03
2.857741895243075760e+03
4.102510946737612585e+01
-4.236807379746389870e+02
8.503594335657172678e+02
-3.281813351294081915e+00
-9.049008415917557002e+00
-1.241739970519310887e+01
5.543558818394976129e+01
-1.060799597665252207e+02
-1.195874752072528224e+01
7.682210850641465072e+01
-1.553200803092753972e+02
-3.411754191419195337e+00
2.557551593133612045e+01
-5.440508297335510690e+01
-2.515976504867723537e-05
1.975102214231181605e-05
-1.836559755178585184e-05
2.188627719026405876e-05
8.250180614760686826e-05
7.155838234651035186e-06
-5.578546677448224100e-05
1.914113905449313564e-04
5.448665519403997436e-06
-3.220231445062108743e-05
7.974360087354124312e-05
4.331514709695348131e+01
6.386332679188080874e+02
-3.285768747216059182e+01
2.415893826937031463e+03
-5.766875169379177350e+03
-6.185459307173840671e+01
2.953967762459948062e+03
-8.986290575914970759e+03
-2.157143577976204440e+01
9.812158224673428322e+02
-3.239566489593028564e+03
-7.019413529256247897e-02
-1.626792452621599883e-01
-1.872353197185029627e-01
1.137866323699016302e+00
-2.834247068830341831e+00
-1.714479681558344903e-01
1.720196076017787901e+00
-4.538192494498120233e+00
-4.997233169461311186e-02
6.061954488106732208e-01
-1.682974753900830178e+00
9.599084978900840781e+00
-3.969222639270467425e+02
1.620183656627702007e+01
-1.575842003984830399e+03
3.599083687901699705e+03
2.709244129908720922e+01
-1.785752539191126743e+03
5.154471566843427354e+03
1.117582908800924102e+01
-5.778444071013943812e+02
1.808591439740093392e+03
-2.989524460711524834e-02
1.401989933539152577e+00
-7.355958951598834394e-02
8.337391006724969023e-01
2.240014746709379223e-01
-5.520297312820966057e-02
5.667084332868898011e-01
7.186892388414823918e-01
-1.550745653018395856e-02
1.575037058038543103e-01
2.107683940537614931e-01
9.976499439401700364e-01
-7.884446606807787861e-03
-5.904714882823693112e-02
1.395839880780242348e+00
-4.516698928840075844e+00
-5.585339819708198816e-02
1.751662199356490257e+00
-5.990220723758461041e+00
-1.794532546421143820e-02
5.965131600477209250e-01
-2.060874717500764230e+00
1.600000000000000000e+01
1.059779260933941636e+01
3.931910332401472260e+03
-1.739568243296611399e+04
3.132378503113680836e+03
3.439652877823911258e+05
-1.216265800581308547e+06
-7.070243817908798519e+04
1.383679670219354564e+06
-3.966632363971923478e+06
-6.001252907687592233e+04
8.036563369665668579e+05
-2.091505918720786460e+06
-4.010508856749840925e+04
1.122539687461698340e+05
2.356170545815599689e+04
-3.476405588249226101e+06
1.137512396961386874e+07
7.542442739683000837e+05
-1.308491094592596777e+07
3.644729426318374276e+07
5.962859544940728229e+05
-7.427517566893880256e+06
1.892847231295824423e+07
8.320884606646676548e+04
-1.912369240071406530e+05
-2.109167302874670713e+05
8.717295604921016842e+06
-2.691690631787338108e+07
-1.988998711727897869e+06
3.089455990574971214e+07
-8.389204313876342773e+07
-1.453510300522938138e+06
1.706036473796183243e+07
-4.275504671409608424e+07
8.150292513427312979e-01
2.574866311958418308e+00
1.160875154124987541e+00
-2.362923757962569926e+00
6.770739867974363335e+00
7.571779547991760451e-01
-2.725373376812329607e+00
7.114572471849588631e+00
1.766844532531473000e-01
-7.979139032404286569e-01
2.116160989348800481e+00
6.927187525808060735e-03
3.020391721785880418e-02
6.308247043956216604e-03
-1.207252438632090280e-01
2.627323513622797369e-01
3.415083383278615190e-03
-1.078118685811248478e-01
2.709644494666957337e-01
7.374252302961044466e-04
-2.749436459740155561e-02
7.331793877450341890e-02
1.010312540020961158e+00
8.993121951587374624e-04
2.839516295025387160e-01
-4.049643502075178425e+00
1.320808881256375855e+01
1.039623393495639203e-01
-7.025491176205862054e+00
2.478369293802553486e+01
3.093208294483355478e-02
-2.692308413057626471e+00
9.609642280538439607e+00
1.308242277084792571e+00
-5.537729383588649475e-03
-6.782944621135499064e-02
-6.689890043112961537e-01
3.403115902258156300e+00
-5.296553845042951958e-02
-9.923617292664362877e-01
4.820774940649689810e+00
-6.134144712325659624e-03
-3.842966227827065984e-01
1.756156022267110650e+00
2.096551999295542828e+03
1.463749316826155336e+03
1.312549328609852182e+03
1.830733001708211668e+04
-4.353414407461069641e+04
-8.332889543511114425e+02
3.204731997183186832e+04
-1.086094503752085875e+05
4.522513639811220401e+02
8.353439546391713520e+03
-4.453132500373219955e+04
-1.011388213356330743e+04
-4.463463434321347449e+04
-6.541572709180970378e+03
-2.668680912451397162e+05
6.863544576655813726e+05
3.405835103386043102e+03
-4.376500103845785488e+05
1.631916006871552672e+06
-7.464284077007562701e+03
-1.145658745763562183e+05
6.745117453133398667e+05
2.293465084952286270e+04
2.309184654855445551e+05
1.496007153436109547e+04
1.194660844771157019e+06
-3.104214902178464457e+06
-3.038068945592920954e+03
1.871710720466839615e+06
-7.305911824101385660e+06
4.270594443877320737e+04
4.675700791558395722e+05
-3.064359700586654246e+06
-1.462148776182463916e+04
-3.778481924491099198e+05
-9.608885029289056547e+03
-1.710586779776729876e+06
4.332758251299997792e+06
-2.236434346117087625e+04
-2.501584669753480703e+06
1.027841976207658276e+07
-8.541614343918493250e+04
-5.700350686039013090e+05
4.396775387429498136e+06
9.789747327985583070e+01
-4.265973087748922410e+01
1.534842103790491308e+02
-1.417062076076895437e+03
2.752861414366502686e+03
1.387406469558648894e+02
-1.433658507513588120e+03
2.857741895243075760e+03
4.102510946737612585e+01
-4.236807379746389870e+02
8.503594335657172678e+02
-3.281744738351275448e+00
-9.048803427552494227e+00
-1.241751703538510831e+01
5.543277074122798354e+01
-1.060818338477703549e+02
-1.195924807840066251e+01
7.682272294303126614e+01
-1.553208168955573285e+02
-3.411652910016252260e+00
2.557586715842595737e+01
-5.440457609195875222e+01
-2.516038561455676855e-05
1.975105834979554021e-05
-1.836509307090529970e-05
2.188629158736138668e-05
8.250186006865620225e-05
7.155701574276955148e-06
-5.578599658433309181e-05
1.914100902591103109e-04
5.448795602693546516e-06
-3.220199834289657790e-05
7.974394611250512491e-05
4.331514709695348131e+01
6.386332679188080874e+02
-3.285768747216059182e+01
2.415893826937031463e+03
-5.766875169379177350e+03
-6.185459307173840671e+01
2.953967762459948062e+03
-8.986290575914970759e+03
-2.157143577976204440e+01
9.812158224673428322e+02
-3.239566489593028564e+03
-7.019322307876353639e-02
-1.626774101751288226e-01
-1.872345103212226247e-01
1.137830044400836682e+00
-2.834305184447471593e+00
-1.714542429663750700e-01
1.720203169646560726e+00
-4.538144646550035688e+00
-4.997124261531882272e-02
6.062021416283674968e-01
-1.682972664448662004e+00
9.599113481953473581e+00
-3.969091508333336833e+02
1.620180898333020636e+01
-1.575926938346135330e+03
3.598988261108328516e+03
2.709243034323937138e+01
-1.785717863818494834e+03
5.154522499195433738e+03
1.117584550004640143e+01
-5.778422225997239821e+02
1.808597817276134037e+03
-2.989528210288251373e-02
1.401968195515293170e+00
-7.355950820065217111e-02
8.337422198079975644e-01
2.240015221708751558e-01
-5.520297199123336274e-02
5.667080146447368572e-01
7.186891412555475034e-01
-1.550746018870929194e-02
1.575036767258321535e-01
2.107683768230713961e-01
9.976708900271725744e-01
-7.884446295955395423e-03
-5.904716887871622188e-02
1.395837464962056629e+00
-4.516703564734143583e+00
-5.585340133195577234e-02
1.751660862435031607e+00
-5.990227466746679497e+00
-1.794532339661617307e-02
5.965137921130388987e-01
-2.060872452457604531e+00
1.600000000000000000e+01
1.045935322727110872e+01
3.931911776254543838e+03
-1.739567508713786447e+04
3.132378542106491750e+03
3.439652007528310642e+05
-1.216265784661501180e+06
-7.070263634360229480e+04
1.383662702163957525e+06
-3.966672275300165638e+06
-6.001233879851712845e+04
8.036653407166745747e+05
-2.091487476012761937e+06
-4.010504756073612953e+04
1.122540553506960714e+05
2.356170441075373674e+04
-3.476420800630753860e+06
1.137508305330858566e+07
7.542418194027747959e+05
-1.308497029937134311e+07
3.644716208651216328e+07
5.962867178930683294e+05
-7.427512384253969416e+06
1.892851315226314589e+07
8.320889451137965079e+04
-1.912368535888203769e+05
-2.109167896168029984e+05
8.717250202755440027e+06
-2.691702181605980918e+07
-1.988996702639276395e+06
3.089493883008408919e+07
-8.389127517429882288e+07
-1.453515486684431555e+06
1.706012029744619504e+07
-4.275542071755927056e+07
8.150329069168233964e-01
2.574875687120600887e+00
1.160863481770965766e+00
-2.362936095600064235e+00
6.770714086692851907e+00
7.571860690987484155e-01
-2.725346662054727531e+00
7.114618592657228291e+00
1.766837155889075528e-01
-7.979177093849046942e-01
2.116154223917928068e+00
6.927163845122706262e-03
3.020382801508978907e-02
6.308271837584882372e-03
-1.207234886918722577e-01
2.627341181746190579e-01
3.415072862940674546e-03
-1.078139023884701897e-01
2.709617038604886785e-01
7.374259749693687967e-04
-2.749416064178429944e-02
7.331825183323108230e-02
1.010308981898914826e+00
8.993121945429970393e-04
2.839519206129760831e-01
-4.049630925888088484e+00
1.320811862686807103e+01
1.039622865029383170e-01
-7.025542137962398570e+00
2.478355178673664838e+01
3.093208994232139741e-02
-2.692297147928338852e+00
9.609674360213194433e+00
1.308250919487707220e+00
-5.537729350714733212e-03
-6.782947499048276596e-02
-6.689895896105133577e-01
3.403112524503079328e+00
-5.296551295987596275e-02
-9.923598497391792339e-01
4.820784874189839364e+00
-6.134145238065317161e-03
-3.842970613482643016e-01
1.756153954677770690e+00
2.096551999295542828e+03
1.463749316826155336e+03
1.312549328609852182e+03
1.830733001708211668e+04
-4.353414407461069641e+04
-8.332889543511114425e+02
3.204731997183186832e+04
-1.086094503752085875e+05
4.522513639811220401e+02
8.353439546391713520e+03
-4.453132500373219955e+04
-1.011381716919758765e+04
-4.463479340159975254e+04
-6.541601929590548025e+03
-2.668625303974607959e+05
6.863513491083240369e+05
3.405851422327221371e+03
-4.376638874413441517e+05
1.631933830967891729e+06
-7.464403300540996497e+03
-1.145629770583848294e+05
6.745284657982016215e+05
2.293486908229601613e+04
2.309169939773312944e+05
1.495996515978687057e+04
1.194691622633076971e+06
-3.104270497804814484e+06
-3.038060694463768414e+03
1.871674121572401607e+06
-7.305527186702174135e+06
4.270348051299529470e+04
4.675855534078183700e+05
-3.064245836706505623e+06
-1.462144731630709612e+04
-3.778490662649004953e+05
-9.608905733249051991e+03
-1.710580546074561775e+06
4.332701657959570177e+06
-2.236414294121738203e+04
-2.501553789349907078e+06
1.027884492776148021e+07
-8.542052925868915918e+04
-5.700308443276798353e+05
4.396821711666411720e+06
9.789747327985583070e+01
-4.265973087748922410e+01
1.534842103790491308e+02
-1.417062076076895437e+03
2.752861414366502686e+03
1.387406469558648894e+02
-1.433658507513588120e+03
2.857741895243075760e+03
4.102510946737612585e+01
-4.236807379746389870e+02
8.503594335657172678e+02
-3.281681359588052960e+00
-9.048609876617300429e+00
-1.241763812589553240e+01
5.543008084663789248e+01
-1.060835639508166253e+02
-1.195969389600834631e+01
7.682342301008428365e+01
-1.553215938779131591e+02
-3.411559990175879076e+00
2.557618302422940815e+01
-5.440408332546440562e+01
-2.516101782353083737e-05
1.975108896143935150e-05
-1.836461862625521178e-05
2.188630427088593592e-05
8.250191623698115758e-05
7.155574439855937665e-06
-5.578647472706923030e-05
1.914088630691231216e-04
5.448916952670809561e-06
-3.220171179422027065e-05
7.974426745367353458e-05
4.331514709695348131e+01
6.386332679188080874e+02
-3.285768747216059182e+01
2.415893826937031463e+03
-5.766875169379177350e+03
-6.185459307173840671e+01
2.953967762459948062e+03
-8.986290575914970759e+03
-2.157143577976204440e+01
9.812158224673428322e+02
-3.239566489593028564e+03
-7.019230908490944887e-02
-1.626756303311428509e-01
-1.872340381473346083e-01
1.137795148522871891e+00
-2.834358916833694231e+00
-1.714599969952901870e-01
1.720207986392194188e+00
-4.538109619728406763e+00
-4.997021850467209952e-02
6.062092415314744853e-01
-1.682967994909281728e+00
9.599141215888877809e+00
-3.968964753491091528e+02
1.620178184776183983e+01
-1.576007653109212242e+03
3.598899486121748396e+03
2.709242095035036257e+01
-1.785687869150801362e+03
5.154559715356712331e+03
1.117586134401955711e+01
-5.778394244063831593e+02
1.808606447689769766e+03
-2.989531848414030482e-02
1.401947215585526374e+00
-7.355942927638824125e-02
8.337451626994191178e-01
2.240015660237609507e-01
-5.520297073097046869e-02
5.667076721775281545e-01
7.186890827815232141e-01
-1.550746381679554177e-02
1.575036400112106438e-01
2.107683550469915401e-01
9.976910823643341253e-01
-7.884445996307758858e-03
-5.904718761996292919e-02
1.395835228410774009e+00
-4.516707754128189478e+00
-5.585340512151361347e-02
1.751659355230051007e+00
-5.990234685149322225e+00
-1.794532128403384871e-02
5.965144393542737289e-01
-2.060870143650429753e+00
1.600000000000000000e+01
1.033298880799340225e+01
