3.931897989719669567e+03
-1.739575870681280503e+04
3.132375545898834844e+03
3.439658609236137709e+05
-1.216256581998199690e+06
-7.069800600428853068e+04
1.383907177859704942e+06
-3.966276189097944647e+06
-6.001752423652596190e+04
8.035151181825734675e+05
-2.091710365941657918e+06
-4.010547653771656769e+04
1.122530169706700981e+05
2.356169606583616769e+04
-3.476180699403351173e+06
1.137593670849481970e+07
7.543131127166453516e+05
-1.308476044625267945e+07
3.644458485392813385e+07
5.962266124722879613e+05
-7.427790114356440492e+06
1.892897751404034346e+07
8.320835471266537206e+04
-1.912377264145924128e+05
-2.109162454782992136e+05
8.717975083525680006e+06
-2.691494242066955194e+07
-1.988980652736272197e+06
3.088802996015456319e+07
-8.390870279256162047e+07
-1.453503195344649721e+06
1.706352899082216620e+07
-4.274865973112091422e+07
8.149838730507784623e-01
2.574755351745465770e+00
1.161019803549678597e+00
-2.362777178555153679e+00
6.771038707057573269e+00
7.570782938606833712e-01
-2.725689689043247377e+00
7.114038039714996486e+00
1.766934149293478973e-01
-7.978690983168182926e-01
2.116239150200515340e+00
6.927402739328343377e-03
3.020474290328910988e-02
6.308024337706170936e-03
-1.207413066113113831e-01
2.627159890578132373e-01
3.415177364719879441e-03
-1.077933861118837433e-01
2.709896696689174656e-01
7.374185938559282925e-04
-2.749621038376280982e-02
7.331507891357019746e-02
1.010344404799476958e+00
8.993122007234547691e-04
2.839491168044590008e-01
-4.049752962958004687e+00
1.320782817266536568e+01
1.039627848680542560e-01
-7.025059158961947325e+00
2.478489237013047486e+01
3.093202475605891927e-02
-2.692402389685166320e+00
9.609374464684982797e+00
1.308161560703610560e+00
-5.537729694807678321e-03
-6.782917938621006726e-02
-6.689834970767116751e-01
3.403147966134083102e+00
-5.296577374411866324e-02
-9.923793203111361816e-01
4.820681208409586915e+00
-6.134139870393713091e-03
-3.842925330869636502e-01
1.756175442198598446e+00
2.096551999295542828e+03
1.463749316826155336e+03
1.312549328609852182e+03
1.830733001708211668e+04
-4.353414407461069641e+04
-8.332889543511114425e+02
3.204731997183186832e+04
-1.086094503752085875e+05
4.522513639811220401e+02
8.353439546391713520e+03
-4.453132500373219955e+04
-1.011405647262115599e+04
-4.463101109458185238e+04
-6.541308761668721672e+03
-2.669592341930750408e+05
6.863283229317984078e+05
3.405637218767968534e+03
-4.375077208209015080e+05
1.631817130734469742e+06
-7.462648563007645862e+03
-1.145852517715331924e+05
6.744024689098675735e+05
2.293365827343649653e+04
2.309600081497950596e+05
1.496108397418369532e+04
1.194018134231814183e+06
-3.104223969305276405e+06
-3.038166617199258781e+03
1.872032284909359179e+06
-7.309145012085539289e+06
4.273822871475410648e+04
4.675020186166010099e+05
-3.064853498512499034e+06
-1.462171522218356949e+04
-3.778128579387104255e+05
-9.608682631509725979e+03
-1.710892525721405633e+06
4.332924601416520774e+06
-2.236668326226652789e+04
-2.501971638637746684e+06
1.027449590225954168e+07
-8.536030079034245864e+04
-5.700253441737515386e+05
4.396844346849776804e+06
9.789747327985583070e+01
-4.265973087748922410e+01
1.534842103790491308e+02
-1.417062076076895437e+03
2.752861414366502686e+03
1.387406469558648894e+02
-1.433658507513588120e+03
2.857741895243075760e+03
4.102510946737612585e+01
-4.236807379746389870e+02
8.503594335657172678e+02
-3.282701958759533856e+00
-9.051384468245865733e+00
-1.241544974225804232e+01
5.547164477097869906e+01
-1.060510993896633494e+02
-1.195304455369065799e+01
7.680704618365417957e+01
-1.553317294809839382e+02
-3.412926159239326296e+00
2.557237756995253619e+01
-5.440803670774046452e+01
-2.515642981879956500e-05
1.975025694220132650e-05
-1.837067146929591507e-05
2.188631704131197269e-05
8.250240316860032888e-05
7.157371250566708209e-06
-5.578000011227068460e-05
1.914208288407217846e-04
5.447166261464216858e-06
-3.220610095021981872e-05
7.974016714984341050e-05
4.331514709695348131e+01
6.386332679188080874e+02
-3.285768747216059182e+01
2.415893826937031463e+03
-5.766875169379177350e+03
-6.185459307173840671e+01
2.953967762459948062e+03
-8.986290575914970759e+03
-2.157143577976204440e+01
9.812158224673428322e+02
-3.239566489593028564e+03
-7.020209449091723009e-02
-1.626979845068708408e-01
-1.872514685185499017e-01
1.138313650449944925e+00
-2.833419630443004600e+00
-1.713795568684061688e-01
1.719754933811952657e+00
-4.539717148261272150e+00
-4.998343735754870454e-02
6.062072055948308780e-01
-1.682769616644546051e+00
9.598807238347900395e+00
-3.970543859555743325e+02
1.620212618951781280e+01
-1.574828698671703705e+03
3.600341084383109319e+03
2.709242965907546719e+01
-1.786482357315139097e+03
5.152919378666510966e+03
1.117571013003389524e+01
-5.777999423177481049e+02
1.808730762932043035e+03
-2.989487384493607139e-02
1.402210644858373767e+00
-7.356049468633846233e-02
8.337006542278661003e-01
2.240008282397391026e-01
-5.520287000117722609e-02
5.667186343606578358e-01
7.186931973380502603e-01
-1.550743735432574301e-02
1.575032277927718716e-01
2.107681571517622809e-01
9.974408278363099400e-01
-7.884449714907202852e-03
-5.904690119559103528e-02
1.395871239676408804e+00
-4.516631601676276198e+00
-5.585343136869692221e-02
1.751658003934360330e+00
-5.990208965347804337e+00
-1.794533652216119546e-02
5.965097794825992006e-01
-2.060887936797180409e+00
3.694845827362146229e-02
3.694845827362045615e-02
3.931915849157218418e+03
-1.739564404492586982e+04
3.132378120761029550e+03
3.439589503409038298e+05
-1.216293004285932984e+06
-7.070196656583341246e+04
1.383819258894570172e+06
-3.966235444486521184e+06
-6.001362113124820462e+04
8.035712638405145844e+05
-2.091691213954937877e+06
-4.010498978655674728e+04
1.122542865100019262e+05
2.356172642442531651e+04
-3.476426120778829791e+06
1.137490568083725311e+07
7.542156183177682105e+05
-1.308499829008284025e+07
3.644939747594500333e+07
5.963012806539480807e+05
-7.427646385259055533e+06
1.892746464688965306e+07
8.320890549354629184e+04
-1.912367504465644597e+05
-2.109158000694139337e+05
8.717474592184673995e+06
-2.691671373688450456e+07
-1.989119041926100850e+06
3.089019719904167950e+07
-8.389709955528247356e+07
-1.453427152871275321e+06
1.706230498550171778e+07
-4.275298668069434166e+07
8.149974750767785547e-01
2.574792885077384241e+00
1.160974831209715008e+00
-2.362827072256247884e+00
6.770932071298251920e+00
7.571113095916816027e-01
-2.725577875996557431e+00
7.114233072484991816e+00
1.766902940641889019e-01
-7.978854421508444483e-01
2.116210020485075560e+00
6.927264228675495024e-03
3.020417104548284160e-02
6.308133965202812263e-03
-1.207329729400212215e-01
2.627245399377365898e-01
3.415135077938331702e-03
-1.078020515226409820e-01
2.709778141319683642e-01
7.374214954622519951e-04
-2.749537466110188802e-02
7.331637495474419008e-02
1.010316834225004623e+00
8.993121957638381759e-04
2.839506621920009355e-01
-4.049684369054973310e+00
1.320798998675673630e+01
1.039625502313102079e-01
-7.025288822005132161e+00
2.478426443985734551e+01
3.093205352245012932e-02
-2.692355749787120889e+00
9.609505109171475823e+00
1.308216523363051831e+00
-5.537729476115588710e-03
-6.782931689305848888e-02
-6.689863835279840076e-01
3.403131329318278553e+00
-5.296566386880671717e-02
-9.923710109472814178e-01
4.820724979030990731e+00
-6.134142054418163965e-03
-3.842943943473635660e-01
1.756166702780194377e+00
2.096551999295542828e+03
1.463749316826155336e+03
1.312549328609852182e+03
1.830733001708211668e+04
-4.353414407461069641e+04
-8.332889543511114425e+02
3.204731997183186832e+04
-1.086094503752085875e+05
4.522513639811220401e+02
8.353439546391713520e+03
-4.453132500373219955e+04
-1.010934759784035850e+04
-4.463345836186140514e+04
-6.542114037399936024e+03
-2.668472600474413484e+05
6.864407024731420679e+05
3.405889833369428743e+03
-4.376103986520047183e+05
1.631961265105426311e+06
-7.464884295684176323e+03
-1.145817502724170481e+05
6.744755796368339797e+05
2.294601672646625957e+04
2.309305907383735466e+05
1.495882828392706142e+04
1.194984719984551659e+06
-3.103254111762764398e+06
-3.038057596857354838e+03
1.871698807811915409e+06
-7.305905802713014185e+06
4.269906753812528041e+04
4.674680030775212217e+05
-3.064666894117932767e+06
-1.461979415770909691e+04
-3.778394105528723449e+05
-9.609053031848430692e+03
-1.710254912865562364e+06
4.333514675052213483e+06
-2.236430690667618910e+04
-2.501823189419196453e+06
1.027811801903377846e+07
-8.542237964903750981e+04
-5.700767089191784617e+05
4.396584545164152049e+06
9.789747327985583070e+01
-4.265973087748922410e+01
1.534842103790491308e+02
-1.417062076076895437e+03
2.752861414366502686e+03
1.387406469558648894e+02
-1.433658507513588120e+03
2.857741895243075760e+03
4.102510946737612585e+01
-4.236807379746389870e+02
8.503594335657172678e+02
-3.281723402386620414e+00
-9.045835618810833978e+00
-1.241901532567563926e+01
5.540054815096345209e+01
-1.061044250084575822e+02
-1.195483253207786234e+01
7.683107378468083937e+01
-1.553446553967684451e+02
-3.411922566527818557e+00
2.558069338222233924e+01
-5.439476489781526425e+01
-2.516874931745623838e-05
1.975279394005723194e-05
-1.836710999946321462e-05
2.188516448947030779e-05
8.249928437974208292e-05
7.156480157795523944e-06
-5.578275173313966719e-05
1.914048102304274272e-04
5.448342289302026095e-06
-3.220124186313597000e-05
7.974794863250190462e-05
4.331514709695348131e+01
6.386332679188080874e+02
-3.285768747216059182e+01
2.415893826937031463e+03
-5.766875169379177350e+03
-6.185459307173840671e+01
2.953967762459948062e+03
-8.986290575914970759e+03
-2.157143577976204440e+01
9.812158224673428322e+02
-3.239566489593028564e+03
-7.018842810042659475e-02
-1.626647431363022756e-01
-1.872778211328690878e-01
1.137613291295560769e+00
-2.834369194314189322e+00
-1.714216934117786806e-01
1.720093416731455438e+00
-4.539103939730504855e+00
-4.997203745156147264e-02
6.063072754065169656e-01
-1.682684649769689900e+00
9.599232552683451658e+00
-3.968145437903307879e+02
1.620165747894861497e+01
-1.576288365641781184e+03
3.598746269393441708e+03
2.709274031732079280e+01
-1.785787948966023123e+03
5.153823095320303764e+03
1.117584954739275638e+01
-5.777827975119477060e+02
1.808798932831947923e+03
-2.989541846062665140e-02
1.401817773321614613e+00
-7.355918498141904294e-02
8.337548358443819252e-01
2.240016478742136441e-01
-5.520309834829693202e-02
5.667088962227299076e-01
7.186907406505381735e-01
-1.550746345368166253e-02
1.575031395180460925e-01
2.107680520260831469e-01
9.978341881413115289e-01
-7.884443300916983699e-03
-5.904723023076489247e-02
1.395826054195049570e+00
-4.516724446664524883e+00
-5.585343037903362645e-02
1.751649853891892983e+00
-5.990274982631846434e+00
-1.794531565824047936e-02
5.965167461189042619e-01
-2.060862345802693785e+00
3.694845827362146229e-02
2.398097363144822275e-02
3.931934713345526234e+03
-1.739554304033649532e+04
3.132377620800145905e+03
3.439531885432843119e+05
-1.216311173008140409e+06
-7.070318336160561012e+04
1.383756801972747548e+06
-3.966366938790109940e+06
-6.001272616274653410e+04
8.036052894040320534e+05
-2.091620165496940957e+06
-4.010449020032733824e+04
1.122553852056336327e+05
2.356171853721143998e+04
-3.476608909579408355e+06
1.137436665579380840e+07
7.541884607340842485e+05
-1.308535102866668813e+07
3.644918697590530664e+07
5.963094765828601085e+05
-7.427629029092065990e+06
1.892759951018193737e+07
8.320945673959776468e+04
-1.912359173393340025e+05
-2.109160220593166305e+05
8.717120208726884797e+06
-2.691767980943757296e+07
-1.989147801740017952e+06
3.089133873592106998e+07
-8.389380487452046573e+07
-1.453439150554933818e+06
1.706132832899780944e+07
-4.275454295958290994e+07
8.150074494427361760e-01
2.574822773881362270e+00
1.160941148956190716e+00
-2.362866633143720474e+00
6.770844734619516636e+00
7.571367824460792928e-01
-2.725488192501541729e+00
7.114393286441252684e+00
1.766878347814885564e-01
-7.978986888835231106e-01
2.116185970183057652e+00
6.927125889161930838e-03
3.020361422366411863e-02
6.308246283445311485e-03
-1.207247090960464619e-01
2.627328384346585000e-01
3.415091256938692418e-03
-1.078107493075420587e-01
2.709661655470844144e-01
7.374245109139319085e-04
-2.749453121863401281e-02
7.331765772003567827e-02
1.010289923571481063e+00
8.993121909820340999e-04
2.839522234918737120e-01
-4.049616424994368025e+00
1.320814815634409278e+01
1.039623060791206727e-01
-7.025523098375507480e+00
2.478363244200877702e+01
3.093208395698849450e-02
-2.692307253533134936e+00
9.609639373845293875e+00
1.308270087454080022e+00
-5.537729266708845896e-03
-6.782945297221697201e-02
-6.689891716697593527e-01
3.403115515709154604e+00
-5.296555413874395879e-02
-9.923629112408101083e-01
4.820766960903724474e+00
-6.134144242404879384e-03
-3.842962178494122583e-01
1.756158266688519598e+00
2.096551999295542828e+03
1.463749316826155336e+03
1.312549328609852182e+03
1.830733001708211668e+04
-4.353414407461069641e+04
-8.332889543511114425e+02
3.204731997183186832e+04
-1.086094503752085875e+05
4.522513639811220401e+02
8.353439546391713520e+03
-4.453132500373219955e+04
-1.010462638080139186e+04
-4.463269621535101032e+04
-6.542732825932452215e+03
-2.667990549239278189e+05
6.864448493069385877e+05
3.406016101811088902e+03
-4.377016754063760745e+05
1.632236543114117114e+06
-7.465958557748653220e+03
-1.145629142672148591e+05
6.746450529341073707e+05
2.295839385713546289e+04
2.309436152687246213e+05
1.495707316073724542e+04
1.195342740102182608e+06
-3.103349598114635795e+06
-3.037999681726402741e+03
1.871354551432037726e+06
-7.301737342639398761e+06
4.267920453403478314e+04
4.675727466463851160e+05
-3.063377181906343438e+06
-1.461787203556483473e+04
-3.778237959639682085e+05
-9.609344046094674923e+03
-1.710065640798935434e+06
4.333353357352470979e+06
-2.236298651446178337e+04
-2.501753677726635244e+06
1.028216480227728188e+07
-8.545519606976631621e+04
-5.700448315109232208e+05
4.397254560684422031e+06
9.789747327985583070e+01
-4.265973087748922410e+01
1.534842103790491308e+02
-1.417062076076895437e+03
2.752861414366502686e+03
1.387406469558648894e+02
-1.433658507513588120e+03
2.857741895243075760e+03
4.102510946737612585e+01
-4.236807379746389870e+02
8.503594335657172678e+02
-3.281571497872357135e+00
-9.041944940666628128e+00
-1.241793578109792229e+01
5.535868625792002007e+01
-1.061334604486791022e+02
-1.195680289472417179e+01
7.683446426704666976e+01
-1.553756990904291229e+02
-3.411259565440743824e+00
2.558746989321445398e+01
-5.438333124769928162e+01
-2.518665358596079652e-05
1.975417709989760393e-05
-1.836322347399048954e-05
2.188461367525438710e-05
8.249825354372844726e-05
7.155894604264291089e-06
-5.578540784036386591e-05
1.913882770153072226e-04
5.449074600573400045e-06
-3.219803548019645049e-05
7.975357971807852102e-05
4.331514709695348131e+01
6.386332679188080874e+02
-3.285768747216059182e+01
2.415893826937031463e+03
-5.766875169379177350e+03
-6.185459307173840671e+01
2.953967762459948062e+03
-8.986290575914970759e+03
-2.157143577976204440e+01
9.812158224673428322e+02
-3.239566489593028564e+03
-7.017956592447270603e-02
-1.626398987468094248e-01
-1.872950280091145447e-01
1.137158879657307331e+00
-2.834918695879462991e+00
-1.714546019488203676e-01
1.720091889588476697e+00
-4.539239243674784596e+00
-4.996310291133048559e-02
6.064233528408848883e-01
-1.682528789826233995e+00
9.599533314697662689e+00
-3.966290796935053891e+02
1.620136432574912888e+01
-1.577255485260429168e+03
3.597754069361663369e+03
2.709282743185504572e+01
-1.785525170962929906e+03
5.153854424467299395e+03
1.117598756094131573e+01
-5.777346115953298522e+02
1.808947193150502926e+03
-2.989579723386496038e-02
1.401515941633008300e+00
-7.355840521322974668e-02
8.337900379419228569e-01
2.240021507717421534e-01
-5.520315967764648224e-02
5.667054778829473394e-01
7.186906897185192378e-01
-1.550749463740502994e-02
1.575026703106505166e-01
2.107677777584352763e-01
9.981369509577875387e-01
-7.884438196275999483e-03
-5.904740981813799694e-02
1.395799525912954753e+00
-4.516774206216167542e+00
-5.585350000785756913e-02
1.751627216200271064e+00
-5.990374425717471141e+00
-1.794529215066647046e-02
5.965241330038142387e-01
-2.060836590272089541e+00
3.694845827362146229e-02
2.232559004679033482e-02
3.931952559013120208e+03
-1.739544810830953429e+04
3.132376838300273448e+03
3.439476837980638375e+05
-1.216327041351491585e+06
-7.070388415682867344e+04
1.383714128529317211e+06
-3.966485538267749827e+06
-6.001251633928600495e+04
8.036235591465985635e+05
-2.091564007958768401e+06
-4.010402713812842558e+04
1.122564035577470349e+05
2.356171088856786446e+04
-3.476764016714579891e+06
1.137393083832255937e+07
7.541696957600426394e+05
-1.308570727460051700e+07
3.644842822784613818e+07
5.963069197275125189e+05
-7.427720922822623514e+06
1.892778222391619161e+07
8.320995892912409909e+04
-1.912351537089734047e+05
-2.109161625006906106e+05
8.716839238849483430e+06
-2.691843499965403602e+07
-1.989171868537998060e+06
3.089191677735677361e+07
-8.389221254387372732e+07
-1.453458864983531646e+06
1.706047726766635850e+07
-4.275563469686948508e+07
8.150144714074266661e-01
2.574846528783536037e+00
1.160916376696078611e+00
-2.362898158836829410e+00
6.770772374935186910e+00
7.571563969861655474e-01
-2.725415454126610904e+00
7.114526918438522252e+00
1.766858838404280208e-01
-7.979095870423010828e-01
2.116165759438598748e+00
6.926989665068600602e-03
3.020306776388615930e-02
6.308357722469790270e-03
-1.207165422574988656e-01
2.627410179482997377e-01
3.415047582684146640e-03
-1.078193878018956914e-01
2.709546227215975933e-01
7.374275223883002862e-04
-2.749369144274295407e-02
7.331893243330761534e-02
1.010263344999296153e+00
8.993121862654974768e-04
2.839537967264281204e-01
-4.049548020238854740e+00
1.320830736389323334e+01
1.039620561586789699e-01
-7.025763085224071780e+00
2.478298427652927671e+01
3.093211538473550348e-02
-2.692257085469382361e+00
9.609778544110787024e+00
1.308322451246567653e+00
-5.537729062516342712e-03
-6.782958649384758509e-02
-6.689918976835879105e-01
3.403100092447095992e+00
-5.296544614374425891e-02
-9.923549672878010375e-01
4.820808038587655275e+00
-6.134146398787980979e-03
-3.842980092979463858e-01
1.756149996431988214e+00
2.096551999295542828e+03
1.463749316826155336e+03
1.312549328609852182e+03
1.830733001708211668e+04
-4.353414407461069641e+04
-8.332889543511114425e+02
3.204731997183186832e+04
-1.086094503752085875e+05
4.522513639811220401e+02
8.353439546391713520e+03
-4.453132500373219955e+04
-1.010050531772204340e+04
-4.463202086072925158e+04
-6.543156712859984509e+03
-2.667520096864798688e+05
6.864474301090413937e+05
3.406095842158269988e+03
-4.377656411612809752e+05
1.632502688479958801e+06
-7.466829735643933418e+03
-1.145496489268651203e+05
6.748020369262263412e+05
2.296919695015010075e+04
2.309548667767039151e+05
1.495585192507480133e+04
1.195720420331471600e+06
-3.103422163017180748e+06
-3.037961886056073581e+03
1.871132403371300315e+06
-7.298038235035696998e+06
4.266317875214539526e+04
4.676441629543870222e+05
-3.062104025869703852e+06
-1.461619447901227795e+04
-3.778105163518367335e+05
-9.609548931720410110e+03
-1.709839072803860065e+06
4.333234878345322795e+06
-2.236210578550751234e+04
-2.501681489848467987e+06
1.028560499583114870e+07
-8.548156093468783365e+04
-5.700248206804945366e+05
4.397992121299005114e+06
9.789747327985583070e+01
-4.265973087748922410e+01
1.534842103790491308e+02
-1.417062076076895437e+03
2.752861414366502686e+03
1.387406469558648894e+02
-1.433658507513588120e+03
2.857741895243075760e+03
4.102510946737612585e+01
-4.236807379746389870e+02
8.503594335657172678e+02
-3.281660883178336707e+00
-9.038762659924795884e+00
-1.241668517978317254e+01
5.532522825717979487e+01
-1.061547299170097887e+02
-1.195717625993692224e+01
7.684040870407442014e+01
-1.554034977941100237e+02
-3.410878322541250007e+00
2.559206559452999485e+01
-5.437452443511871536e+01
-2.520413857869518851e-05
1.975522474690238650e-05
-1.836046646674778347e-05
2.188408430065279182e-05
8.249746746744289472e-05
7.155606905229229667e-06
-5.578638750352817092e-05
1.913760813141389535e-04
5.449533414935344137e-06
-3.219607546809710502e-05
7.975738574753465210e-05
4.331514709695348131e+01
6.386332679188080874e+02
-3.285768747216059182e+01
2.415893826937031463e+03
-5.766875169379177350e+03
-6.185459307173840671e+01
2.953967762459948062e+03
-8.986290575914970759e+03
-2.157143577976204440e+01
9.812158224673428322e+02
-3.239566489593028564e+03
-7.017200350071059467e-02
-1.626188064879647843e-01
-1.873151524483857022e-01
1.136791239563097022e+00
-2.835311308111632123e+00
-1.714768337318723912e-01
1.720023237529721971e+00
-4.539579917104536122e+00
-4.995591499646400563e-02
6.065324470363130382e-01
-1.682367936778284001e+00
9.599780801952828568e+00
-3.964710578667973095e+02
1.620112508804854556e+01
-1.578015682306921235e+03
3.597026053614747070e+03
2.709290639757830732e+01
-1.785398061570403797e+03
5.153605540379830927e+03
1.117610533019372454e+01
-5.776820238704329995e+02
1.809107511098201485e+03
-2.989610279408102742e-02
1.401260683427186127e+00
-7.355780553605466288e-02
8.338170617771538673e-01
2.240025121255865559e-01
-5.520319171801790770e-02
5.667041946204324221e-01
7.186914560463300017e-01
-1.550752344157724921e-02
1.575021197185871302e-01
2.107674688358962545e-01
9.983901283568700213e-01
-7.884433840130872576e-03
-5.904752044098291602e-02
1.395781967550544733e+00
-4.516803203863738680e+00
-5.585359232680691538e-02
1.751600231513244843e+00
-5.990481811639984500e+00
-1.794526916755758914e-02
5.965311934000211425e-01
-2.060812467470274800e+00
3.694845827362146229e-02
2.113346397718731534e-02
3.931969634659993517e+03
-1.739535644884295471e+04
3.132375982859872238e+03
3.439420763839441934e+05
-1.216343073198130587e+06
-7.070438008773443289e+04
1.383685276790134376e+06
-3.966581352095718496e+06
-6.001255974681236694e+04
8.036337259221072309e+05
-2.091519019035622478e+06
-4.010359073468807037e+04
1.122573771174318099e+05
2.356170498734825014e+04
-3.476908458446687553e+06
1.137352401339357346e+07
7.541526110667545581e+05
-1.308603917542718537e+07
3.644763501251339912e+07
5.963022011653978843e+05
-7.427838790734918788e+06
1.892796157209636644e+07
8.321042599965939007e+04
-1.912344295845308516e+05
-2.109162176648782915e+05
8.716593861213186756e+06
-2.691910860804679245e+07
-1.989199527405385859e+06
3.089217174316908419e+07
-8.389128021491448581e+07
-1.453476315092373872e+06
1.705976662197108194e+07
-4.275647250844907761e+07
8.150192601404490089e-01
2.574865687607765796e+00
1.160898240205575860e+00
-2.362923730168724035e+00
6.770711095810301394e+00
7.571716931894227898e-01
-2.725355169667465383e+00
7.114641026997346351e+00
1.766843051997996350e-01
-7.979187684587832896e-01
2.116148354612032101e+00
6.926855827868755311e-03
3.020253140202547315e-02
6.308467361505032400e-03
-1.207085188861119901e-01
2.627490450003696631e-01
3.415004590247502046e-03
-1.078278781886327919e-01
2.709432906658441054e-01
7.374304858934805805e-04
-2.749286638887546430e-02
7.332018336542202308e-02
1.010237068646458347e+00
8.993121816037770314e-04
2.839553702793854439e-01
-4.049479571591717786e+00
1.320846675160949246e+01
1.039618042565682299e-01
-7.026005289666300335e+00
2.478232929931214201e+01
3.093214716999188527e-02
-2.692206263334151473e+00
9.609919743870161568e+00
1.308373684145089255e+00
-5.537728862907110791e-03
-6.782971696392887939e-02
-6.689945571682210934e-01
3.403085063872081317e+00
-5.296534068748947471e-02
-9.923472242110239483e-01
4.820848024234223317e+00
-6.134148502535076777e-03
-3.842997537437296551e-01
1.756141953849296611e+00
2.096551999295542828e+03
1.463749316826155336e+03
1.312549328609852182e+03
1.830733001708211668e+04
-4.353414407461069641e+04
-8.332889543511114425e+02
3.204731997183186832e+04
-1.086094503752085875e+05
4.522513639811220401e+02
8.353439546391713520e+03
-4.453132500373219955e+04
-1.009683452345916339e+04
-4.463143808764471032e+04
-6.543441265945409214e+03
-2.667062213847777457e+05
6.864512154427792411e+05
3.406140218904444282e+03
-4.378104303010649746e+05
1.632752579237111146e+06
-7.467523372677695079e+03
-1.145403466070960276e+05
6.749474936741857091e+05
2.297882064636047289e+04
2.309644488912927627e+05
1.495501017972558475e+04
1.196106165032177232e+06
-3.103456551005817484e+06
-3.037939116323710550e+03
1.871002825658920920e+06
-7.294753458680180833e+06
4.265036146322354762e+04
4.676910660053417087e+05
-3.060874210526297800e+06
-1.461469998365513129e+04
-3.777993045292886673e+05
-9.609692887203420469e+03
-1.709591673157903133e+06
4.333161602324512787e+06
-2.236154885280828967e+04
-2.501598600122269709e+06
1.028856619775802456e+07
-8.550270644218240341e+04
-5.700141165378234582e+05
4.398750221045278944e+06
9.789747327985583070e+01
-4.265973087748922410e+01
1.534842103790491308e+02
-1.417062076076895437e+03
2.752861414366502686e+03
1.387406469558648894e+02
-1.433658507513588120e+03
2.857741895243075760e+03
4.102510946737612585e+01
-4.236807379746389870e+02
8.503594335657172678e+02
-3.281887905949196771e+00
-9.036052359247740640e+00
-1.241530274611259088e+01
5.529791013518615017e+01
-1.061704671640116686e+02
-1.195661092408737680e+01
7.684694353927112331e+01
-1.554294872171650184e+02
-3.410674053792381422e+00
2.559531341042315233e+01
-5.436746968003559033e+01
-2.522101057588101627e-05
1.975605354309793583e-05
-1.835845308634402999e-05
2.188358832331451783e-05
8.249688379364401305e-05
7.155506732054076065e-06
-5.578642067843942110e-05
1.913665818983553983e-04
5.449816917027361029e-06
-3.219487704453827590e-05
7.976002170855465403e-05
4.331514709695348131e+01
6.386332679188080874e+02
-3.285768747216059182e+01
2.415893826937031463e+03
-5.766875169379177350e+03
-6.185459307173840671e+01
2.953967762459948062e+03
-8.986290575914970759e+03
-2.157143577976204440e+01
9.812158224673428322e+02
-3.239566489593028564e+03
-7.016529601074403266e-02
-1.626003327346441651e-01
-1.873373227575068911e-01
1.136482241525129666e+00
-2.835601776489034886e+00
-1.714910128300067560e-01
1.719929065501130783e+00
-4.540013940480558396e+00
-4.995012001609827612e-02
6.066302428659325896e-01
-1.682217183116151871e+00
9.599992804272275748e+00
-3.963319999456331857e+02
1.620092211829205198e+01
-1.578635312668287952e+03
3.596474040024818805e+03
2.709298998764331046e+01
-1.785349156579688270e+03
5.153205747983260153e+03
1.117620375658790088e+01
-5.776303263954613385e+02
1.809265371278343991e+03
-2.989635966250297344e-02
1.401037527674560801e+00
-7.355732478310460232e-02
8.338386002533767494e-01
2.240027801429294863e-01
-5.520321139617315881e-02
5.667041256273364080e-01
7.186926582625673410e-01
-1.550754898973868631e-02
1.575015579745262517e-01
2.107671580030204272e-01
9.986087461719326264e-01
-7.884430012675467878e-03
-5.904758136517061079e-02
1.395770892947060027e+00
-4.516817275886809036e+00
-5.585370227034187202e-02
1.751569965461957201e+00
-5.990594944890305307e+00
-1.794524635731027662e-02
5.965380423799689913e-01
-2.060789518633499906e+00
3.694845827362146229e-02
2.021185728590980946e-02
3.931985993675913960e+03
-1.739526763603629297e+04
3.132375116793390134e+03
3.439364059631801210e+05
-1.216359354169417406e+06
-7.070475849861193274e+04
1.383665827035757247e+06
-3.966659626840355340e+06
-6.001273544836121437e+04
8.036391913810453843e+05
-2.091481099534095032e+06
-4.010317758111785952e+04
1.122583137936790299e+05
2.356170076153879199e+04
-3.477045927532101516e+06
1.137313259943719953e+07
7.541361902223476209e+05
-1.308634345739357732e+07
3.644688246630168706e+07
5.962968578093886608e+05
-7.427962311370853335e+06
1.892814116851122305e+07
8.321086356937058736e+04
-1.912337369713839726e+05
-2.109162061142140592e+05
8.716371656995495781e+06
-2.691973426475491002e+07
-1.989230257568608271e+06
3.089223517053189129e+07
-8.389068858097420633e+07
-1.453491141385435592e+06
1.705916154241552204e+07
-4.275714310887453705e+07
8.150223546600394720e-01
2.574881390166004369e+00
1.160885115100743548e+00
-2.362944815190227921e+00
6.770658160133986136e+00
7.571837446368760993e-01
-2.725304243554945050e+00
7.114740457525030592e+00
1.766830054073603717e-01
-7.979266628032527509e-01
2.116133055282795716e+00
6.926724693405860063e-03
3.020200623225822653e-02
6.308574662845720972e-03
-1.207006783424796059e-01
2.627568793944030645e-01
3.414962555155892730e-03
-1.078361635840042049e-01
2.709322487334693830e-01
7.374333797554048688e-04
-2.749206245298799547e-02
7.332140033155253034e-02
1.010211160318621015e+00
8.993121770079903895e-04
2.839569327113931063e-01
-4.049411593939758802e+00
1.320862506462936459e+01
1.039615531054432357e-01
-7.026246905958436706e+00
2.478167558838758922e+01
3.093217890027504316e-02
-2.692155497648015761e+00
9.610060865654080686e+00
1.308423732865259703e+00
-5.537728668039460130e-03
-6.782984398133069803e-02
-6.689971422713695270e-01
3.403070473859096001e+00
-5.296523823299512101e-02
-9.923397162273014382e-01
4.820886738388477255e+00
-6.134150542773299936e-03
-3.843014419790881098e-01
1.756134182337367955e+00
2.096551999295542828e+03
1.463749316826155336e+03
1.312549328609852182e+03
1.830733001708211668e+04
-4.353414407461069641e+04
-8.332889543511114425e+02
3.204731997183186832e+04
-1.086094503752085875e+05
4.522513639811220401e+02
8.353439546391713520e+03
-4.453132500373219955e+04
-1.009351033430152893e+04
-4.463093595278237626e+04
-6.543624578998450488e+03
-2.666619316517711850e+05
6.864570763720703544e+05
3.406157318648022283e+03
-4.378415196707719006e+05
1.632984181772510521e+06
-7.468062797763039271e+03
-1.145338710759430542e+05
6.750825457864841446e+05
2.298753703364744797e+04
2.309726324476983282e+05
1.495444281443343061e+04
1.196490997712663608e+06
-3.103451844257772435e+06
-3.037927761473225928e+03
1.870943457763521932e+06
-7.291825565220016055e+06
4.264024331725867523e+04
4.677200858833956299e+05
-3.059698854806887452e+06
-1.461334626137747910e+04
-3.777897890431869309e+05
-9.609792968160712917e+03
-1.709334997774299467e+06
4.333128847083228640e+06
-2.236123485564823932e+04
-2.501502819703815971e+06
1.029114432014403120e+07
-8.551957097700737359e+04
-5.700104775443185354e+05
4.399504026384689845e+06
9.789747327985583070e+01
-4.265973087748922410e+01
1.534842103790491308e+02
-1.417062076076895437e+03
2.752861414366502686e+03
1.387406469558648894e+02
-1.433658507513588120e+03
2.857741895243075760e+03
4.102510946737612585e+01
-4.236807379746389870e+02
8.503594335657172678e+02
-3.282183719557690171e+00
-9.033656455028696186e+00
-1.241385278660234803e+01
5.527507209911931341e+01
-1.061822455677414894e+02
-1.195549194616479305e+01
7.685322439044534804e+01
-1.554542956653051817e+02
-3.410582572638718446e+00
2.559769263345004120e+01
-5.436165029640113744e+01
-2.523712737890000909e-05
1.975674323458855746e-05
-1.835695311223741393e-05
2.188312568337953668e-05
8.249645525648607815e-05
7.155526406711411753e-06
-5.578591104497127029e-05
1.913588690851555463e-04
5.449986068270315514e-06
-3.219415942492907253e-05
7.976186971399949212e-05
4.331514709695348131e+01
6.386332679188080874e+02
-3.285768747216059182e+01
2.415893826937031463e+03
-5.766875169379177350e+03
-6.185459307173840671e+01
2.953967762459948062e+03
-8.986290575914970759e+03
-2.157143577976204440e+01
9.812158224673428322e+02
-3.239566489593028564e+03
-7.015918741171615902e-02
-1.625837539023959055e-01
-1.873604993369888672e-01
1.136215791411856024e+00
-2.835822984033967042e+00
-1.714995813589507423e-01
1.719825921122550838e+00
-4.540483211947903719e+00
-4.994537921471708247e-02
6.067163222004267054e-01
-1.682082642206452983e+00
9.600180653162528444e+00
-3.962064120972545425e+02
1.620074553865956801e+01
-1.579155268063979520e+03
3.596043397406348959e+03
2.709307756705461401e+01
-1.785347702708779480e+03
5.152726666847708657e+03
1.117628618338858004e+01
-5.775816621301756868e+02
1.809414169186847857e+03
-2.989658338026340151e-02
1.400837149979504703e+00
-7.355692823159849791e-02
8.338562966654845532e-01
2.240029843796183251e-01
-5.520322431208158492e-02
5.667047757797849528e-01
7.186940865010833512e-01
-1.550757147000002278e-02
1.575010161638052131e-01
2.107668606510444964e-01
9.988028318320683052e-01
-7.884426567296444130e-03
-5.904760583605302149e-02
1.395764608276497176e+00
-4.516820362690913804e+00
-5.585382594651504273e-02
1.751537205397169172e+00
-5.990712252799573534e+00
-1.794522355676104325e-02
5.965447446494909212e-01
-2.060767455394621805e+00
3.694845827362146229e-02
1.946537091914093270e-02
3.932001637518073949e+03
-1.739518167635146165e+04
3.132374279850876064e+03
3.439307643893979839e+05
-1.216375650449828012e+06
-7.070506207755320065e+04
1.383652655423252378e+06
-3.966725662949735299e+06
-6.001299010371538316e+04
8.036418177473712713e+05
-2.091447591896102997e+06
-4.010278636353932961e+04
1.122592156435846700e+05
2.356169815695518992e+04
-3.477177051644042600e+06
1.137275439507701248e+07
7.541201799923091894e+05
-1.308662432680734619e+07
3.644617718324750662e+07
5.962912519765031757e+05
-7.428085708329614252e+06
1.892832361944952980e+07
8.321127428029630391e+04
-1.912330729995148431e+05
-2.109161399718901957e+05
8.716167466341853142e+06
-2.692032418206784874e+07
-1.989263006276705069e+06
3.089218272749926150e+07
-8.389028894254103303e+07
-1.453504070262867259e+06
1.705862965024490654e+07
-4.275770203248926252e+07
8.150241306984146172e-01
2.574894423732582815e+00
1.160875887886249735e+00
-2.362962414298504399e+00
6.770611707127292433e+00
7.571932799532974379e-01
-2.725260583639079304e+00
7.114828479707764330e+00
1.766819214325377752e-01
-7.979335589453302457e-01
2.116119391085272028e+00
6.926596474485163975e-03
3.020149309013576283e-02
6.308679313157944217e-03
-1.206930452742724924e-01
2.627644948316029683e-01
3.414921628998503038e-03
-1.078442109551063510e-01
2.709215444946095896e-01
7.374361924105134712e-04
-2.749128319798987280e-02
7.332257751476495278e-02
1.010185675294458907e+00
8.993121724879265958e-04
2.839584761161894066e-01
-4.049344452140348771e+00
1.320878140044176874e+01
1.039613044674775333e-01
-7.026486091660812505e+00
2.478102850640646793e+01
3.093221031900477910e-02
-2.692105236748806973e+00
9.610200568076765038e+00
1.308472554385626374e+00
-5.537728478073026053e-03
-6.782996731073596963e-02
-6.689996479984672284e-01
3.403056351794166545e+00
-5.296513902595516299e-02
-9.923324625106499930e-01
4.820924077071568448e+00
-6.134152514031060259e-03
-3.843030691745931704e-01
1.756126705233157059e+00
2.096551999295542828e+03
1.463749316826155336e+03
1.312549328609852182e+03
1.830733001708211668e+04
-4.353414407461069641e+04
-8.332889543511114425e+02
3.204731997183186832e+04
-1.086094503752085875e+05
4.522513639811220401e+02
8.353439546391713520e+03
-4.453132500373219955e+04
-1.009045801046946508e+04
-4.463049541203390254e+04
-6.543733644765092322e+03
-2.666193277169406065e+05
6.864650864604631206e+05
3.406153299306442022e+03
-4.378627587055302574e+05
1.633197562871514587e+06
-7.468470756766558225e+03
-1.145294406996119797e+05
6.752081062967621256e+05
2.299554181637189322e+04
2.309797464008302777e+05
1.495407587410243832e+04
1.196868831963129807e+06
-3.103412433943721466e+06
-3.037925133512195771e+03
1.870936705580198904e+06
-7.289204034091262147e+06
4.263237507166755677e+04
4.677359392473132466e+05
-3.058583069189069793e+06
-1.461210295667865466e+04
-3.777815731160944561e+05
-9.609861104649457047e+03
-1.709076714086443186e+06
4.333129962989278138e+06
-2.236110463306966267e+04
-2.501395039391097613e+06
1.029341090534874983e+07
-8.553293301289968076e+04
-5.700121938488307642e+05
4.400239207554774359e+06
9.789747327985583070e+01
-4.265973087748922410e+01
1.534842103790491308e+02
-1.417062076076895437e+03
2.752861414366502686e+03
1.387406469558648894e+02
-1.433658507513588120e+03
2.857741895243075760e+03
4.102510946737612585e+01
-4.236807379746389870e+02
8.503594335657172678e+02
-3.282505560540510459e+00
-9.031473200800812506e+00
-1.241238362129669781e+01
5.525556410738617075e+01
-1.061911231675408374e+02
-1.195405182378957321e+01
7.685891517946576812e+01
-1.554782242536334991e+02
-3.410563834771602743e+00
2.559948478689923235e+01
-5.435674732943162724e+01
-2.525242322966354287e-05
1.975734521929396823e-05
-1.835581970371207570e-05
2.188269313153764093e-05
8.249614458044045187e-05
7.155623267997822977e-06
-5.578508632135413981e-05
1.913524137174179294e-04
5.450079636334909157e-06
-3.219375646052987841e-05
7.976316103073192293e-05
4.331514709695348131e+01
6.386332679188080874e+02
-3.285768747216059182e+01
2.415893826937031463e+03
-5.766875169379177350e+03
-6.185459307173840671e+01
2.953967762459948062e+03
-8.986290575914970759e+03
-2.157143577976204440e+01
9.812158224673428322e+02
-3.239566489593028564e+03
-7.015353105732385908e-02
-1.625686000794490660e-01
-1.873838013591449803e-01
1.135981911944538902e+00
-2.835995702307387845e+00
-1.715044589106965167e-01
1.719721031460491378e+00
-4.540955098008826241e+00
-4.994141982840523408e-02
6.067913728710367938e-01
-1.681966769555899299e+00
9.600351511478924849e+00
-3.960907271401770231e+02
1.620058955426149794e+01
-1.579601635473545457e+03
3.595699369962758738e+03
2.709316517965848803e+01
-1.785375923066593714e+03
5.152210038629344126e+03
1.117635599210501418e+01
-5.775369013280834452e+02
1.809550858943633330e+03
-2.989678376218292757e-02
1.400653515197443966e+00
-7.355659526684860117e-02
8.338711898537412015e-01
2.240031434742302263e-01
-5.520323197799133913e-02
5.667058601623985448e-01
7.186956196651335116e-01
-1.550759133243367199e-02
1.575005084786869347e-01
2.107665841471920709e-01
9.989789667883538504e-01
-7.884423407478106591e-03
-5.904760279719158123e-02
1.395761977371450913e+00
-4.516815077867430084e+00
-5.585396050463236478e-02
1.751502503498917118e+00
-5.990832701374674940e+00
-1.794520069300467244e-02
5.965513395996181467e-01
-2.060746080965498717e+00
3.694845827362146229e-02
1.884186958779174303e-02
3.932016570678162680e+03
-1.739509859184396555e+04
3.132373496613528459e+03
3.439252219137810753e+05
-1.216391761236299761e+06
-7.070531630787120957e+04
1.383643664443301503e+06
-3.966783259041150101e+06
-6.001329349010674923e+04
8.036427450512084179e+05
-2.091416801776931155e+06
-4.010241611812232441e+04
1.122600838180840510e+05
2.356169711698729589e+04
-3.477301963838885073e+06
1.137238907703704014e+07
7.541044832191902678e+05
-1.308688610698928498e+07
3.644551559610126168e+07
5.962855070266381372e+05
-7.428206717214660719e+06
1.892851002556903660e+07
8.321165998440147087e+04
-1.912324359388155281e+05
-2.109160276082760829e+05
8.715978375599607825e+06
-2.692088469885792956e+07
-1.989296967692771694e+06
3.089206126840074733e+07
-8.388999551522336900e+07
-1.453515743378804997e+06
1.705814795223841071e+07
-4.275818603705547750e+07
8.150248492263636457e-01
2.574905329243331042e+00
1.160869792338410145e+00
-2.362977211983409376e+00
6.770570466825856393e+00
7.572007971812056981e-01
-2.725222764605522485e+00
7.114907318079180421e+00
1.766810103760922124e-01
-7.979396530684184086e-01
2.116107042829956431e+00
6.926471273825351299e-03
3.020099238617834567e-02
6.308781152986113645e-03
-1.206856325301386701e-01
2.627718773989433654e-01
3.414881888494218989e-03
-1.078520032244923293e-01
2.709112028485101131e-01
7.374389180771941110e-04
-2.749053043715093958e-02
7.332371192469214205e-02
1.010160645957286274e+00
8.993121680493589183e-04
2.839599956390317370e-01
-4.049278371857060854e+00
1.320893519823562556e+01
1.039610594182339004e-01
-7.026721715600052320e+00
2.478039135792202075e+01
3.093224127123823247e-02
-2.692055752649794353e+00
9.610338034916981798e+00
1.308520134275026114e+00
-5.537728293061045491e-03
-6.783008685339474153e-02
-6.690020722024454525e-01
3.403042710516400504e+00
-5.296504316990047895e-02
-9.923254713160021279e-01
4.820959994924072234e+00
-6.134154414051629089e-03
-3.843046333037569706e-01
1.756119532429722074e+00
2.096551999295542828e+03
1.463749316826155336e+03
1.312549328609852182e+03
1.830733001708211668e+04
-4.353414407461069641e+04
-8.332889543511114425e+02
3.204731997183186832e+04
-1.086094503752085875e+05
4.522513639811220401e+02
8.353439546391713520e+03
-4.453132500373219955e+04
-1.008762333447414312e+04
-4.463009738052259490e+04
-6.543787785502830047e+03
-2.665785121686266502e+05
6.864749675978823798e+05
3.406132925813595648e+03
-4.378768993380698957e+05
1.633393693298242055e+06
-7.468768528537367274e+03
-1.145265146427786967e+05
6.753249608210033039e+05
2.300297674312825256e+04
2.309860982038824295e+05
1.495385675234240989e+04
1.197235856619390659e+06
-3.103344608492867090e+06
-3.037929193434460558e+03
1.870968843010820914e+06
-7.286846064577473328e+06
4.262636226879821334e+04
4.677419702420075191e+05
-3.057528383593524341e+06
-1.461094811038757689e+04
-3.777743011682418874e+05
-9.609905738344848942e+03
-1.708821726732063806e+06
4.333158052022980526e+06
-2.236111400368650720e+04
-2.501277377441852354e+06
1.029542026536376402e+07
-8.554344650963300955e+04
-5.700179957268831786e+05
4.400947706084653735e+06
9.789747327985583070e+01
-4.265973087748922410e+01
1.534842103790491308e+02
-1.417062076076895437e+03
2.752861414366502686e+03
1.387406469558648894e+02
-1.433658507513588120e+03
2.857741895243075760e+03
4.102510946737612585e+01
-4.236807379746389870e+02
8.503594335657172678e+02
-3.282827533586020863e+00
-9.029437303620040822e+00
-1.241092823727791483e+01
5.523859833684333154e+01
-1.061977999569321298e+02
-1.195243248378253575e+01
7.686390774624649680e+01
-1.555014493143714560e+02
-3.410592436252803061e+00
2.560086054854568260e+01
-5.435255287910894140e+01
-2.526688211620407840e-05
1.975789205672125380e-05
-1.835495683823720728e-05
2.188228691580336647e-05
8.249592565169514794e-05
7.155770009363103654e-06
-5.578407724004960872e-05
1.913468895073783791e-04
5.450122754538166492e-06
-3.219356736881956427e-05
7.976404155596794002e-05
4.331514709695348131e+01
6.386332679188080874e+02
-3.285768747216059182e+01
2.415893826937031463e+03
-5.766875169379177350e+03
-6.185459307173840671e+01
2.953967762459948062e+03
-8.986290575914970759e+03
-2.157143577976204440e+01
9.812158224673428322e+02
-3.239566489593028564e+03
-7.014823781196900809e-02
-1.625545576894373012e-01
-1.874065834804823083e-01
1.135774008403571900e+00
-2.836133450809041001e+00
-1.715070571382578679e-01
1.719617726665376267e+00
-4.541410890525950705e+00
-4.993803436601376711e-02
6.068563610527440977e-01
-1.681870253162164985e+00
9.600509981694260730e+00
-3.959825944483083049e+02
1.620045050505069284e+01
-1.579991587821320763e+03
3.595419399022152902e+03
2.709324884916179599e+01
-1.785423069736852085e+03
5.151680522716665109e+03
1.117641601875262580e+01
-5.774963267101326210e+02
1.809674230383561053e+03
-2.989696711587035843e-02
1.400482654293086382e+00
-7.355631287626568371e-02
8.338839574705353419e-01
2.240032694315839679e-01
-5.520323453519762613e-02
5.667072082925973531e-01
7.186971869709687377e-01
-1.550760903928236414e-02
1.575000408943248442e-01
2.107663316816407173e-01
9.991414836694523238e-01
-7.884420469403444556e-03
-5.904757831218342828e-02
1.395762235586705202e+00
-4.516803156238850647e+00
-5.585410388946901450e-02
1.751466237374525337e+00
-5.990955650187895998e+00
-1.794517773354133497e-02
5.965578539534414082e-01
-2.060725250199420433e+00
3.694845827362146229e-02
1.831020082421366824e-02
3.932030806977185875e+03
-1.739501836417316736e+04
3.132372781079498054e+03
3.439198235978053999e+05
-1.216407552105901763e+06
-7.070553730738893501e+04
1.383637466950259637e+06
-3.966834970515604131e+06
-6.001362679253526585e+04
8.036426979219781933e+05
-2.091387647178375162e+06
-4.010206590726711875e+04
1.122609194306204881e+05
2.356169757180136367e+04
-3.477420775523474906e+06
1.137203651338335685e+07
7.540890521647541318e+05
-1.308713210806247778e+07
3.644489350996375084e+07
5.962796819169543451e+05
-7.428324204995148815e+06
1.892870074281103909e+07
8.321202224682737142e+04
-1.912318243831664149e+05
-2.109158752178894647e+05
8.715802437490196899e+06
-2.692141983643044159e+07
-1.989331586738985730e+06
3.089190060612298921e+07
-8.388975506806311011e+07
-1.453526610572769539e+06
1.705770106260528043e+07
-4.275861943989060819e+07
8.150246944915028324e-01
2.574914483680607269e+00
1.160866292073332362e+00
-2.362989684218904429e+00
6.770533558933053087e+00
7.572066426421164564e-01
-2.725189799097873511e+00
7.114978511054689925e+00
1.766802425368834695e-01
-7.979450806772037108e-01
2.116095790267699783e+00
6.926349114867869604e-03
3.020050421030782972e-02
6.308880123495866528e-03
-1.206784449826112243e-01
2.627790217154082342e-01
3.414843363404289171e-03
-1.078595335896021801e-01
2.709012338792902708e-01
7.374415545225045500e-04
-2.748980488634568745e-02
7.332480236502694759e-02
1.010136086976855641e+00
8.993121636948995254e-04
2.839614885337233274e-01
-4.049213481451205077e+00
1.320908613763982764e+01
1.039608185811720098e-01
-7.026953119189097485e+00
2.477976607290591105e+01
3.093227166731170319e-02
-2.692007203281943983e+00
9.610472791186797537e+00
1.308566480490317652e+00
-5.537728112969350462e-03
-6.783020260306502069e-02
-6.690044147263954910e-01
3.403029551087824345e+00
-5.296495067786829991e-02
-9.923187437805310873e-01
4.820994485320184708e+00
-6.134156242558757785e-03
-3.843061340999369691e-01
1.756112665287933750e+00
2.096551999295542828e+03
1.463749316826155336e+03
1.312549328609852182e+03
1.830733001708211668e+04
-4.353414407461069641e+04
-8.332889543511114425e+02
3.204731997183186832e+04
-1.086094503752085875e+05
4.522513639811220401e+02
8.353439546391713520e+03
-4.453132500373219955e+04
-1.008496663094214637e+04
-4.462972539726479590e+04
-6.543800950160190951e+03
-2.665395172506786184e+05
6.864863125449552899e+05
3.406099903690179417e+03
-4.378859301703586825e+05
1.633573887843884295e+06
-7.468975123019575221e+03
-1.145247135371115583e+05
6.754338165003444301e+05
2.300994544744152881e+04
2.309919460258659092e+05
1.495374768029636289e+04
1.197589863349426072e+06
-3.103254910649117548e+06
-3.037938381242659034e+03
1.871029273979013087e+06
-7.284715868265643716e+06
4.262186624107114767e+04
4.677405712933993200e+05
-3.056534102225338574e+06
-1.460986567890957303e+04
-3.777676796946533141e+05
-9.609932902128599380e+03
-1.708573070519139757e+06
4.333206743275480345e+06
-2.236122960946442254e+04
-2.501152236698396504e+06
1.029721435399964266e+07
-8.555165618490579072e+04
-5.700269424558056053e+05
4.401625352863908745e+06
9.789747327985583070e+01
-4.265973087748922410e+01
1.534842103790491308e+02
-1.417062076076895437e+03
2.752861414366502686e+03
1.387406469558648894e+02
-1.433658507513588120e+03
2.857741895243075760e+03
4.102510946737612585e+01
-4.236807379746389870e+02
8.503594335657172678e+02
-3.283134381057100537e+00
-9.027506799658056025e+00
-1.240950850852837384e+01
5.522363144469126439e+01
-1.062027403480564232e+02
-1.195072083234709659e+01
7.686819626100266589e+01
-1.555240952106385066e+02
-3.410652010570923931e+00
2.560192692297043848e+01
-5.434892450070414327e+01
-2.528051724240168601e-05
1.975840421993711041e-05
-1.835430051428503731e-05
2.188190358179922964e-05
8.249578093489032412e-05
7.155948936944359597e-06
-5.578295974090195401e-05
1.913420843107360714e-04
5.450131999418532802e-06
-3.219352945554037904e-05
7.976460711779163166e-05
4.331514709695348131e+01
6.386332679188080874e+02
-3.285768747216059182e+01
2.415893826937031463e+03
-5.766875169379177350e+03
-6.185459307173840671e+01
2.953967762459948062e+03
-8.986290575914970759e+03
-2.157143577976204440e+01
9.812158224673428322e+02
-3.239566489593028564e+03
-7.014324941370525535e-02
-1.625414113026090179e-01
-1.874284122722398860e-01
1.135587482437836915e+00
-2.836245244431320423e+00
-1.715083805314074616e-01
1.719517569221828968e+00
-4.541840041238545567e+00
-4.993506839458979052e-02
6.069122674729853228e-01
-1.681792850368374559e+00
9.600659081789091331e+00
-3.958804347388544329e+02
1.620032589503214027e+01
-1.580336782959239827e+03
3.595188534603986682e+03
2.709332548607538627e+01
-1.785482440200842120e+03
5.151152624177830148e+03
1.117646849641023721e+01
-5.774599313288321127e+02
1.809784072683362638e+03
-2.989713758047677500e-02
1.400321903765945342e+00
-7.355607231902477894e-02
8.338950552101145330e-01
2.240033701501840113e-01
-5.520323177050188990e-02
5.667087154801584425e-01
7.186987472545340871e-01
-1.550762499269497940e-02
1.574996151407170863e-01
2.107661041633963617e-01
9.992932647754992903e-01
-7.884417710334800863e-03
-5.904753655357999204e-02
1.395764860144944164e+00
-4.516785766625858400e+00
-5.585425461061487712e-02
1.751428665910584215e+00
-5.991080712760619598e+00
-1.794515466421869182e-02
5.965643073024547993e-01
-2.060704851144616878e+00
3.694845827362146229e-02
1.785019595905167761e-02
3.932044367151474489e+03
-1.739494094056875838e+04
3.132372140309138103e+03
3.439145960121950484e+05
-1.216422940206568455e+06
-7.070573543112401967e+04
1.383633148340277141e+06
-3.966882494075280614e+06
-6.001397795242834400e+04
8.036421407957037445e+05
-2.091359439406235470e+06
-4.010173478836094728e+04
1.122617236582858313e+05
2.356169944234196009e+04
-3.477533639421414118e+06
1.137169650694481842e+07
7.540738615349687170e+05
-1.308736473947268538e+07
3.644430740934008360e+07
5.962738105090765748e+05
-7.428437556299087591e+06
1.892889574714079127e+07
8.321236247006792109e+04
-1.912312370711915137e+05
-2.109156875906919013e+05
8.715638243780495599e+06
-2.692193238193543255e+07
-1.989366488716875436e+06
3.089171981759356707e+07
-8.388953406249295175e+07
-1.453536971499914071e+06
1.705727883548998833e+07
-4.275901833272269368e+07
8.150237997528989586e-01
2.574922155603099672e+00
1.160865002657594180e+00
-2.363000169435153008e+00
6.770500360021710406e+00
7.572110626932032629e-01
-2.725160988009687202e+00
7.115043145535704383e+00
1.766795968913207615e-01
-7.979499374027875236e-01
2.116085478168411527e+00
6.926229969287551157e-03
3.020002844099231587e-02
6.308976229931725563e-03
-1.206714823756593613e-01
2.627859279153647032e-01
3.414806053996456876e-03
-1.078668017570068999e-01
2.708916382422144054e-01
7.374441017241957670e-04
-2.748910657274363997e-02
7.332584876978036348e-02
1.010112001199625187e+00
8.993121594250455238e-04
2.839629534320322057e-01
-4.049149845490266131e+00
1.320923405621538116e+01
1.039605822882519320e-01
-7.027179949399999792e+00
2.477915369115487110e+01
3.093230145929427161e-02
-2.691959673472473558e+00
9.610604580849015477e+00
1.308611615731632538e+00
-5.537727937705729138e-03
-6.783031461237909454e-02
-6.690066766903566275e-01
3.403016866978767485e+00
-5.296486150642028268e-02
-9.923122765671393841e-01
4.821027566078278426e+00
-6.134158000497343284e-03
-3.843075723883399020e-01
1.756106099857760450e+00
2.096551999295542828e+03
1.463749316826155336e+03
1.312549328609852182e+03
1.830733001708211668e+04
-4.353414407461069641e+04
-8.332889543511114425e+02
3.204731997183186832e+04
-1.086094503752085875e+05
4.522513639811220401e+02
8.353439546391713520e+03
-4.453132500373219955e+04
-1.008245847074441554e+04
-4.462936626008831081e+04
-6.543783298801635283e+03
-2.665023257181977388e+05
6.864986980779892765e+05
3.406057117613088849e+03
-4.378913002223224612e+05
1.633739534221392823e+06
-7.469106928788811274e+03
-1.145237668836111843e+05
6.755353194020875962e+05
2.301652476836646019e+04
2.309974948727492301e+05
1.495372127583108340e+04
1.197929718747340143e+06
-3.103149351370324381e+06
-3.037951498233386701e+03
1.871109887235596078e+06
-7.282783661194425076e+06
4.261860247543449077e+04
4.677334765485801618e+05
-3.055598217955172062e+06
-1.460884376925514880e+04
-3.777614770765982685e+05
-9.609946952745824092e+03
-1.708332542743574595e+06
4.333270519024895504e+06
-2.236142609416310006e+04
-2.501021869658324402e+06
1.029882607061274722e+07
-8.555801019973189977e+04
-5.700383329998570262e+05
4.402270377904391848e+06
9.789747327985583070e+01
-4.265973087748922410e+01
1.534842103790491308e+02
-1.417062076076895437e+03
2.752861414366502686e+03
1.387406469558648894e+02
-1.433658507513588120e+03
2.857741895243075760e+03
4.102510946737612585e+01
-4.236807379746389870e+02
8.503594335657172678e+02
-3.283417523632197188e+00
-9.025654582081093835e+00
-1.240813855942316479e+01
5.521028224858893907e+01
-1.062062578692820125e+02
-1.194896999452215347e+01
7.687181977990530868e+01
-1.555462587956936886e+02
-3.410731852897435079e+00
2.560275341729916221e+01
-5.434576029072699299e+01
-2.529335831413484270e-05
1.975889451663803080e-05
-1.835380714912748177e-05
2.188154015511168863e-05
8.249569866690661187e-05
7.156148450728940641e-06
-5.578177824868703859e-05
1.913378537944628109e-04
5.450118485431423267e-06
-3.219360264170392940e-05
7.976492316602228170e-05
4.331514709695348131e+01
6.386332679188080874e+02
-3.285768747216059182e+01
2.415893826937031463e+03
-5.766875169379177350e+03
-6.185459307173840671e+01
2.953967762459948062e+03
-8.986290575914970759e+03
-2.157143577976204440e+01
9.812158224673428322e+02
-3.239566489593028564e+03
-7.013852498227687859e-02
-1.625290084222073272e-01
-1.874490185683914401e-01
1.135418978052529448e+00
-2.836337233920029011e+00
-1.715091294557621604e-01
1.719421264064294519e+00
-4.542236954752739919e+00
-4.993240786935151942e-02
6.069600066954670137e-01
-1.681733813089073326e+00
9.600800833089534692e+00
-3.957831626632586790e+02
1.620021389713320303e+01
-1.580645387638396642e+03
3.594996630624576028e+03
2.709339298238133864e+01
-1.785549752717293586e+03
5.150634706725269098e+03
1.117651514068796814e+01
-5.774275625093616782e+02
1.809880724279141532e+03
-2.989729793178664413e-02
1.400169434058970763e+00
-7.355586736762205480e-02
8.339047991853074659e-01
2.240034509524963524e-01
-5.520322347845433436e-02
5.667103162060168620e-01
7.187002770987742650e-01
-1.550763952214662990e-02
1.574992307022237414e-01
2.107659012429006495e-01
9.994362571892382308e-01
-7.884415101106235016e-03
-5.904748045661566136e-02
1.395769484481762746e+00
-4.516763717929544342e+00
-5.585441156637218491e-02
1.751389971010852475e+00
-5.991207653025970359e+00
-1.794513147957345692e-02
5.965707146159525687e-01
-2.060684795717682594e+00
3.694845827362146229e-02
1.744788108350104477e-02
3.932057276073455796e+03
-1.739486624562123689e+04
3.132371576946286950e+03
3.439095533263407997e+05
-1.216437877876607934e+06
-7.070591735512265586e+04
1.383630105258560041e+06
-3.966926955897560809e+06
-6.001433918166582589e+04
8.036413704459622968e+05
-2.091331744007926900e+06
-4.010142182687066816e+04
1.122624977207806951e+05
2.356170264541936922e+04
-3.477640743478047661e+06
1.137136878409248590e+07
7.540588981911375886e+05
-1.308758575826803036e+07
3.644375444080942124e+07
5.962679137309809448e+05
-7.428546449547257274e+06
1.892909481419903040e+07
8.321268193680040713e+04
-1.912306728356319363e+05
-2.109154685568921268e+05
8.715484725390348583e+06
-2.692242436500471830e+07
-1.989401421209443593e+06
3.089153106471436098e+07
-8.388931151427139342e+07
-1.453547022676860681e+06
1.705687460036578774e+07
-4.275939338164619356e+07
8.150222641725328732e-01
2.574928541501813939e+00
1.160865640737117621e+00
-2.363008914806309146e+00
6.770470416941467562e+00
7.572142374202224246e-01
-2.725135823117983858e+00
7.115102009480152034e+00
1.766790581569887275e-01
-7.979542925071753112e-01
2.116075994303556307e+00
6.926113776307118650e-03
3.019956482381140270e-02
6.309069517556411405e-03
-1.206647412356247617e-01
2.627925996030202049e-01
3.414769942212560801e-03
-1.078738114967954798e-01
2.708824106908255813e-01
7.374465610282661615e-04
-2.748843509545145433e-02
7.332685177709903634e-02
1.010088383930681344e+00
8.993121552389432127e-04
2.839643898492206220e-01
-4.049087487569122956e+00
1.320937889307205104e+01
1.039603506851407289e-01
-7.027402048797559253e+00
2.477855468209454770e+01
3.093233062582639512e-02
-2.691913201440323533e+00
9.610733287570797145e+00
1.308655571793779560e+00
-5.537727767142091272e-03
-6.783042297012734090e-02
-6.690088600015090536e-01
3.403004646969899571e+00
-5.296477557767600292e-02
-9.923060635997903445e-01
4.821059270011475384e+00
-6.134159689552674648e-03
-3.843089496583496079e-01
1.756099828952828013e+00
2.096551999295542828e+03
1.463749316826155336e+03
1.312549328609852182e+03
1.830733001708211668e+04
-4.353414407461069641e+04
-8.332889543511114425e+02
3.204731997183186832e+04
-1.086094503752085875e+05
4.522513639811220401e+02
8.353439546391713520e+03
-4.453132500373219955e+04
-1.008007666917392089e+04
-4.462900987503497890e+04
-6.543742297628520646e+03
-2.664668882363098091e+05
6.865117385273304535e+05
3.406006812587947934e+03
-4.378940723298942321e+05
1.633891965983937494e+06
-7.469177716589089869e+03
-1.145234783818474971e+05
6.756300609492355725e+05
2.302277263473925268e+04
2.310029014930919220e+05
1.495375749243039900e+04
1.198254992094827816e+06
-3.103033090410925448e+06
-3.037967621028333269e+03
1.871204518161762040e+06
-7.281024658473161981e+06
4.261633605135163089e+04
4.677219618417641032e+05
-3.054718011330612469e+06
-1.460787341332324650e+04
-3.777555161067154258e+05
-9.609951069760194514e+03
-1.708101129843943752e+06
4.333344795732100494e+06
-2.236168409443366909e+04
-2.500888204418920912e+06
1.030028156666266173e+07
-8.556287320730394276e+04
-5.700516400711117312e+05
4.402882471603313461e+06
9.789747327985583070e+01
-4.265973087748922410e+01
1.534842103790491308e+02
-1.417062076076895437e+03
2.752861414366502686e+03
1.387406469558648894e+02
-1.433658507513588120e+03
2.857741895243075760e+03
4.102510946737612585e+01
-4.236807379746389870e+02
8.503594335657172678e+02
-3.283672565757140838e+00
-9.023863009174716510e+00
-1.240682711921896697e+01
5.519827687854401432e+01
-1.062085705596511218e+02
-1.194721223966058865e+01
7.687483523125217744e+01
-1.555680177032906784e+02
-3.410824851137280511e+00
2.560338696360565436e+01
-5.434298459402979375e+01
-2.530544385449822229e-05
1.975937091432223105e-05
-1.835344630034945883e-05
2.188119412743210900e-05
8.249567072081786362e-05
7.156360854070326903e-06
-5.578055887079855484e-05
1.913340958619952435e-04
5.450089788122195024e-06
-3.219376048974734237e-05
7.976503614475151827e-05
4.331514709695348131e+01
6.386332679188080874e+02
-3.285768747216059182e+01
2.415893826937031463e+03
-5.766875169379177350e+03
-6.185459307173840671e+01
2.953967762459948062e+03
-8.986290575914970759e+03
-2.157143577976204440e+01
9.812158224673428322e+02
-3.239566489593028564e+03
-7.013403395989348255e-02
-1.625172377635528409e-01
-1.874682524077022905e-01
1.135265947645962559e+00
-2.836413714636635497e+00
-1.715097839173184979e-01
1.719329076562769565e+00
-4.542599093261975973e+00
-4.992996872238544132e-02
6.070004080742479324e-01
-1.681692124041303860e+00
9.600936619563682939e+00
-3.956900130111171165e+02
1.620011309036114255e+01
-1.580923311355871419e+03
3.594836610334506531e+03
2.709345006374745068e+01
-1.785622214553835420e+03
5.150131392109196895e+03
1.117655725784288201e+01
-5.773989964509394213e+02
1.809964817352393084e+03
-2.989745007394240331e-02
1.400023955101836082e+00
-7.355569334076939025e-02
8.339134158730381330e-01
2.240035155245899134e-01
-5.520320957108197646e-02
5.667119688430444224e-01
7.187017638000652298e-01
-1.550765289087435543e-02
1.574988858875452369e-01
2.107657218907893204e-01
9.995718021222792515e-01
-7.884412621326235618e-03
-5.904741214310348790e-02
1.395775843068344679e+00
-4.516737590841221284e+00
-5.585457392030686308e-02
1.751350285839577969e+00
-5.991336317660544530e+00
-1.794510817848563033e-02
5.965770875273058715e-01
-2.060665014159301922e+00
3.694845827362146229e-02
1.709314434330310231e-02
