3.931897989719669567e+03
-1.739575870681280503e+04
3.132375545898834844e+03
3.439658609236137709e+05
-1.216256581998199690e+06
-7.069800600428853068e+04
1.383907177859704942e+06
-3.966276189097944647e+06
-6.001752423652596190e+04
8.035151181825734675e+05
-2.091710365941657918e+06
-4.010547653771656769e+04
1.122530169706700981e+05
2.356169606583616769e+04
-3.476180699403351173e+06
1.137593670849481970e+07
7.543131127166453516e+05
-1.308476044625267945e+07
3.644458485392813385e+07
5.962266124722879613e+05
-7.427790114356440492e+06
1.892897751404034346e+07
8.320835471266537206e+04
-1.912377264145924128e+05
-2.109162454782992136e+05
8.717975083525680006e+06
-2.691494242066955194e+07
-1.988980652736272197e+06
3.088802996015456319e+07
-8.390870279256162047e+07
-1.453503195344649721e+06
1.706352899082216620e+07
-4.274865973112091422e+07
8.149838730507784623e-01
2.574755351745465770e+00
1.161019803549678597e+00
-2.362777178555153679e+00
6.771038707057573269e+00
7.570782938606833712e-01
-2.725689689043247377e+00
7.114038039714996486e+00
1.766934149293478973e-01
-7.978690983168182926e-01
2.116239150200515340e+00
6.927402739328343377e-03
3.020474290328910988e-02
6.308024337706170936e-03
-1.207413066113113831e-01
2.627159890578132373e-01
3.415177364719879441e-03
-1.077933861118837433e-01
2.709896696689174656e-01
7.374185938559282925e-04
-2.749621038376280982e-02
7.331507891357019746e-02
1.010344404799476958e+00
8.993122007234547691e-04
2.839491168044590008e-01
-4.049752962958004687e+00
1.320782817266536568e+01
1.039627848680542560e-01
-7.025059158961947325e+00
2.478489237013047486e+01
3.093202475605891927e-02
-2.692402389685166320e+00
9.609374464684982797e+00
1.308161560703610560e+00
-5.537729694807678321e-03
-6.782917938621006726e-02
-6.689834970767116751e-01
3.403147966134083102e+00
-5.296577374411866324e-02
-9.923793203111361816e-01
4.820681208409586915e+00
-6.134139870393713091e-03
-3.842925330869636502e-01
1.756175442198598446e+00
2.096551999295542828e+03
1.463749316826155336e+03
1.312549328609852182e+03
1.830733001708211668e+04
-4.353414407461069641e+04
-8.332889543511114425e+02
3.204731997183186832e+04
-1.086094503752085875e+05
4.522513639811220401e+02
8.353439546391713520e+03
-4.453132500373219955e+04
-1.011405647262115599e+04
-4.463101109458185238e+04
-6.541308761668721672e+03
-2.669592341930750408e+05
6.863283229317984078e+05
3.405637218767968534e+03
-4.375077208209015080e+05
1.631817130734469742e+06
-7.462648563007645862e+03
-1.145852517715331924e+05
6.744024689098675735e+05
2.293365827343649653e+04
2.309600081497950596e+05
1.496108397418369532e+04
1.194018134231814183e+06
-3.104223969305276405e+06
-3.038166617199258781e+03
1.872032284909359179e+06
-7.309145012085539289e+06
4.273822871475410648e+04
4.675020186166010099e+05
-3.064853498512499034e+06
-1.462171522218356949e+04
-3.778128579387104255e+05
-9.608682631509725979e+03
-1.710892525721405633e+06
4.332924601416520774e+06
-2.236668326226652789e+04
-2.501971638637746684e+06
1.027449590225954168e+07
-8.536030079034245864e+04
-5.700253441737515386e+05
4.396844346849776804e+06
9.789747327985583070e+01
-4.265973087748922410e+01
1.534842103790491308e+02
-1.417062076076895437e+03
2.752861414366502686e+03
1.387406469558648894e+02
-1.433658507513588120e+03
2.857741895243075760e+03
4.102510946737612585e+01
-4.236807379746389870e+02
8.503594335657172678e+02
-3.282701958759533856e+00
-9.051384468245865733e+00
-1.241544974225804232e+01
5.547164477097869906e+01
-1.060510993896633494e+02
-1.195304455369065799e+01
7.680704618365417957e+01
-1.553317294809839382e+02
-3.412926159239326296e+00
2.557237756995253619e+01
-5.440803670774046452e+01
-2.515642981879956500e-05
1.975025694220132650e-05
-1.837067146929591507e-05
2.188631704131197269e-05
8.250240316860032888e-05
7.157371250566708209e-06
-5.578000011227068460e-05
1.914208288407217846e-04
5.447166261464216858e-06
-3.220610095021981872e-05
7.974016714984341050e-05
4.331514709695348131e+01
6.386332679188080874e+02
-3.285768747216059182e+01
2.415893826937031463e+03
-5.766875169379177350e+03
-6.185459307173840671e+01
2.953967762459948062e+03
-8.986290575914970759e+03
-2.157143577976204440e+01
9.812158224673428322e+02
-3.239566489593028564e+03
-7.020209449091723009e-02
-1.626979845068708408e-01
-1.872514685185499017e-01
1.138313650449944925e+00
-2.833419630443004600e+00
-1.713795568684061688e-01
1.719754933811952657e+00
-4.539717148261272150e+00
-4.998343735754870454e-02
6.062072055948308780e-01
-1.682769616644546051e+00
9.598807238347900395e+00
-3.970543859555743325e+02
1.620212618951781280e+01
-1.574828698671703705e+03
3.600341084383109319e+03
2.709242965907546719e+01
-1.786482357315139097e+03
5.152919378666510966e+03
1.117571013003389524e+01
-5.777999423177481049e+02
1.808730762932043035e+03
-2.989487384493607139e-02
1.402210644858373767e+00
-7.356049468633846233e-02
8.337006542278661003e-01
2.240008282397391026e-01
-5.520287000117722609e-02
5.667186343606578358e-01
7.186931973380502603e-01
-1.550743735432574301e-02
1.575032277927718716e-01
2.107681571517622809e-01
9.974408278363099400e-01
-7.884449714907202852e-03
-5.904690119559103528e-02
1.395871239676408804e+00
-4.516631601676276198e+00
-5.585343136869692221e-02
1.751658003934360330e+00
-5.990208965347804337e+00
-1.794533652216119546e-02
5.965097794825992006e-01
-2.060887936797180409e+00
3.041872152120177544e-02
3.041872152120174422e-02
3.931916795836234087e+03
-1.739563405152916675e+04
3.132378038535250198e+03
3.439584954781030538e+05
-1.216291419122863561e+06
-7.070178264362576010e+04
1.383801357695852872e+06
-3.966345602663292550e+06
-6.001391691485315823e+04
8.035878310506651178e+05
-2.091625434910406824e+06
-4.010495410442005232e+04
1.122544167487355589e+05
2.356172003010550179e+04
-3.476469061934890226e+06
1.137485684330257401e+07
7.542299341702419333e+05
-1.308470320684763789e+07
3.644837686226218194e+07
5.962842386556075653e+05
-7.427661293703009374e+06
1.892824124122611806e+07
8.320895379536635301e+04
-1.912366395349896629e+05
-2.109160144462565368e+05
8.717365049934722483e+06
-2.691688332101003081e+07
-1.989081019962249557e+06
3.089143608770755306e+07
-8.389695443322250247e+07
-1.453464653691077139e+06
1.706186740848528221e+07
-4.275262787250880897e+07
8.150087812918962449e-01
2.574815461355623558e+00
1.160943073635221090e+00
-2.362854115277324585e+00
6.770882789057901974e+00
7.571314561628856854e-01
-2.725522821418982833e+00
7.114317450284104005e+00
1.766885894167669613e-01
-7.978929272609359691e-01
2.116198031910581090e+00
6.927241811261067653e-03
3.020408173777292676e-02
6.308155569963238250e-03
-1.207314437140463576e-01
2.627260275956063706e-01
3.415126207098601388e-03
-1.078037083022862219e-01
2.709756831196378224e-01
7.374221128868490129e-04
-2.749521395793778911e-02
7.331660886544631717e-02
1.010313119871222076e+00
8.993121950700204512e-04
2.839509128147502670e-01
-4.049672981568324559e+00
1.320801678403549673e+01
1.039625084048040327e-01
-7.025329805130667182e+00
2.478415334262087555e+01
3.093205890008416878e-02
-2.692347151976279385e+00
9.609528874246761276e+00
1.308225953697937038e+00
-5.537729439979254334e-03
-6.782934539194332424e-02
-6.689869512356161341e-01
3.403128182056615270e+00
-5.296563983667552933e-02
-9.923693019324346665e-01
4.820733625586703930e+00
-6.134142537602350204e-03
-3.842947806842377245e-01
1.756164958258595199e+00
2.096551999295542828e+03
1.463749316826155336e+03
1.312549328609852182e+03
1.830733001708211668e+04
-4.353414407461069641e+04
-8.332889543511114425e+02
3.204731997183186832e+04
-1.086094503752085875e+05
4.522513639811220401e+02
8.353439546391713520e+03
-4.453132500373219955e+04
-1.011082645095690896e+04
-4.463305931671112194e+04
-6.541845531363996997e+03
-2.668662520385172684e+05
6.864368777620664332e+05
3.405816610775177196e+03
-4.375891493846090743e+05
1.631826281772763934e+06
-7.464372158841519195e+03
-1.145893904523142264e+05
6.744162444300025236e+05
2.294221969882751000e+04
2.309357243392251257e+05
1.495953152210325243e+04
1.194811406939393608e+06
-3.103264833435339853e+06
-3.038086682004295199e+03
1.871815210911729606e+06
-7.307601370258649811e+06
4.270746927538683667e+04
4.674144251989996410e+05
-3.065152121871934738e+06
-1.462037253626161510e+04
-3.778344000399066135e+05
-9.608944167229490631e+03
-1.710377616155584808e+06
4.333524826728615910e+06
-2.236489659434895293e+04
-2.501790859666590579e+06
1.027663513155546226e+07
-8.540981573075200140e+04
-5.701016505669385660e+05
4.396298185811127536e+06
9.789747327985583070e+01
-4.265973087748922410e+01
1.534842103790491308e+02
-1.417062076076895437e+03
2.752861414366502686e+03
1.387406469558648894e+02
-1.433658507513588120e+03
2.857741895243075760e+03
4.102510946737612585e+01
-4.236807379746389870e+02
8.503594335657172678e+02
-3.281497479927042438e+00
-9.046239038409661148e+00
-1.242021363615401341e+01
5.540476142099861789e+01
-1.061035293089123854e+02
-1.195457277609701485e+01
7.683255185390144959e+01
-1.553310993063900867e+02
-3.411938099151301973e+00
2.558004283704140391e+01
-5.439731133125191320e+01
-2.516540439297954566e-05
1.975238340719472909e-05
-1.836745579192169736e-05
2.188540506402967948e-05
8.249959959370573774e-05
7.156467249030529713e-06
-5.578334955213530187e-05
1.914077776659430809e-04
5.448348886359907352e-06
-3.220105912250762224e-05
7.974730962633595744e-05
4.331514709695348131e+01
6.386332679188080874e+02
-3.285768747216059182e+01
2.415893826937031463e+03
-5.766875169379177350e+03
-6.185459307173840671e+01
2.953967762459948062e+03
-8.986290575914970759e+03
-2.157143577976204440e+01
9.812158224673428322e+02
-3.239566489593028564e+03
-7.018591373911986508e-02
-1.626653706922037979e-01
-1.872830816604407200e-01
1.137649975345323750e+00
-2.834336640156961629e+00
-1.714193894067828627e-01
1.719996686623318949e+00
-4.539184190959025145e+00
-4.997227889373846710e-02
6.063314288682027930e-01
-1.682644655045825166e+00
9.599269733590309883e+00
-3.968174911649830960e+02
1.620162130651740284e+01
-1.576267988059007621e+03
3.598742542746477739e+03
2.709276769566726628e+01
-1.785802738890001365e+03
5.153916252948471083e+03
1.117584727065016992e+01
-5.777789415570962319e+02
1.808791894264550365e+03
-2.989546873733211346e-02
1.401821934530909752e+00
-7.355907077125149740e-02
8.337544390968546493e-01
2.240016529351034069e-01
-5.520311972341917367e-02
5.667088994005110569e-01
7.186904461971492797e-01
-1.550746236044203696e-02
1.575031270727681454e-01
2.107680750251491042e-01
9.978475115634154458e-01
-7.884443275909340174e-03
-5.904727855163293543e-02
1.395821044459576887e+00
-4.516739180755981131e+00
-5.585338986053651339e-02
1.751660679518070474e+00
-5.990237025327755482e+00
-1.794532006524138593e-02
5.965151576401631628e-01
-2.060868180161258056e+00
3.041872152120177544e-02
2.071540590440600418e-02
3.931934621223994782e+03
-1.739552824177547518e+04
3.132378569518524728e+03
3.439534467549835681e+05
-1.216307960305531509e+06
-7.070330872504384024e+04
1.383719367934555979e+06
-3.966541526020473335e+06
-6.001307963997656043e+04
8.036287197217070498e+05
-2.091523114171060966e+06
-4.010447794697205245e+04
1.122555814466625015e+05
2.356172500257825232e+04
-3.476651510013775434e+06
1.137429772498197481e+07
7.541978479159979615e+05
-1.308508080119272880e+07
3.644767678677658737e+07
5.962861546614583349e+05
-7.427724776522024535e+06
1.892863197856268659e+07
8.320948268823421677e+04
-1.912357487527320627e+05
-2.109160034072709095e+05
8.716988132013689727e+06
-2.691794334281854704e+07
-1.989113183109059464e+06
3.089301591430683061e+07
-8.389333590456205606e+07
-1.453491736627440900e+06
1.706053445471966267e+07
-4.275427258805782348e+07
8.150272860616877280e-01
2.574862870935824333e+00
1.160886108822252405e+00
-2.362914118761889171e+00
6.770757419013285983e+00
7.571715420030112886e-01
-2.725391980223694777e+00
7.114541970857184872e+00
1.766848975438496672e-01
-7.979117410950768985e-01
2.116164908693489277e+00
6.927083848841379676e-03
3.020344860505881981e-02
6.308287276213550392e-03
-1.207218684438861045e-01
2.627355653630505938e-01
3.415074259727017385e-03
-1.078138493322645108e-01
2.709622366786831882e-01
7.374257006435432863e-04
-2.749422860559604456e-02
7.331809212325982039e-02
1.010282828691644763e+00
8.993121896575717502e-04
2.839527145134340680e-01
-4.049594275902493656e+00
1.320820012532625398e+01
1.039622218200941667e-01
-7.025604917187002307e+00
2.478341128549184802e+01
3.093209500557626140e-02
-2.692289720915534534e+00
9.609687763827347240e+00
1.308287550141550737e+00
-5.537729200177156016e-03
-6.782950585137868804e-02
-6.689902119976930406e-01
3.403109792051752347e+00
-5.296550929499987959e-02
-9.923597681565805573e-01
4.820782731320715442e+00
-6.134145147978779106e-03
-3.842969317572741961e-01
1.756155067562754191e+00
2.096551999295542828e+03
1.463749316826155336e+03
1.312549328609852182e+03
1.830733001708211668e+04
-4.353414407461069641e+04
-8.332889543511114425e+02
3.204731997183186832e+04
-1.086094503752085875e+05
4.522513639811220401e+02
8.353439546391713520e+03
-4.453132500373219955e+04
-1.010730452284406601e+04
-4.463190459241416829e+04
-6.542306187733244769e+03
-2.668354492534131859e+05
6.864318213351854356e+05
3.405902404591520735e+03
-4.376757613307180582e+05
1.631997831404144643e+06
-7.465110046970826261e+03
-1.145747686270034174e+05
6.745321569293834036e+05
2.295151648348526578e+04
2.309540136937449570e+05
1.495819197035758771e+04
1.195002753630854189e+06
-3.103441859303918201e+06
-3.038044882184550715e+03
1.871469969215133227e+06
-7.304678239362492226e+06
4.269313732843799517e+04
4.674907415306384792e+05
-3.064326136795900762e+06
-1.461891970342204695e+04
-3.778134458128683036e+05
-9.609170720266060016e+03
-1.710312419426708715e+06
4.333311396070360206e+06
-2.236390313214761773e+04
-2.501746737348856870e+06
1.027962503058689646e+07
-8.543435105931953876e+04
-5.700823836435634876e+05
4.396671726594201289e+06
9.789747327985583070e+01
-4.265973087748922410e+01
1.534842103790491308e+02
-1.417062076076895437e+03
2.752861414366502686e+03
1.387406469558648894e+02
-1.433658507513588120e+03
2.857741895243075760e+03
4.102510946737612585e+01
-4.236807379746389870e+02
8.503594335657172678e+02
-3.281172200516346837e+00
-9.042732933361710579e+00
-1.241971754701154751e+01
5.536787026453158944e+01
-1.061303743743555401e+02
-1.195662440899334555e+01
7.683572289344471073e+01
-1.553536084131536938e+02
-3.411290814687127249e+00
2.558617633624109189e+01
-5.438772672573038847e+01
-2.518084443260375978e-05
1.975336723460963332e-05
-1.836357903203595569e-05
2.188510402462870522e-05
8.249902679729652973e-05
7.155840675944095735e-06
-5.578656016949029263e-05
1.913929991476261258e-04
5.449084859030105540e-06
-3.219780946613747398e-05
7.975247570994955940e-05
4.331514709695348131e+01
6.386332679188080874e+02
-3.285768747216059182e+01
2.415893826937031463e+03
-5.766875169379177350e+03
-6.185459307173840671e+01
2.953967762459948062e+03
-8.986290575914970759e+03
-2.157143577976204440e+01
9.812158224673428322e+02
-3.239566489593028564e+03
-7.017551483437349524e-02
-1.626413515926285747e-01
-1.873007343445623751e-01
1.137233606355978033e+00
-2.834854071320592528e+00
-1.714522392949008323e-01
1.719932700813559201e+00
-4.539361856677753160e+00
-4.996361275215024933e-02
6.064587843111451937e-01
-1.682466081698307026e+00
9.599596582649894572e+00
-3.966357565697908854e+02
1.620131611489542678e+01
-1.577199067349677989e+03
3.597766144067816640e+03
2.709283809878552418e+01
-1.785564376225975593e+03
5.153995684772454297e+03
1.117598503645887398e+01
-5.777286826003251008e+02
1.808935586079546283e+03
-2.989588317526160888e-02
1.401525892380469873e+00
-7.355824649163827944e-02
8.337884834627976582e-01
2.240021482986757073e-01
-5.520317434139874330e-02
5.667057474604971778e-01
7.186902612145890101e-01
-1.550749352756114648e-02
1.575026451671088235e-01
2.107678126355588266e-01
9.981613852597451819e-01
-7.884438165444171073e-03
-5.904749662166122043e-02
1.395790976641016368e+00
-4.516799023903308452e+00
-5.585342754977601354e-02
1.751645819656198810e+00
-5.990310178231240457e+00
-1.794530023308840011e-02
5.965213644310798369e-01
-2.060846513384029244e+00
3.041872152120177544e-02
1.950566228288848694e-02
3.931951538153072761e+03
-1.739542753011580498e+04
3.132378785806260112e+03
3.439481821018728660e+05
-1.216324306303402642e+06
-7.070433847099788545e+04
1.383665514102229150e+06
-3.966696234364840202e+06
-6.001287510532561282e+04
8.036508467466786969e+05
-2.091445656604884891e+06
-4.010403848209972057e+04
1.122566711251697416e+05
2.356173141863596538e+04
-3.476811051425114740e+06
1.137381260681919008e+07
7.541708549968841253e+05
-1.308544440618650801e+07
3.644674042920660228e+07
5.962813898699925048e+05
-7.427871473859176971e+06
1.892899577935425192e+07
8.320995939143268333e+04
-1.912349267761203519e+05
-2.109158566803850699e+05
8.716687568013321608e+06
-2.691881179428913072e+07
-1.989150681496006204e+06
3.089384241854088753e+07
-8.389135232144242525e+07
-1.453516762339259498e+06
1.705946961206953973e+07
-4.275539758782409877e+07
8.150409918372589768e-01
2.574900482718891492e+00
1.160843570268834890e+00
-2.362961450053306045e+00
6.770655324513752404e+00
7.572021831073582065e-01
-2.725287723608913026e+00
7.114725397102075632e+00
1.766820207441200385e-01
-7.979268831452029920e-01
2.116137708760107206e+00
6.926930224458575404e-03
3.020283451962027521e-02
6.308415565266442537e-03
-1.207125849103806159e-01
2.627447825581671892e-01
3.415023590493818009e-03
-1.078236901514745827e-01
2.709492337378252569e-01
7.374292006162566290e-04
-2.749327226120419979e-02
7.331952689070009299e-02
1.010252968277796759e+00
8.993121843272532069e-04
2.839545226115702814e-01
-4.049515348150985794e+00
1.320838398602366581e+01
1.039619303224237762e-01
-7.025884897529496520e+00
2.478265519689954743e+01
3.093213199013266149e-02
-2.692230808305125400e+00
9.609851056040326966e+00
1.308346989177139985e+00
-5.537728969235496991e-03
-6.782966015054334163e-02
-6.689933349499797011e-01
3.403092230060027035e+00
-5.296538386996474390e-02
-9.923506507100324781e-01
4.820829543204087742e+00
-6.134147654022940356e-03
-3.842989872577992627e-01
1.756145645283832213e+00
2.096551999295542828e+03
1.463749316826155336e+03
1.312549328609852182e+03
1.830733001708211668e+04
-4.353414407461069641e+04
-8.332889543511114425e+02
3.204731997183186832e+04
-1.086094503752085875e+05
4.522513639811220401e+02
8.353439546391713520e+03
-4.453132500373219955e+04
-1.010424323421753070e+04
-4.463100529616726271e+04
-6.542643966995762639e+03
-2.668031947089281166e+05
6.864234703727535671e+05
3.405968654173936557e+03
-4.377416116369778174e+05
1.632178186789702391e+06
-7.465813489284177194e+03
-1.145638401459093584e+05
6.746446606744038872e+05
2.295959490650628140e+04
2.309683842617712507e+05
1.495719906165156499e+04
1.195234004485029494e+06
-3.103623997925731353e+06
-3.038012508622981386e+03
1.871211623088472988e+06
-7.301943370473676361e+06
4.267987798374101840e+04
4.675466732757614227e+05
-3.063454027173672337e+06
-1.461765760044695162e+04
-3.777968841729066917e+05
-9.609339970231680127e+03
-1.710198388626437401e+06
4.333113507053084671e+06
-2.236313263055597417e+04
-2.501708546939382330e+06
1.028228471685558185e+07
-8.545657305612639175e+04
-5.700691181875101756e+05
4.397139440845351666e+06
9.789747327985583070e+01
-4.265973087748922410e+01
1.534842103790491308e+02
-1.417062076076895437e+03
2.752861414366502686e+03
1.387406469558648894e+02
-1.433658507513588120e+03
2.857741895243075760e+03
4.102510946737612585e+01
-4.236807379746389870e+02
8.503594335657172678e+02
-3.281086113598635556e+00
-9.039869469627660692e+00
-1.241896068721427149e+01
5.533874689568218486e+01
-1.061493512833038722e+02
-1.195719297921894331e+01
7.684120316700970932e+01
-1.553755892805233145e+02
-3.410919664571637977e+00
2.559014908464569515e+01
-5.438030751320435741e+01
-2.519597848512712655e-05
1.975407596743761286e-05
-1.836074172571014552e-05
2.188479666541487013e-05
8.249870981006275910e-05
7.155494751718256465e-06
-5.578801905648149911e-05
1.913818554265781945e-04
5.449556316384618840e-06
-3.219586618841422716e-05
7.975594902521435537e-05
4.331514709695348131e+01
6.386332679188080874e+02
-3.285768747216059182e+01
2.415893826937031463e+03
-5.766875169379177350e+03
-6.185459307173840671e+01
2.953967762459948062e+03
-8.986290575914970759e+03
-2.157143577976204440e+01
9.812158224673428322e+02
-3.239566489593028564e+03
-7.016682111587498050e-02
-1.626209677274095822e-01
-1.873192116452765676e-01
1.136896265339341738e+00
-2.835225802406493134e+00
-1.714755050377834988e-01
1.719839606237988594e+00
-4.539692852337711138e+00
-4.995670549359435691e-02
6.065685279210240033e-01
-1.682299363811490700e+00
9.599866575844089311e+00
-3.964807294889058085e+02
1.620107296455682899e+01
-1.577927247000910256e+03
3.597052027760351848e+03
2.709288669386430115e+01
-1.785452885364629765e+03
5.153792177052221632e+03
1.117610192588840867e+01
-5.776769361711259307e+02
1.809088634171230979e+03
-2.989621935463590563e-02
1.401275496350492089e+00
-7.355762657128131488e-02
8.338143935780826244e-01
2.240025016580247941e-01
-5.520319099687331921e-02
5.667046772783524977e-01
7.186909213270188390e-01
-1.550752229709800693e-02
1.575021026412342373e-01
2.107675173818207015e-01
9.984257361145267851e-01
-7.884433796068873734e-03
-5.904764227462341170e-02
1.395770512449797440e+00
-4.516835741403045112e+00
-5.585349254535629943e-02
1.751624780579000618e+00
-5.990398633975284604e+00
-1.794528040213234574e-02
5.965275244320233927e-01
-2.060825293206964393e+00
3.041872152120177544e-02
1.863528600486973399e-02
3.931967790810595034e+03
-1.739532995616796325e+04
3.132378817343870651e+03
3.439425525986892171e+05
-1.216341629813808482e+06
-7.070510382385873527e+04
1.383631212728171842e+06
-3.966814845558702480e+06
-6.001296133372747136e+04
8.036626671512135072e+05
-2.091384157427579397e+06
-4.010362487972714007e+04
1.122577139790568181e+05
2.356173902535917296e+04
-3.476961800945160445e+06
1.137335024906839244e+07
7.541455571275390685e+05
-1.308576448246761970e+07
3.644586118380553275e+07
5.962752405816423707e+05
-7.428033762580910698e+06
1.892934238315220550e+07
8.321039990821313404e+04
-1.912341480618281930e+05
-2.109156171304324816e+05
8.716426573000306264e+06
-2.691959256765636429e+07
-1.989194399941224838e+06
3.089423422169534490e+07
-8.389013680759073794e+07
-1.453536070142885903e+06
1.705862797338655218e+07
-4.275618820173753053e+07
8.150511235280887279e-01
2.574930809679397026e+00
1.160811686045943869e+00
-2.362999412690696133e+00
6.770570458042552531e+00
7.572258932747617521e-01
-2.725203013760256976e+00
7.114878562045764632e+00
1.766797395730337894e-01
-7.979393361855757760e-01
2.116114853421620090e+00
6.926781155481342121e-03
3.020223926520200150e-02
6.308539629196934298e-03
-1.207036347005426696e-01
2.627536476325798565e-01
3.414974680688100377e-03
-1.078331501912743323e-01
2.709367715099980645e-01
7.374325726817977048e-04
-2.749235505520579437e-02
7.332089856719066490e-02
1.010223568993038334e+00
8.993121790806123030e-04
2.839563201960453309e-01
-4.049436879803828937e+00
1.320856681404911726e+01
1.039616387187727864e-01
-7.026165133246998984e+00
2.478189784048522881e+01
3.093216907548990147e-02
-2.692171688602017277e+00
9.610015079824615114e+00
1.308404382030483371e+00
-5.537728746444287031e-03
-6.782980804798503793e-02
-6.689963198779330655e-01
3.403075481051442086e+00
-5.296526410303681320e-02
-9.923419772760716517e-01
4.820873955022672241e+00
-6.134150040451338999e-03
-3.843009367434837009e-01
1.756136733742454270e+00
2.096551999295542828e+03
1.463749316826155336e+03
1.312549328609852182e+03
1.830733001708211668e+04
-4.353414407461069641e+04
-8.332889543511114425e+02
3.204731997183186832e+04
-1.086094503752085875e+05
4.522513639811220401e+02
8.353439546391713520e+03
-4.453132500373219955e+04
-1.010153269306308357e+04
-4.463033620284136850e+04
-6.542889994434523032e+03
-2.667698802386755124e+05
6.864151500557819381e+05
3.406018164068400438e+03
-4.377923312888966757e+05
1.632357794947567629e+06
-7.466461020934013504e+03
-1.145555894784274133e+05
6.747532897144050803e+05
2.296674752944989450e+04
2.309793117520857486e+05
1.495646250610630523e+04
1.195492955782039557e+06
-3.103786406945961062e+06
-3.037987827315766481e+03
1.871023851233275840e+06
-7.299401680874231271e+06
4.266784834486014006e+04
4.675870965324416757e+05
-3.062567278256294318e+06
-1.461654018512994662e+04
-3.777841122679003747e+05
-9.609467168363595192e+03
-1.710050830652704695e+06
4.332943125414713286e+06
-2.236253815902251881e+04
-2.501665291915850248e+06
1.028467337992853299e+07
-8.547651722225293634e+04
-5.700609908113519195e+05
4.397657743756697513e+06
9.789747327985583070e+01
-4.265973087748922410e+01
1.534842103790491308e+02
-1.417062076076895437e+03
2.752861414366502686e+03
1.387406469558648894e+02
-1.433658507513588120e+03
2.857741895243075760e+03
4.102510946737612585e+01
-4.236807379746389870e+02
8.503594335657172678e+02
-3.281144524432388465e+00
-9.037435300526086124e+00
-1.241799996374065529e+01
5.531524936566832906e+01
-1.061628056689802548e+02
-1.195689679007457684e+01
7.684710605618951718e+01
-1.553976750624771626e+02
-3.410720348971128857e+00
2.559281152603107401e+01
-5.437429846308382508e+01
-2.521065001515187336e-05
1.975460831796737021e-05
-1.835859226871964616e-05
2.188449957998994829e-05
8.249859151238447884e-05
7.155325998216789180e-06
-5.578847507608960784e-05
1.913729086397520458e-04
5.449858944444386782e-06
-3.219472026116787088e-05
7.975834980756966097e-05
4.331514709695348131e+01
6.386332679188080874e+02
-3.285768747216059182e+01
2.415893826937031463e+03
-5.766875169379177350e+03
-6.185459307173840671e+01
2.953967762459948062e+03
-8.986290575914970759e+03
-2.157143577976204440e+01
9.812158224673428322e+02
-3.239566489593028564e+03
-7.015931015114761082e-02
-1.626031335318796900e-01
-1.873382216794648170e-01
1.136612238450880330e+00
-2.835503173849024616e+00
-1.714915537695845260e-01
1.719745818418943362e+00
-4.540083175168702745e+00
-4.995118124918484365e-02
6.066599692631821084e-01
-1.682154187426457836e+00
9.600097609314540037e+00
-3.963442816718323343e+02
1.620087217496271137e+01
-1.578517956817802997e+03
3.596511820467697817e+03
2.709293024451470444e+01
-1.785413442204849161e+03
5.153436169977865575e+03
1.117619922947224431e+01
-5.776280425675885226e+02
1.809237309695191925e+03
-2.989650201524476913e-02
1.401056773446178738e+00
-7.355714358266030040e-02
8.338348691461126005e-01
2.240027619630435562e-01
-5.520318956173589364e-02
5.667047720515245857e-01
7.186920312586639881e-01
-1.550754777694913003e-02
1.575015644572389795e-01
2.107672222038608767e-01
9.986549363851323635e-01
-7.884429955974289403e-03
-5.904773492205790675e-02
1.395757037247688626e+00
-4.516855779451354636e+00
-5.585357923000062313e-02
1.751599032813756507e+00
-5.990498318381135334e+00
-1.794526024939841272e-02
5.965336966683486564e-01
-2.060804350973903798e+00
3.041872152120177544e-02
1.795710191340080947e-02
3.931983356896509122e+03
-1.739523554141072964e+04
3.132378756139587040e+03
3.439367474704080378e+05
-1.216359475907784421e+06
-7.070569865226864931e+04
1.383609838352026651e+06
-3.966908511435846798e+06
-6.001322093156530900e+04
8.036682361091277562e+05
-2.091332801130752312e+06
-4.010323503065146360e+04
1.122587142898259626e+05
2.356174779301593298e+04
-3.477105294060481712e+06
1.137290504580563307e+07
7.541213806557782227e+05
-1.308604788481792994e+07
3.644505632518650591e+07
5.962685147482496686e+05
-7.428198438768103719e+06
1.892968001564849168e+07
8.321080911275494145e+04
-1.912334065623615170e+05
-2.109153093347183603e+05
8.716193734074559063e+06
-2.692031306997510418e+07
-1.989242058475689497e+06
3.089435849057420343e+07
-8.388936575191210210e+07
-1.453551246799856424e+06
1.705793997539605573e+07
-4.275676081977246702e+07
8.150585484204306841e-01
2.574955640788815447e+00
1.160787859525409527e+00
-2.363030289250627192e+00
6.770498629889501352e+00
7.572443773642346665e-01
-2.725133064030473840e+00
7.115008848786748885e+00
1.766779065421466566e-01
-7.979497622336757523e-01
2.116095277466670144e+00
6.926636857594850073e-03
3.020166354616675430e-02
6.308659072772415145e-03
-1.206950457655073389e-01
2.627621325766618110e-01
3.414927734975814044e-03
-1.078421885192897417e-01
2.709249061430293870e-01
7.374358007795280175e-04
-2.749148158687926211e-02
7.332219994158270526e-02
1.010194720514489219e+00
8.993121739329694659e-04
2.839580934643185506e-01
-4.049359490520144433e+00
1.320874709995903196e+01
1.039613501828814679e-01
-7.026442383017347915e+00
2.478114852882799113e+01
3.093220579153114005e-02
-2.692113166857213358e+00
9.610177453073175613e+00
1.308459736620542380e+00
-5.537728531728395263e-03
-6.782994941812459100e-02
-6.689991648489875820e-01
3.403059554006817589e+00
-5.296515017581744644e-02
-9.923337597762552642e-01
4.820915908780950332e+00
-6.134152302742857180e-03
-3.843027767120892890e-01
1.756128348586631027e+00
2.096551999295542828e+03
1.463749316826155336e+03
1.312549328609852182e+03
1.830733001708211668e+04
-4.353414407461069641e+04
-8.332889543511114425e+02
3.204731997183186832e+04
-1.086094503752085875e+05
4.522513639811220401e+02
8.353439546391713520e+03
-4.453132500373219955e+04
-1.009908846804407040e+04
-4.462985009844011802e+04
-6.543067107942014445e+03
-2.667361873823638889e+05
6.864082527416744269e+05
3.406053029068060368e+03
-4.378317183570177294e+05
1.632532356833879137e+06
-7.467038743595366213e+03
-1.145492668642039935e+05
6.748578168312448543e+05
2.297319728805797058e+04
2.309875070006494643e+05
1.495591718317876985e+04
1.195767830780946650e+06
-3.103920175549690612e+06
-3.037969625988546795e+03
1.870893227434446570e+06
-7.297042479546082206e+06
4.265715647648585582e+04
4.676160762883187854e+05
-3.061684129186843988e+06
-1.461553262333755083e+04
-3.777743453619323554e+05
-9.609563167564781907e+03
-1.709882344525160035e+06
4.332803177360355854e+06
-2.236208792175425697e+04
-2.501612709682026412e+06
1.028683604661764018e+07
-8.549418807723071950e+04
-5.700568610897745239e+05
4.398201092282077298e+06
9.789747327985583070e+01
-4.265973087748922410e+01
1.534842103790491308e+02
-1.417062076076895437e+03
2.752861414366502686e+03
1.387406469558648894e+02
-1.433658507513588120e+03
2.857741895243075760e+03
4.102510946737612585e+01
-4.236807379746389870e+02
8.503594335657172678e+02
-3.281284075496694097e+00
-9.035286436472000915e+00
-1.241691750063125710e+01
5.529575051249775441e+01
-1.061724500395713591e+02
-1.195607975350008267e+01
7.685276092223395494e+01
-1.554198102604876794e+02
-3.410631198307569445e+00
2.559463811866188010e+01
-5.436928024744901933e+01
-2.522474525676559234e-05
1.975503281512638567e-05
-1.835692593415098257e-05
2.188421449860069069e-05
8.249860710562748425e-05
7.155273050325802105e-06
-5.578832943285492562e-05
1.913654325090115510e-04
5.450050043685585787e-06
-3.219408141790058961e-05
7.976002957265774021e-05
4.331514709695348131e+01
6.386332679188080874e+02
-3.285768747216059182e+01
2.415893826937031463e+03
-5.766875169379177350e+03
-6.185459307173840671e+01
2.953967762459948062e+03
-8.986290575914970759e+03
-2.157143577976204440e+01
9.812158224673428322e+02
-3.239566489593028564e+03
-7.015267540047408212e-02
-1.625871612080386219e-01
-1.873571048065126310e-01
1.136367522344628789e+00
-2.835716081464821237e+00
-1.715026448901097456e-01
1.719657127117980799e+00
-4.540490739350635963e+00
-4.994668783605968332e-02
6.067355819812068063e-01
-1.682031929791866220e+00
9.600301092454291307e+00
-3.962211435336188288e+02
1.620070273994234356e+01
-1.579010912246283169e+03
3.596091258032227870e+03
2.709296982919156349e+01
-1.785418561222337757e+03
5.152997184980695238e+03
1.117628081524845740e+01
-5.775832042695454902e+02
1.809376292476409844e+03
-2.989674681864289141e-02
1.400860731416470717e+00
-7.355675965021668539e-02
8.338515280949986286e-01
2.240029588678907613e-01
-5.520317669537624233e-02
5.667055661826573276e-01
7.186933814692834099e-01
-1.550757026073521123e-02
1.575010543669229934e-01
2.107669409666932669e-01
9.988587261406407514e-01
-7.884426501590834774e-03
-5.904778823860147574e-02
1.395748723238829703e+00
-4.516863618120581236e+00
-5.585368302897782827e-02
1.751569713559208097e+00
-5.990606159328020652e+00
-1.794523967008741089e-02
5.965398978062455004e-01
-2.060783624926720847e+00
3.041872152120177544e-02
1.740109898755773724e-02
3.931998207913055012e+03
-1.739514441596778488e+04
3.132378664997755095e+03
3.439309254135766532e+05
-1.216377406574804569e+06
-7.070617923709067691e+04
1.383596898582151858e+06
-3.966985398705418222e+06
-6.001358909059672442e+04
8.036699964783935575e+05
-2.091287894732667599e+06
-4.010286792734129267e+04
1.122596735958640784e+05
2.356175774306158200e+04
-3.477241591890329029e+06
1.137247656692459248e+07
7.540980922652132576e+05
-1.308630341693420149e+07
3.644431690742234886e+07
5.962614472811515443e+05
-7.428361067111218348e+06
1.893001235536871850e+07
8.321118978225742467e+04
-1.912326992728832702e+05
-2.109149484754593286e+05
8.715983141793582588e+06
-2.692098649351781234e+07
-1.989291925807603635e+06
3.089431757854963839e+07
-8.388885646901354194e+07
-1.453563763019550592e+06
1.705735490734621882e+07
-4.275719309360643476e+07
8.150638679679278464e-01
2.574976210864744708e+00
1.160770302876117377e+00
-2.363055647151408589e+00
6.770436966475226193e+00
7.572588029465192605e-01
-2.725074602021708703e+00
7.115121300990300490e+00
1.766764210219815834e-01
-7.979586123950563881e-01
2.116078255436028233e+00
6.926497389368101339e-03
3.020110754356061800e-02
6.308773753854211852e-03
-1.206868284005951086e-01
2.627702268721630041e-01
3.414882828469096004e-03
-1.078507898493848427e-01
2.709136588803947587e-01
7.374388790840007797e-04
-2.749065354082414273e-02
7.332342835231124567e-02
1.010166478058137418e+00
8.993121688938957069e-04
2.839598339606250188e-01
-4.049283564110892186e+00
1.320892390232781821e+01
1.039610666186772531e-01
-7.026714686410629795e+00
2.478041292318648559e+01
3.093224186112743940e-02
-2.692055720605174951e+00
9.610336757246937367e+00
1.308513087104301142e+00
-5.537728324937855710e-03
-6.783008431340505073e-02
-6.690018712380390031e-01
3.403044440056167463e+00
-5.296504206296130668e-02
-9.923259954468572897e-01
4.820955421645423122e+00
-6.134154441298868277e-03
-3.843045076982227193e-01
1.756120486782893453e+00
2.096551999295542828e+03
1.463749316826155336e+03
1.312549328609852182e+03
1.830733001708211668e+04
-4.353414407461069641e+04
-8.332889543511114425e+02
3.204731997183186832e+04
-1.086094503752085875e+05
4.522513639811220401e+02
8.353439546391713520e+03
-4.453132500373219955e+04
-1.009684705654039135e+04
-4.462950059276838147e+04
-6.543192207074051112e+03
-2.667026720883349190e+05
6.864033809463251382e+05
3.406075129502699838e+03
-4.378624871274440666e+05
1.632699704675756395e+06
-7.467541389855869056e+03
-1.145443598172340717e+05
6.749580168553793337e+05
2.297911121427900798e+04
2.309936435394438449e+05
1.495551549252792756e+04
1.196049867940299679e+06
-3.104022582929018419e+06
-3.037956919005338023e+03
1.870808560690052575e+06
-7.294853027635618113e+06
4.264781386047705746e+04
4.676364918766468181e+05
-3.060817052747742739e+06
-1.461460890176016437e+04
-3.777668597522695200e+05
-9.609635824059929291e+03
-1.709701954180686036e+06
4.332693338668033481e+06
-2.236175739369030271e+04
-2.501549823102330323e+06
1.028880589952056482e+07
-8.550967240716978267e+04
-5.700558405070219887e+05
4.398752547539969906e+06
9.789747327985583070e+01
-4.265973087748922410e+01
1.534842103790491308e+02
-1.417062076076895437e+03
2.752861414366502686e+03
1.387406469558648894e+02
-1.433658507513588120e+03
2.857741895243075760e+03
4.102510946737612585e+01
-4.236807379746389870e+02
8.503594335657172678e+02
-3.281464983172079908e+00
-9.033329338914496631e+00
-1.241577358805873921e+01
5.527912381450209267e+01
-1.061794448414223666e+02
-1.195494773037281355e+01
7.685792558903938243e+01
-1.554418364099787482e+02
-3.410613829039527367e+00
2.559591330233233819e+01
-5.436499419227115482e+01
-2.523821534423665571e-05
1.975539344603519838e-05
-1.835561150694450027e-05
2.188394000139438062e-05
8.249870782106966886e-05
7.155297379761848369e-06
-5.578781454443510217e-05
1.913590105306738217e-04
5.450165863921353604e-06
-3.219377308511319375e-05
7.976120497611667104e-05
4.331514709695348131e+01
6.386332679188080874e+02
-3.285768747216059182e+01
2.415893826937031463e+03
-5.766875169379177350e+03
-6.185459307173840671e+01
2.953967762459948062e+03
-8.986290575914970759e+03
-2.157143577976204440e+01
9.812158224673428322e+02
-3.239566489593028564e+03
-7.014672453220249793e-02
-1.625725990518246400e-01
-1.873753215377407799e-01
1.136153352179041010e+00
-2.835883390752239830e+00
-1.715104700686495010e-01
1.719574011484705123e+00
-4.540893768736990133e+00
-4.994295664892791503e-02
6.067979503122006291e-01
-1.681931721078297137e+00
9.600484412166231607e+00
-3.961078572434149692e+02
1.620055780313388283e+01
-1.579431685396662260e+03
3.595755553340928145e+03
2.709300362579064014e+01
-1.785452394587587150e+03
5.152515824544554562e+03
1.117635018788624457e+01
-5.775426741008147928e+02
1.809503438807447083e+03
-2.989696388781044878e-02
1.400681486721236269e+00
-7.355645123929153983e-02
8.338654026729389601e-01
2.240031112237767796e-01
-5.520315510196255326e-02
5.667067913344017160e-01
7.186948503908713315e-01
-1.550759021996545375e-02
1.575005817327238822e-01
2.107666799442571015e-01
9.990435919101166018e-01
-7.884423337110355035e-03
-5.904781159538503854e-02
1.395744324912310930e+00
-4.516862288628565203e+00
-5.585380054483195938e-02
1.751537635830096695e+00
-5.990720024888111617e+00
-1.794521863816682383e-02
5.965461321865385136e-01
-2.060763081142281905e+00
3.041872152120177544e-02
1.693048433300508443e-02
3.932012336678729298e+03
-1.739505662514362848e+04
3.132378583494324630e+03
3.439251903001735918e+05
-1.216395128831574460e+06
-7.070658185543811123e+04
1.383589434500029776e+06
-3.967050957488854881e+06
-6.001402499404985429e+04
8.036695058871663641e+05
-2.091247064485749230e+06
-4.010252258905646158e+04
1.122605933386030229e+05
2.356176886586578985e+04
-3.477370728536774404e+06
1.137206470074179955e+07
7.540755528052872978e+05
-1.308653761526252516e+07
3.644363405502403527e+07
5.962541571247454267e+05
-7.428519395531951450e+06
1.893034131475824863e+07
8.321154410252474190e+04
-1.912320238983439049e+05
-2.109145450031635410e+05
8.715790944457678124e+06
-2.692162119806684926e+07
-1.989342848458178109e+06
3.089417697824529186e+07
-8.388849430065900087e+07
-1.453574627246350516e+06
1.705683897892329469e+07
-4.275753604950963706e+07
8.150675046036758298e-01
2.574993381030234563e+00
1.160757765923185580e+00
-2.363076577730549577e+00
6.770383471229972194e+00
7.572699830693763179e-01
-2.725025355716617970e+00
7.115219415548347470e+00
1.766752131579032992e-01
-7.979661991226536522e-01
2.116063285364893964e+00
6.926362687324102291e-03
3.020057097015515016e-02
6.308883691331710133e-03
-1.206789807296313466e-01
2.627779326537634241e-01
3.414839960031332885e-03
-1.078589548816522026e-01
2.709030284825598156e-01
7.374418075615497793e-04
-2.748987087725109080e-02
7.332458389656491826e-02
1.010138865609542913e+00
8.993121639675067660e-04
2.839615370819147389e-01
-4.049209309993427652e+00
1.320909670571592365e+01
1.039607890919878319e-01
-7.026980944081501868e+00
2.477969420554429902e+01
3.093227712907137966e-02
-2.691999617515423715e+00
9.610492196025536060e+00
1.308564495538247385e+00
-5.537728125820079624e-03
-6.783021290942424508e-02
-6.690044429390585856e-01
3.403030115885153251e+00
-5.296493961515402055e-02
-9.923186721899962537e-01
4.820992560250322967e+00
-6.134156459269534713e-03
-3.843061325882081158e-01
1.756113134150928623e+00
2.096551999295542828e+03
1.463749316826155336e+03
1.312549328609852182e+03
1.830733001708211668e+04
-4.353414407461069641e+04
-8.332889543511114425e+02
3.204731997183186832e+04
-1.086094503752085875e+05
4.522513639811220401e+02
8.353439546391713520e+03
-4.453132500373219955e+04
-1.009476177465968794e+04
-4.462924866203204147e+04
-6.543277736928781451e+03
-2.666697219828865491e+05
6.864007241206759354e+05
3.406086179368231569e+03
-4.378866224364191294e+05
1.632858775836853543e+06
-7.467969590105644784e+03
-1.145405193847251940e+05
6.750537512472246308e+05
2.298461188757075797e+04
2.309982818201456394e+05
1.495522269617950769e+04
1.196333032309733797e+06
-3.104094058517077472e+06
-3.037948874137710391e+03
1.870760714130626060e+06
-7.292820727700235322e+06
4.263976310409794678e+04
4.676503375313904253e+05
-3.059974276458023582e+06
-1.461374995735939956e+04
-3.777610581344707753e+05
-9.609690829813909659e+03
-1.709515842511815252e+06
4.332611704372999258e+06
-2.236152681040046809e+04
-2.501477149607140571e+06
1.029060827468510903e+07
-8.552312155703688040e+04
-5.700572877610133728e+05
4.399300866053953767e+06
9.789747327985583070e+01
-4.265973087748922410e+01
1.534842103790491308e+02
-1.417062076076895437e+03
2.752861414366502686e+03
1.387406469558648894e+02
-1.433658507513588120e+03
2.857741895243075760e+03
4.102510946737612585e+01
-4.236807379746389870e+02
8.503594335657172678e+02
-3.281662659604679622e+00
-9.031503759187611280e+00
-1.241460896030434391e+01
5.526460788177209338e+01
-1.061845545973440323e+02
-1.195362737002994713e+01
7.686252103228044064e+01
-1.554636369067170278e+02
-3.410643670450280496e+00
2.559681590065867240e+01
-5.436126812970726263e+01
-2.525105116650159390e-05
1.975571772088006249e-05
-1.835456210931673873e-05
2.188367432925073335e-05
8.249886132950710286e-05
7.155374142180597309e-06
-5.578707122260184476e-05
1.913533793905656307e-04
5.450230050494105113e-06
-3.219368367637729246e-05
7.976201695902263261e-05
4.331514709695348131e+01
6.386332679188080874e+02
-3.285768747216059182e+01
2.415893826937031463e+03
-5.766875169379177350e+03
-6.185459307173840671e+01
2.953967762459948062e+03
-8.986290575914970759e+03
-2.157143577976204440e+01
9.812158224673428322e+02
-3.239566489593028564e+03
-7.014132691105467998e-02
-1.625591407950993106e-01
-1.873925257504968356e-01
1.135963758726689754e+00
-2.836017478727382635e+00
-1.715162080343747564e-01
1.719495846972284747e+00
-4.541280440752038849e+00
-4.993979293223359261e-02
6.068492251508733615e-01
-1.681852043336313773e+00
9.600652479665612304e+00
-3.960021139992187500e+02
1.620043271119946127e+01
-1.579797359271049118e+03
3.595481893003905498e+03
2.709302997335229790e+01
-1.785505117108547438e+03
5.152016539937238122e+03
1.117641005666958698e+01
-5.775063686623226431e+02
1.809618074451836264e+03
-2.989715995206749383e-02
1.400515114689423246e+00
-7.355620257184937449e-02
8.338771770750187384e-01
2.240032313199480374e-01
-5.520312621174627149e-02
5.667082825720849426e-01
7.186963652346485265e-01
-1.550760807896125505e-02
1.575001498241162534e-01
2.107664417524594269e-01
9.992138702796206084e-01
-7.884420398381570411e-03
-5.904781142064868815e-02
1.395742994859482389e+00
-4.516853833034276455e+00
-5.585392931192846577e-02
1.751503365758102948e+00
-5.990838486898437232e+00
-1.794519715635735368e-02
5.965524013403853409e-01
-2.060742690685848810e+00
3.041872152120177544e-02
1.652389101123136542e-02
3.932025752306579307e+03
-1.739497214240866379e+04
3.132378535539112363e+03
3.439196059052711935e+05
-1.216412460529396543e+06
-7.070693021318176761e+04
1.383585509421367897e+06
-3.967108770716647618e+06
-6.001450225323229097e+04
8.036677650336085353e+05
-2.091208785303789657e+06
-4.010219798864083714e+04
1.122614750749181258e+05
2.356178112422807681e+04
-3.477492834419182502e+06
1.137166917696383782e+07
7.540536704502050998e+05
-1.308675503515025415e+07
3.644300100368008018e+07
5.962467185047765961e+05
-7.428672148430210538e+06
1.893066789996721968e+07
8.321187394420501369e+04
-1.912313784724508296e+05
-2.109141064297587727e+05
8.715614448652055115e+06
-2.692222291816601157e+07
-1.989394074986668304e+06
3.089397885639963299e+07
-8.388820615530648828e+07
-1.453584499538937816e+06
1.705637003677181154e+07
-4.275782303141096234e+07
8.150697614051386486e-01
2.575007763935371674e+00
1.160749355959337370e+00
-2.363093856214643296e+00
6.770336729570396450e+00
7.572784956468502360e-01
-2.724983716075184859e+00
7.115305664609646641e+00
1.766742334694108574e-01
-7.979727431258808457e-01
2.116050013135563290e+00
6.926232611266110693e-03
3.020005324023276871e-02
6.308989002424160789e-03
-1.206714933618672769e-01
2.627852599122992849e-01
3.414799082727300750e-03
-1.078666940013179726e-01
2.708930000316985276e-01
7.374445896209092487e-04
-2.748913252457075782e-02
7.332566832735415430e-02
1.010111886462538688e+00
8.993121591542923773e-04
2.839632007193683694e-01
-4.049136824368443577e+00
1.320926527161847908e+01
1.039605181341667905e-01
-7.027240606993980343e+00
2.477899397179855967e+01
3.093231151714436952e-02
-2.691944992517583124e+00
9.610643366930835541e+00
1.308614041302650577e+00
-5.537727934057910979e-03
-6.783033545465605441e-02
-6.690068853497783685e-01
3.403016549520384348e+00
-5.296484261169552565e-02
-9.923117725009044099e-01
4.821027419954511117e+00
-6.134158361360370244e-03
-3.843076556039826674e-01
1.756106270171640338e+00
2.096551999295542828e+03
1.463749316826155336e+03
1.312549328609852182e+03
1.830733001708211668e+04
-4.353414407461069641e+04
-8.332889543511114425e+02
3.204731997183186832e+04
-1.086094503752085875e+05
4.522513639811220401e+02
8.353439546391713520e+03
-4.453132500373219955e+04
-1.009279866769710861e+04
-4.462906343132539769e+04
-6.543332854836483421e+03
-2.666375864400275750e+05
6.864002407359186327e+05
3.406087714963386134e+03
-4.379055990792694502e+05
1.633009154898978537e+06
-7.468327397083645337e+03
-1.145375044694000826e+05
6.751449920260256622e+05
2.298978842070520113e+04
2.310018641805031803e+05
1.495501341068050897e+04
1.196613327257340308e+06
-3.104136723836313933e+06
-3.037944784473451818e+03
1.870742313416047953e+06
-7.290933488123290241e+06
4.263290813490958681e+04
4.676590084245068720e+05
-3.059160804385561496e+06
-1.461294193593602722e+04
-3.777564698118927772e+05
-9.609732320753651948e+03
-1.709328157204566756e+06
4.332555582175198942e+06
-2.236137998323291686e+04
-2.501395828538064379e+06
1.029226331427616999e+07
-8.553472062956428272e+04
-5.700607411882585147e+05
4.399838794014276005e+06
9.789747327985583070e+01
-4.265973087748922410e+01
1.534842103790491308e+02
-1.417062076076895437e+03
2.752861414366502686e+03
1.387406469558648894e+02
-1.433658507513588120e+03
2.857741895243075760e+03
4.102510946737612585e+01
-4.236807379746389870e+02
8.503594335657172678e+02
-3.281862084565345672e+00
-9.029770927210778453e+00
-1.241345082317419113e+01
5.525168904333092001e+01
-1.061882782354469441e+02
-1.195219736625638873e+01
7.686653611197695568e+01
-1.554851512423641111e+02
-3.410704705557541239e+00
2.559746162912328771e+01
-5.435798189061099350e+01
-2.526326512945601972e-05
1.975602256838127828e-05
-1.835371911546142810e-05
2.188341600028677656e-05
8.249904751179648285e-05
7.155487034054873878e-06
-5.578618683958380713e-05
1.913483616213924020e-04
5.450258364948331619e-06
-3.219374105242216633e-05
7.976256034247596440e-05
4.331514709695348131e+01
6.386332679188080874e+02
-3.285768747216059182e+01
2.415893826937031463e+03
-5.766875169379177350e+03
-6.185459307173840671e+01
2.953967762459948062e+03
-8.986290575914970759e+03
-2.157143577976204440e+01
9.812158224673428322e+02
-3.239566489593028564e+03
-7.013638833628747793e-02
-1.625465729575273077e-01
-1.874085278738402693e-01
1.135794457123780798e+00
-2.836126669993577654e+00
-1.715206614357190074e-01
1.719421922835000949e+00
-4.541644432989865976e+00
-4.993705647150366300e-02
6.068911153272824599e-01
-1.681791236277519141e+00
9.600808643083075467e+00
-3.959023433018479068e+02
1.620032411355132851e+01
-1.580119667573621200e+03
3.595255054487097823e+03
2.709304787893183430e+01
-1.785570396048211478e+03
5.151514117794793492e+03
1.117646243953316976e+01
-5.774740750937581879e+02
1.809720271248544350e+03
-2.989733960159454695e-02
1.400358945394531984e+00
-7.355600249353791420e-02
8.338873176797999554e-01
2.240033273144758363e-01
-5.520309098932500713e-02
5.667099351132235396e-01
7.186978822416263402e-01
-1.550762418084787077e-02
1.574997589897672023e-01
2.107662270730825127e-01
9.993724937067265390e-01
-7.884417641968975710e-03
-5.904779218008104208e-02
1.395744150499426572e+00
-4.516839637950027964e+00
-5.585406753065912111e-02
1.751467297992788330e+00
-5.990960596436060825e+00
-1.794517523871088857e-02
5.965587062847349520e-01
-2.060722425776480460e+00
3.041872152120177544e-02
1.616764621625147585e-02
3.932038474136874811e+03
-1.739489089473665081e+04
3.132378534842085628e+03
3.439142093766567996e+05
-1.216429293653448811e+06
-7.070723985503827862e+04
1.383583858786887722e+06
-3.967161188724146690e+06
-6.001500375046257977e+04
8.036654138088573236e+05
-2.091172082878148416e+06
-4.010189308129860001e+04
1.122623204315391049e+05
2.356179446387216740e+04
-3.477608113236088306e+06
1.137128958423880115e+07
7.540323825047411956e+05
-1.308695884565198421e+07
3.644241264119144529e+07
5.962391803504643030e+05
-7.428818625177063979e+06
1.893099259449971840e+07
8.321218095672974596e+04
-1.912307612483814883e+05
-2.109136383210897911e+05
8.715451702287083492e+06
-2.692279572534595057e+07
-1.989445120166323613e+06
3.089375026454398409e+07
-8.388794573120896518e+07
-1.453593806426851079e+06
1.705593361073479429e+07
-4.275807574876754731e+07
8.150708613408991221e-01
2.575019806118901577e+00
1.160744419685298956e+00
-2.363108046608356272e+00
6.770295715369466727e+00
7.572847614538603667e-01
-2.724948516439948953e+00
7.115381837034734147e+00
1.766734460694590336e-01
-7.979784039732485956e-01
2.116038183109030690e+00
6.926106976393427497e-03
3.019955359526097990e-02
6.309089861897777471e-03
-1.206643525157750363e-01
2.627922232235929689e-01
3.414760122874454292e-03
-1.078740232419285044e-01
2.708835506418781347e-01
7.374472306738535151e-04
-2.748843681181714280e-02
7.332668435832238873e-02
1.010085531025555206e+00
8.993121544524899534e-04
2.839648243354544466e-01
-4.049066132145918928e+00
1.320942953588400748e+01
1.039602539402364051e-01
-7.027493472258424134e+00
2.477831282042691896e+01
3.093234499542800442e-02
-2.691891897310783488e+00
9.610790114351608793e+00
1.308661812878179731e+00
-5.537727749300730071e-03
-6.783045223650947808e-02
-6.690092046649221968e-01
3.403003704424749198e+00
-5.296475079381727374e-02
-9.923052760113206805e-01
4.821060111254715785e+00
-6.134160153101080905e-03
-3.843090816705675428e-01
1.756099871005085244e+00
2.096551999295542828e+03
1.463749316826155336e+03
1.312549328609852182e+03
1.830733001708211668e+04
-4.353414407461069641e+04
-8.332889543511114425e+02
3.204731997183186832e+04
-1.086094503752085875e+05
4.522513639811220401e+02
8.353439546391713520e+03
-4.453132500373219955e+04
-1.009093307734613700e+04
-4.462892117561154737e+04
-6.543364325042562996e+03
-2.666064139005761244e+05
6.864017641327994643e+05
3.406081089619480281e+03
-4.379205294764463906e+05
1.633150820377549855e+06
-7.468620578095647943e+03
-1.145351449337690865e+05
6.752318054807540029e+05
2.299470556037643837e+04
2.310047311808321683e+05
1.495486898701554310e+04
1.196888191733051091e+06
-3.104153537556958385e+06
-3.037944050260340646e+03
1.870747426316402387e+06
-7.289179828554750420e+06
4.262713573198848462e+04
4.676635010291172657e+05
-3.058379318463562056e+06
-1.461217476564630670e+04
-3.777527316840551794e+05
-9.609763322317716302e+03
-1.709141637847433332e+06
4.332521964613462798e+06
-2.236130354956649171e+04
-2.501307195640084334e+06
1.029378756759520806e+07
-8.554466520567516272e+04
-5.700658622441421030e+05
4.400361842379948124e+06
9.789747327985583070e+01
-4.265973087748922410e+01
1.534842103790491308e+02
-1.417062076076895437e+03
2.752861414366502686e+03
1.387406469558648894e+02
-1.433658507513588120e+03
2.857741895243075760e+03
4.102510946737612585e+01
-4.236807379746389870e+02
8.503594335657172678e+02
-3.282054266596679426e+00
-9.028105862761631073e+00
-1.241231724751442478e+01
5.524001784868635667e+01
-1.061909415488911321e+02
-1.195070676569380375e+01
7.686999019818196643e+01
-1.555063594868015855e+02
-3.410786341655924314e+00
2.559792671930907204e+01
-5.435504905317829838e+01
-2.527488082338373942e-05
1.975631821246828264e-05
-1.835304215670317235e-05
2.188316387560069830e-05
8.249925439022955489e-05
7.155625184863835142e-06
-5.578521625659877146e-05
1.913438326815643394e-04
5.450261515439630837e-06
-3.219389786988574912e-05
7.976290038859901925e-05
4.331514709695348131e+01
6.386332679188080874e+02
-3.285768747216059182e+01
2.415893826937031463e+03
-5.766875169379177350e+03
-6.185459307173840671e+01
2.953967762459948062e+03
-8.986290575914970759e+03
-2.157143577976204440e+01
9.812158224673428322e+02
-3.239566489593028564e+03
-7.013183800210581742e-02
-1.625347428216688539e-01
-1.874232451809438316e-01
1.135642255159772462e+00
-2.836216684676851951e+00
-1.715243742795102833e-01
1.719351652718984491e+00
-4.541982626063088446e+00
-4.993464541522871919e-02
6.069249751683960525e-01
-1.681747678613452202e+00
9.600955238807035386e+00
-3.958074551261681790e+02
1.620022949524595646e+01
-1.580406876068834436e+03
3.595064700917017035e+03
2.709305692562547563e+01
-1.785644048625865025e+03
5.151017404679681022e+03
1.117650883748696344e+01
-5.774455330870150647e+02
1.809810484969787012e+03
-2.989750604334919307e-02
1.400211124165951615e+00
-7.355584280424583288e-02
8.338961504264061908e-01
2.240034047178993404e-01
-5.520305019124895074e-02
5.667116811252987940e-01
7.186993754407819956e-01
-1.550763879695271109e-02
1.574994081020691938e-01
2.107660355378252748e-01
9.995214770220336442e-01
-7.884415037976757676e-03
-5.904775703707101919e-02
1.395747383857086410e+00
-4.516820660792539854e+00
-5.585421386105544894e-02
1.751429712618047807e+00
-5.991085716412542617e+00
-1.794515290427098689e-02
5.965650477833885912e-01
-2.060702260582131906e+00
3.041872152120177544e-02
1.585225283916207734e-02
3.932050527500846329e+03
-1.739481278104777084e+04
3.132378588550315271e+03
3.439090205362788402e+05
-1.216445568552471930e+06
-7.070752099767197797e+04
1.383583658725284273e+06
-3.967209753895105794e+06
-6.001551840251350222e+04
8.036628571993827354e+05
-2.091136340715168742e+06
-4.010160683082969626e+04
1.122631310545097804e+05
2.356180882125426797e+04
-3.477716813700439874e+06
1.137092542208970338e+07
7.540116449353388743e+05
-1.308715127876045741e+07
3.644186499301917851e+07
5.962315756248227553e+05
-7.428958487228705548e+06
1.893131557390252873e+07
8.321246662130363984e+04
-1.912301706431704806e+05
-2.109131449255741027e+05
8.715301243598161265e+06
-2.692334259849003702e+07
-1.989495673740618862e+06
3.089350841765660048e+07
-8.388768415028493106e+07
-1.453602821027476806e+06
1.705552026377978921e+07
-4.275830827580248564e+07
8.150709730418779220e-01
2.575029841994786572e+00
1.160742465689216241e+00
-2.363119570522341117e+00
6.770259663998358768e+00
7.572890952950555032e-01
-2.724918887853843508e+00
7.115449262317663504e+00
1.766728242195624854e-01
-7.979833001498328748e-01
2.116027605770635311e+00
6.925985574349236527e-03
3.019907118658010647e-02
6.309186475826053520e-03
-1.206575420357061390e-01
2.627988396342161304e-01
3.414722992173256123e-03
-1.078809617081027822e-01
2.708746531074920916e-01
7.374497372247202287e-04
-2.748778174273846034e-02
7.332763522289494074e-02
1.010059781975917614e+00
8.993121498589854487e-04
2.839664083628052338e-01
-4.048997214257116894e+00
1.320958954190342816e+01
1.039599964967697215e-01
-7.027739551347318425e+00
2.477765073237709004e+01
3.093237756389649248e-02
-2.691840332127646729e+00
9.610932435271591245e+00
1.308707902424373737e+00
-5.537727571185007379e-03
-6.783056355956133820e-02
-6.690114074220065987e-01
3.402991542130536118e+00
-5.296466388571517692e-02
-9.922991610974351007e-01
4.821090751195833413e+00
-6.134161840388618024e-03
-3.843104160203649200e-01
1.756093911377855532e+00
2.096551999295542828e+03
1.463749316826155336e+03
1.312549328609852182e+03
1.830733001708211668e+04
-4.353414407461069641e+04
-8.332889543511114425e+02
3.204731997183186832e+04
-1.086094503752085875e+05
4.522513639811220401e+02
8.353439546391713520e+03
-4.453132500373219955e+04
-1.008914701980141035e+04
-4.462880396282633592e+04
-6.543377179540172619e+03
-2.665762825911121326e+05
6.864050672359722666e+05
3.406067480161701042e+03
-4.379322650970917311e+05
1.633283988509608898e+06
-7.468855544688565715e+03
-1.145333177545721264e+05
6.753143256556659471e+05
2.299941059323023728e+04
2.310071415426345775e+05
1.495477560809128772e+04
1.197156050744818756e+06
-3.104147772638503928e+06
-3.037946163643883210e+03
1.870771276955569861e+06
-7.287548952119035646e+06
4.262232901324838167e+04
4.676645451226223377e+05
-3.057630901434005704e+06
-1.461144108051997136e+04
-3.777495666713727987e+05
-9.609786068804145543e+03
-1.708958063035110245e+06
4.332507818193074316e+06
-2.236128642407639563e+04
-2.501212576009484939e+06
1.029519496688571200e+07
-8.555314677225201740e+04
-5.700723962484567892e+05
4.400867404789188877e+06
9.789747327985583070e+01
-4.265973087748922410e+01
1.534842103790491308e+02
-1.417062076076895437e+03
2.752861414366502686e+03
1.387406469558648894e+02
-1.433658507513588120e+03
2.857741895243075760e+03
4.102510946737612585e+01
-4.236807379746389870e+02
8.503594335657172678e+02
-3.282234023731271932e+00
-9.026492431586804699e+00
-1.241122006695283631e+01
5.522935298887648514e+01
-1.061927590360467377e+02
-1.194918613542830066e+01
7.687291681773209007e+01
-1.555272655178754064e+02
-3.410881476784030308e+00
2.559826204080552614e+01
-5.435240611787691023e+01
-2.528592730122940051e-05
1.975661065863898322e-05
-1.835250273700769712e-05
2.188291709995989292e-05
8.249947512868190612e-05
7.155781221409043770e-06
-5.578419410370590687e-05
1.913397027416777890e-04
5.450246916231885718e-06
-3.219412268269264903e-05
7.976308284286844487e-05
4.331514709695348131e+01
6.386332679188080874e+02
-3.285768747216059182e+01
2.415893826937031463e+03
-5.766875169379177350e+03
-6.185459307173840671e+01
2.953967762459948062e+03
-8.986290575914970759e+03
-2.157143577976204440e+01
9.812158224673428322e+02
-3.239566489593028564e+03
-7.012762102633829375e-02
-1.625235382545024698e-01
-1.874366627333673430e-01
1.135504702115050391e+00
-2.836291539263387840e+00
-1.715277160123698519e-01
1.719284585097575979e+00
-4.542293804997965978e+00
-4.993248466113283518e-02
6.069518911273263928e-01
-1.681719853008324161e+00
9.601093935517988953e+00
-3.957166756766638400e+02
1.620014690667562363e+01
-1.580664958433812672e+03
3.594903672159023699e+03
2.709305709627898651e+01
-1.785723259574384656e+03
5.150531557820751004e+03
1.117655038008619606e+01
-5.774204710616988905e+02
1.809889359718908281e+03
-2.989766157207285335e-02
1.400070332493474456e+00
-7.355571727931016490e-02
8.339039088934691035e-01
2.240034673245875629e-01
-5.520300445711930071e-02
5.667134761495240536e-01
7.187008298899820735e-01
-1.550765214250978893e-02
1.574990952934544053e-01
2.107658662176499220e-01
9.996622327294881760e-01
-7.884412565384803576e-03
-5.904770828811460592e-02
1.395752402031342987e+00
-4.516797578850999528e+00
-5.585436727796194017e-02
1.751390814283486419e+00
-5.991213407968936089e+00
-1.794513017443530659e-02
5.965714262201973206e-01
-2.060682172337136020e+00
3.041872152120177544e-02
1.557078572913025462e-02
