3.931897989719669567e+03
-1.739575870681280503e+04
3.132375545898834844e+03
3.439658609236137709e+05
-1.216256581998199690e+06
-7.069800600428853068e+04
1.383907177859704942e+06
-3.966276189097944647e+06
-6.001752423652596190e+04
8.035151181825734675e+05
-2.091710365941657918e+06
-4.010547653771656769e+04
1.122530169706700981e+05
2.356169606583616769e+04
-3.476180699403351173e+06
1.137593670849481970e+07
7.543131127166453516e+05
-1.308476044625267945e+07
3.644458485392813385e+07
5.962266124722879613e+05
-7.427790114356440492e+06
1.892897751404034346e+07
8.320835471266537206e+04
-1.912377264145924128e+05
-2.109162454782992136e+05
8.717975083525680006e+06
-2.691494242066955194e+07
-1.988980652736272197e+06
3.088802996015456319e+07
-8.390870279256162047e+07
-1.453503195344649721e+06
1.706352899082216620e+07
-4.274865973112091422e+07
8.149838730507784623e-01
2.574755351745465770e+00
1.161019803549678597e+00
-2.362777178555153679e+00
6.771038707057573269e+00
7.570782938606833712e-01
-2.725689689043247377e+00
7.114038039714996486e+00
1.766934149293478973e-01
-7.978690983168182926e-01
2.116239150200515340e+00
6.927402739328343377e-03
3.020474290328910988e-02
6.308024337706170936e-03
-1.207413066113113831e-01
2.627159890578132373e-01
3.415177364719879441e-03
-1.077933861118837433e-01
2.709896696689174656e-01
7.374185938559282925e-04
-2.749621038376280982e-02
7.331507891357019746e-02
1.010344404799476958e+00
8.993122007234547691e-04
2.839491168044590008e-01
-4.049752962958004687e+00
1.320782817266536568e+01
1.039627848680542560e-01
-7.025059158961947325e+00
2.478489237013047486e+01
3.093202475605891927e-02
-2.692402389685166320e+00
9.609374464684982797e+00
1.308161560703610560e+00
-5.537729694807678321e-03
-6.782917938621006726e-02
-6.689834970767116751e-01
3.403147966134083102e+00
-5.296577374411866324e-02
-9.923793203111361816e-01
4.820681208409586915e+00
-6.134139870393713091e-03
-3.842925330869636502e-01
1.756175442198598446e+00
2.096551999295542828e+03
1.463749316826155336e+03
1.312549328609852182e+03
1.830733001708211668e+04
-4.353414407461069641e+04
-8.332889543511114425e+02
3.204731997183186832e+04
-1.086094503752085875e+05
4.522513639811220401e+02
8.353439546391713520e+03
-4.453132500373219955e+04
-1.011405647262115599e+04
-4.463101109458185238e+04
-6.541308761668721672e+03
-2.669592341930750408e+05
6.863283229317984078e+05
3.405637218767968534e+03
-4.375077208209015080e+05
1.631817130734469742e+06
-7.462648563007645862e+03
-1.145852517715331924e+05
6.744024689098675735e+05
2.293365827343649653e+04
2.309600081497950596e+05
1.496108397418369532e+04
1.194018134231814183e+06
-3.104223969305276405e+06
-3.038166617199258781e+03
1.872032284909359179e+06
-7.309145012085539289e+06
4.273822871475410648e+04
4.675020186166010099e+05
-3.064853498512499034e+06
-1.462171522218356949e+04
-3.778128579387104255e+05
-9.608682631509725979e+03
-1.710892525721405633e+06
4.332924601416520774e+06
-2.236668326226652789e+04
-2.501971638637746684e+06
1.027449590225954168e+07
-8.536030079034245864e+04
-5.700253441737515386e+05
4.396844346849776804e+06
9.789747327985583070e+01
-4.265973087748922410e+01
1.534842103790491308e+02
-1.417062076076895437e+03
2.752861414366502686e+03
1.387406469558648894e+02
-1.433658507513588120e+03
2.857741895243075760e+03
4.102510946737612585e+01
-4.236807379746389870e+02
8.503594335657172678e+02
-3.282701958759533856e+00
-9.051384468245865733e+00
-1.241544974225804232e+01
5.547164477097869906e+01
-1.060510993896633494e+02
-1.195304455369065799e+01
7.680704618365417957e+01
-1.553317294809839382e+02
-3.412926159239326296e+00
2.557237756995253619e+01
-5.440803670774046452e+01
-2.515642981879956500e-05
1.975025694220132650e-05
-1.837067146929591507e-05
2.188631704131197269e-05
8.250240316860032888e-05
7.157371250566708209e-06
-5.578000011227068460e-05
1.914208288407217846e-04
5.447166261464216858e-06
-3.220610095021981872e-05
7.974016714984341050e-05
4.331514709695348131e+01
6.386332679188080874e+02
-3.285768747216059182e+01
2.415893826937031463e+03
-5.766875169379177350e+03
-6.185459307173840671e+01
2.953967762459948062e+03
-8.986290575914970759e+03
-2.157143577976204440e+01
9.812158224673428322e+02
-3.239566489593028564e+03
-7.020209449091723009e-02
-1.626979845068708408e-01
-1.872514685185499017e-01
1.138313650449944925e+00
-2.833419630443004600e+00
-1.713795568684061688e-01
1.719754933811952657e+00
-4.539717148261272150e+00
-4.998343735754870454e-02
6.062072055948308780e-01
-1.682769616644546051e+00
9.598807238347900395e+00
-3.970543859555743325e+02
1.620212618951781280e+01
-1.574828698671703705e+03
3.600341084383109319e+03
2.709242965907546719e+01
-1.786482357315139097e+03
5.152919378666510966e+03
1.117571013003389524e+01
-5.777999423177481049e+02
1.808730762932043035e+03
-2.989487384493607139e-02
1.402210644858373767e+00
-7.356049468633846233e-02
8.337006542278661003e-01
2.240008282397391026e-01
-5.520287000117722609e-02
5.667186343606578358e-01
7.186931973380502603e-01
-1.550743735432574301e-02
1.575032277927718716e-01
2.107681571517622809e-01
9.974408278363099400e-01
-7.884449714907202852e-03
-5.904690119559103528e-02
1.395871239676408804e+00
-4.516631601676276198e+00
-5.585343136869692221e-02
1.751658003934360330e+00
-5.990208965347804337e+00
-1.794533652216119546e-02
5.965097794825992006e-01
-2.060887936797180409e+00
2.501253501269038934e-02
2.501253501268986545e-02
3.931901693516022988e+03
-1.739570313931190321e+04
3.132379991081377739e+03
3.439650627195120323e+05
-1.216273676830228884e+06
-7.070161753839373705e+04
1.383795629887731979e+06
-3.966334669382639229e+06
-6.001407157668864238e+04
8.035863009210471064e+05
-2.091642310552283423e+06
-4.010535229792811879e+04
1.122536871406806167e+05
2.356174693225057126e+04
-3.476303842694595922e+06
1.137523887883213349e+07
7.542351821368033998e+05
-1.308480639354998432e+07
3.644866207126128674e+07
5.962812795721964212e+05
-7.427662515149378218e+06
1.892793254945645481e+07
8.320851856916691759e+04
-1.912371774343566503e+05
-2.109154714199614828e+05
8.717627671191455796e+06
-2.691634292964787409e+07
-1.989073505650209961e+06
3.089119328849974647e+07
-8.389672472364678979e+07
-1.453465778184851864e+06
1.706196760843936354e+07
-4.275288919462773204e+07
8.150057837467169497e-01
2.574808891473324035e+00
1.160956819684467511e+00
-2.362841499154274771e+00
6.770905900226182439e+00
7.571211840257456860e-01
-2.725552391223747151e+00
7.114272542766492791e+00
1.766895305494979862e-01
-7.978886624923906545e-01
2.116204718015298081e+00
6.927301421929886287e-03
3.020433831151792328e-02
6.308111506483613656e-03
-1.207351082421378036e-01
2.627221701538172693e-01
3.415143325637247027e-03
-1.077998578193406221e-01
2.709810695966273775e-01
7.374208843564062721e-04
-2.749559703584456005e-02
7.331600852836447912e-02
1.010328115883566635e+00
8.993121977195650974e-04
2.839500729679877988e-01
-4.049711057825798655e+00
1.320792746090219971e+01
1.039626388655527228e-01
-7.025197574001153633e+00
2.478451470076910113e+01
3.093204199250793734e-02
-2.692375466777039428e+00
9.609449931926135946e+00
1.308201729314750317e+00
-5.537729537185818313e-03
-6.782928680785572928e-02
-6.689856763052475230e-01
3.403135463237162206e+00
-5.296568723429067455e-02
-9.923730074567912451e-01
4.820714406535039132e+00
-6.134141560936475293e-03
-3.842939309319582386e-01
1.756168846851413390e+00
2.096551999295542828e+03
1.463749316826155336e+03
1.312549328609852182e+03
1.830733001708211668e+04
-4.353414407461069641e+04
-8.332889543511114425e+02
3.204731997183186832e+04
-1.086094503752085875e+05
4.522513639811220401e+02
8.353439546391713520e+03
-4.453132500373219955e+04
-1.011111520839606419e+04
-4.463282138004672743e+04
-6.541653833513552854e+03
-2.668573351950852084e+05
6.864433849976370111e+05
3.405766796145728676e+03
-4.375765179720033193e+05
1.631788598776144441e+06
-7.464349637672171411e+03
-1.146030004517115012e+05
6.743665564641910605e+05
2.294146893337809524e+04
2.309386551221722621e+05
1.496004490445166630e+04
1.194922257487921510e+06
-3.103165485758048948e+06
-3.038107618694554731e+03
1.871817196652726969e+06
-7.308364913332836702e+06
4.270829232610260078e+04
4.673149756149731111e+05
-3.065534932758388110e+06
-1.462048833203500362e+04
-3.778316851916958694e+05
-9.608862911659387464e+03
-1.710276736552295974e+06
4.333619501946843229e+06
-2.236534388779139408e+04
-2.501860170179930050e+06
1.027580460137853399e+07
-8.540794867112289649e+04
-5.701500083618506324e+05
4.396095466379227117e+06
9.789747327985583070e+01
-4.265973087748922410e+01
1.534842103790491308e+02
-1.417062076076895437e+03
2.752861414366502686e+03
1.387406469558648894e+02
-1.433658507513588120e+03
2.857741895243075760e+03
4.102510946737612585e+01
-4.236807379746389870e+02
8.503594335657172678e+02
-3.282060127923796422e+00
-9.047406085579989821e+00
-1.241860776570399949e+01
5.541902096224314533e+01
-1.060914472728101288e+02
-1.195311075925747524e+01
7.683403672571796506e+01
-1.553269081480250975e+02
-3.412205365106101507e+00
2.557771441219137643e+01
-5.440085562516316742e+01
-2.516604736685981657e-05
1.975199979177119018e-05
-1.836847872113311946e-05
2.188543201119186641e-05
8.249985127728096373e-05
7.156765215439269117e-06
-5.578158902381119858e-05
1.914128678172999170e-04
5.448124646917006573e-06
-3.220208507062450280e-05
7.974538119464875258e-05
4.331514709695348131e+01
6.386332679188080874e+02
-3.285768747216059182e+01
2.415893826937031463e+03
-5.766875169379177350e+03
-6.185459307173840671e+01
2.953967762459948062e+03
-8.986290575914970759e+03
-2.157143577976204440e+01
9.812158224673428322e+02
-3.239566489593028564e+03
-7.018997500125669087e-02
-1.626731289206864717e-01
-1.872858452187821654e-01
1.137779718202206469e+00
-2.834093993550892865e+00
-1.714065175026247279e-01
1.719892195710617022e+00
-4.539475996118681245e+00
-4.997351658925295453e-02
6.063467888473257350e-01
-1.682611150990998894e+00
9.599129075520066223e+00
-3.968796284108989312e+02
1.620172832837241828e+01
-1.575910307456375676e+03
3.599194952925403868e+03
2.709278347489610184e+01
-1.785961761541609803e+03
5.153593474477112977e+03
1.117582521078015034e+01
-5.777735594042372895e+02
1.808796343475571348e+03
-2.989528236835434574e-02
1.401926374807955344e+00
-7.355938516651411296e-02
8.337409496723473534e-01
2.240014195775983097e-01
-5.520311701583560660e-02
5.667110441657746689e-01
7.186912673266466767e-01
-1.550745752659144806e-02
1.575030788622544808e-01
2.107680700212034297e-01
9.977346405569539334e-01
-7.884444851408895644e-03
-5.904716138060510378e-02
1.395835387117838167e+00
-4.516708831263579249e+00
-5.585338170861669366e-02
1.751664241323326765e+00
-5.990218157491224993e+00
-1.794532927934163261e-02
5.965124084636451718e-01
-2.060877525200576432e+00
2.501253501269038934e-02
1.857282330510081139e-02
3.931907278064203638e+03
-1.739565448817183278e+04
3.132381695913830299e+03
3.439647537440526648e+05
-1.216277387229021639e+06
-7.070298158380173845e+04
1.383702786430974258e+06
-3.966530449096567463e+06
-6.001301892561397835e+04
8.036422217546951724e+05
-2.091531999057927402e+06
-4.010519097770177177e+04
1.122542620575108886e+05
2.356176409975588831e+04
-3.476385611612025183e+06
1.137491165005042031e+07
7.542136624237897340e+05
-1.308504071502971463e+07
3.644864341221928596e+07
5.962841905417222297e+05
-7.427551488282850012e+06
1.892826620932159945e+07
8.320871058103881660e+04
-1.912367128865453124e+05
-2.109152785931523831e+05
8.717386585887724534e+06
-2.691712648523582891e+07
-1.989080441297468031e+06
3.089332678562488779e+07
-8.389160674101623893e+07
-1.453495044725488406e+06
1.706075488881782070e+07
-4.275477025910969079e+07
8.150234891117837943e-01
2.574854644293556483e+00
1.160906007864419998e+00
-2.362895900941968996e+00
6.770790754296194258e+00
7.571563042364471974e-01
-2.725435799715552054e+00
7.114475488886935928e+00
1.766863053996838295e-01
-7.979053653391399159e-01
2.116174894121958250e+00
6.927197457749969395e-03
3.020393983761602771e-02
6.308203012841736429e-03
-1.207289142273962473e-01
2.627281388224155245e-01
3.415107328689413919e-03
-1.078063803146366573e-01
2.709726906111256106e-01
7.374233072158051672e-04
-2.749497688630792719e-02
7.331691983448761218e-02
1.010311903841821124e+00
8.993121947995280554e-04
2.839510634711945869e-01
-4.049669232519875983e+00
1.320802430386921245e+01
1.039624826891681481e-01
-7.025340260856632213e+00
2.478413429163744297e+01
3.093206081991476189e-02
-2.692346991553627777e+00
9.609528192151078230e+00
1.308241433335384452e+00
-5.537729385658492903e-03
-6.782939428014518601e-02
-6.689877777894767119e-01
3.403123690284250991e+00
-5.296560022770044340e-02
-9.923668882639258282e-01
4.820745838537900951e+00
-6.134143261700321891e-03
-3.842952897702771042e-01
1.756162569220719671e+00
2.096551999295542828e+03
1.463749316826155336e+03
1.312549328609852182e+03
1.830733001708211668e+04
-4.353414407461069641e+04
-8.332889543511114425e+02
3.204731997183186832e+04
-1.086094503752085875e+05
4.522513639811220401e+02
8.353439546391713520e+03
-4.453132500373219955e+04
-1.010771880745315502e+04
-4.463125451021435583e+04
-6.541979290227538513e+03
-2.668281095606332528e+05
6.864368848724284908e+05
3.405800659440078107e+03
-4.376541423566178419e+05
1.631915894463772187e+06
-7.464887117058929107e+03
-1.145960282884940389e+05
6.744670692679618951e+05
2.295044371235775179e+04
2.309623032148554630e+05
1.495905652660160013e+04
1.195105522636018926e+06
-3.103341859631348867e+06
-3.038086419501878026e+03
1.871512370503794868e+06
-7.306064034831675701e+06
4.269729191572940908e+04
4.673333120225381572e+05
-3.064805342517536599e+06
-1.461908467001927056e+04
-3.778054999051051564e+05
-9.609035377138196054e+03
-1.710212233759126160e+06
4.333416841678712517e+06
-2.236476873354906274e+04
-2.501814912906553131e+06
1.027821190638589114e+07
-8.542742711550975218e+04
-5.701601790200135438e+05
4.396438803378146142e+06
9.789747327985583070e+01
-4.265973087748922410e+01
1.534842103790491308e+02
-1.417062076076895437e+03
2.752861414366502686e+03
1.387406469558648894e+02
-1.433658507513588120e+03
2.857741895243075760e+03
4.102510946737612585e+01
-4.236807379746389870e+02
8.503594335657172678e+02
-3.281921937334462580e+00
-9.044381440334403166e+00
-1.241778629770796805e+01
5.538869926204507976e+01
-1.061130977909484869e+02
-1.195431790041075892e+01
7.683703524367106752e+01
-1.553456384858326942e+02
-3.411668288072622790e+00
2.558304911933570835e+01
-5.439335633810931370e+01
-2.518008205409833801e-05
1.975296116103198699e-05
-1.836539001093386858e-05
2.188512876172419490e-05
8.249930709579552713e-05
7.156285943080552760e-06
-5.578440447307273761e-05
1.914002037720538812e-04
5.448781898666680589e-06
-3.219893806778708278e-05
7.974980580714468215e-05
4.331514709695348131e+01
6.386332679188080874e+02
-3.285768747216059182e+01
2.415893826937031463e+03
-5.766875169379177350e+03
-6.185459307173840671e+01
2.953967762459948062e+03
-8.986290575914970759e+03
-2.157143577976204440e+01
9.812158224673428322e+02
-3.239566489593028564e+03
-7.018112694706321597e-02
-1.626533649445230656e-01
-1.873129161984633251e-01
1.137406876629688979e+00
-2.834506955815691231e+00
-1.714250681079464711e-01
1.719842581728833197e+00
-4.539703944330240049e+00
-4.996602593747147270e-02
6.064788011156916347e-01
-1.682426298043455004e+00
9.599377491881387670e+00
-3.967349868983196757e+02
1.620145172227301700e+01
-1.576675937536640504e+03
3.598433254260721696e+03
2.709298375711383144e+01
-1.785728577146217503e+03
5.153667172807409770e+03
1.117592872243144697e+01
-5.777305467116425461e+02
1.808912607326208672e+03
-2.989559339153376530e-02
1.401692262536100797e+00
-7.355863936653687929e-02
8.337691398459958769e-01
2.240018106740439274e-01
-5.520324818452936044e-02
5.667076573911172810e-01
7.186909764365575493e-01
-1.550747888515862684e-02
1.575027112740363666e-01
2.107678746651620305e-01
9.979791569131075679e-01
-7.884440702132516562e-03
-5.904731660013413236e-02
1.395812816923044819e+00
-4.516754321407815631e+00
-5.585339982032623551e-02
1.751655503519496282e+00
-5.990266265227997877e+00
-1.794531730679204545e-02
5.965162053944054188e-01
-2.060864176993590924e+00
2.501253501269038934e-02
1.770604779286718417e-02
3.931912459188501998e+03
-1.739560865940105577e+04
3.132383152882982358e+03
3.439644069629875594e+05
-1.216280318487028359e+06
-7.070394564072912908e+04
1.383629859937174246e+06
-3.966700948836153373e+06
-6.001253446990708471e+04
8.036818500253828242e+05
-2.091442805549092358e+06
-4.010505022472517157e+04
1.122547909268091753e+05
2.356178235169330219e+04
-3.476446216815516353e+06
1.137465682535142265e+07
7.541965813463536324e+05
-1.308530758721914887e+07
3.644827674442131072e+07
5.962798699362986954e+05
-7.427542727188741788e+06
1.892855184176132083e+07
8.320887067414459307e+04
-1.912362926544105576e+05
-2.109149809818061767e+05
8.717210156867906451e+06
-2.691773890157633275e+07
-1.989090565514491638e+06
3.089481485701798275e+07
-8.388800269349734485e+07
-1.453525949280531611e+06
1.705969964509103447e+07
-4.275627101389008015e+07
8.150378278000930399e-01
2.574893774962194293e+00
1.160864945381634206e+00
-2.362941935739382160e+00
6.770691068680377178e+00
7.571851503260691452e-01
-2.725336678956125080e+00
7.114651037029834590e+00
1.766836172805687222e-01
-7.979196501201418767e-01
2.116149052552003251e+00
6.927094443370138306e-03
3.020354678075804281e-02
6.308294273672699834e-03
-1.207227663843783716e-01
2.627340435237091043e-01
3.415071257768124979e-03
-1.078128920528809986e-01
2.709643455470054363e-01
7.374257427215225166e-04
-2.749435518262443104e-02
7.331783196694163784e-02
1.010295679912246225e+00
8.993121918838456030e-04
2.839520795989429747e-01
-4.049626327635449385e+00
1.320812376549508116e+01
1.039623190385815105e-01
-7.025490469603314025e+00
2.478373187320901039e+01
3.093208086467905821e-02
-2.692316425643456412e+00
9.609612800257815834e+00
1.308280393924818652e+00
-5.537729237481614150e-03
-6.782949999195476976e-02
-6.689898347673117751e-01
3.403112204981651345e+00
-5.296551438066338102e-02
-9.923608786138699012e-01
4.820776614742326771e+00
-6.134144943360590393e-03
-3.842966278691732351e-01
1.756156402848031428e+00
2.096551999295542828e+03
1.463749316826155336e+03
1.312549328609852182e+03
1.830733001708211668e+04
-4.353414407461069641e+04
-8.332889543511114425e+02
3.204731997183186832e+04
-1.086094503752085875e+05
4.522513639811220401e+02
8.353439546391713520e+03
-4.453132500373219955e+04
-1.010474083396046626e+04
-4.463000991927813448e+04
-6.542208088573080204e+03
-2.667984919593342347e+05
6.864249043500869302e+05
3.405819481063367675e+03
-4.377169944668782409e+05
1.632056111814468168e+06
-7.465369834010985869e+03
-1.145902702459614811e+05
6.745739615347121144e+05
2.295831857602817036e+04
2.309812831617640331e+05
1.495833749139916108e+04
1.195308630881420802e+06
-3.103557280889095273e+06
-3.038072233068009609e+03
1.871281992924825521e+06
-7.303787561193479225e+06
4.268749212780840753e+04
4.673473480433520745e+05
-3.063966614402170293e+06
-1.461785227767889046e+04
-3.777843286812042934e+05
-9.609163763892891438e+03
-1.710121103829169646e+06
4.333197090985389426e+06
-2.236435565225583923e+04
-2.501757511928982101e+06
1.028049505065447465e+07
-8.544468675433841418e+04
-5.701697387605964905e+05
4.396897611708118580e+06
9.789747327985583070e+01
-4.265973087748922410e+01
1.534842103790491308e+02
-1.417062076076895437e+03
2.752861414366502686e+03
1.387406469558648894e+02
-1.433658507513588120e+03
2.857741895243075760e+03
4.102510946737612585e+01
-4.236807379746389870e+02
8.503594335657172678e+02
-3.281843380251533215e+00
-9.041646329614607680e+00
-1.241715724929965070e+01
5.536227125609190125e+01
-1.061304664918419860e+02
-1.195465569960788166e+01
7.684064422588356535e+01
-1.553646395861625820e+02
-3.411285646235927782e+00
2.558724234042074741e+01
-5.438705387024207738e+01
-2.519302175782399118e-05
1.975382428888673898e-05
-1.836306795859058823e-05
2.188481430949281077e-05
8.249892049322813076e-05
7.155974118037405077e-06
-5.578631768974283683e-05
1.913893582855460409e-04
5.449283777936525775e-06
-3.219651769670962621e-05
7.975327007998708187e-05
4.331514709695348131e+01
6.386332679188080874e+02
-3.285768747216059182e+01
2.415893826937031463e+03
-5.766875169379177350e+03
-6.185459307173840671e+01
2.953967762459948062e+03
-8.986290575914970759e+03
-2.157143577976204440e+01
9.812158224673428322e+02
-3.239566489593028564e+03
-7.017319957039183653e-02
-1.626356196386700981e-01
-1.873389430175227965e-01
1.137088122967953474e+00
-2.834830212581280318e+00
-1.714399220414268288e-01
1.719748361576376672e+00
-4.540041994928829538e+00
-4.995940702514950482e-02
6.066034830589456250e-01
-1.682247074544823029e+00
9.599597666324829248e+00
-3.966042067824342894e+02
1.620121385954035276e+01
-1.577322439181625668e+03
3.597821062510064166e+03
2.709314583045776459e+01
-1.785583522882929628e+03
5.153564984546852429e+03
1.117602507797745304e+01
-5.776850852715429028e+02
1.809035293754200438e+03
-2.989586487579023663e-02
1.401481899613548743e+00
-7.355802107467435125e-02
8.337925598699041929e-01
2.240021209317555884e-01
-5.520334229771466095e-02
5.667056758929136517e-01
7.186912066784278963e-01
-1.550750023449761796e-02
1.575022918505139813e-01
2.107676580435922653e-01
9.981986836203557978e-01
-7.884436944640639891e-03
-5.904743168942248877e-02
1.395795720950693264e+00
-4.516786323608183551e+00
-5.585343677545874519e-02
1.751642507534059590e+00
-5.990325072905367421e+00
-1.794530480268402214e-02
5.965200931424733399e-01
-2.060850802360590706e+00
2.501253501269038934e-02
1.701690329451999162e-02
3.931917573590849770e+03
-1.739556328916817438e+04
3.132384400330617609e+03
3.439636145321639488e+05
-1.216284367778214160e+06
-7.070467776895649149e+04
1.383574094810607843e+06
-3.966840973758249544e+06
-6.001233919004206837e+04
8.037110006038105348e+05
-2.091369452402195428e+06
-4.010491867823337816e+04
1.122553028613937640e+05
2.356180113632555003e+04
-3.476501568523420952e+06
1.137441891426849738e+07
7.541807262412403943e+05
-1.308555633033079468e+07
3.644788221109620482e+07
5.962737171843952965e+05
-7.427567708356982097e+06
1.892880916745352000e+07
8.320901360786842997e+04
-1.912358926686846244e+05
-2.109146095206007594e+05
8.717065567414211109e+06
-2.691827547295250371e+07
-1.989106982566933148e+06
3.089586942260597646e+07
-8.388523684088997543e+07
-1.453552475086684106e+06
1.705882582196884602e+07
-4.275746795019926876e+07
8.150493940487844036e-01
2.574927421722057019e+00
1.160831823662442641e+00
-2.362981128493435445e+00
6.770604055360582407e+00
7.572089205752637886e-01
-2.725251738447597827e+00
7.114804305720446642e+00
1.766813617472855202e-01
-7.979319817062845432e-01
2.116126432686679326e+00
6.926992400932311528e-03
3.020315802206351846e-02
6.308384798776304862e-03
-1.207166790338729812e-01
2.627398818913129763e-01
3.415035439397668283e-03
-1.078193479486228984e-01
2.709560819430597567e-01
7.374281624284404228e-04
-2.749373838227488903e-02
7.331873600236492317e-02
1.010279389477785728e+00
8.993121889588750074e-04
2.839531164240158834e-01
-4.049582480183508082e+00
1.320822560303919779e+01
1.039621501123263597e-01
-7.025646240376537399e+00
2.478331281082934012e+01
3.093210171933250680e-02
-2.692284419705211373e+00
9.609701853607635513e+00
1.308318741476445668e+00
-5.537729091846811322e-03
-6.782960386225420080e-02
-6.689918507239280832e-01
3.403100970861837382e+00
-5.296543006703926387e-02
-9.923549929602401010e-01
4.820806694557942862e+00
-6.134146594143316186e-03
-3.842979377359952986e-01
1.756150377930658202e+00
2.096551999295542828e+03
1.463749316826155336e+03
1.312549328609852182e+03
1.830733001708211668e+04
-4.353414407461069641e+04
-8.332889543511114425e+02
3.204731997183186832e+04
-1.086094503752085875e+05
4.522513639811220401e+02
8.353439546391713520e+03
-4.453132500373219955e+04
-1.010205483359089158e+04
-4.462899927463439235e+04
-6.542369100370649903e+03
-2.667682403106424026e+05
6.864118459722778061e+05
3.405826797718536454e+03
-4.377691173334429623e+05
1.632199776829065522e+06
-7.465805444183812142e+03
-1.145858476138832921e+05
6.746804016189530957e+05
2.296542502360157960e+04
2.309968700506564055e+05
1.495780765514656377e+04
1.195529897675404092e+06
-3.103770748390186112e+06
-3.038063358600045376e+03
1.871104264470467344e+06
-7.301597078163867816e+06
4.267868161077219702e+04
4.673546958790098433e+05
-3.063097750238862820e+06
-1.461673966010189906e+04
-3.777668051854029763e+05
-9.609261146001244924e+03
-1.710007572205607546e+06
4.332987513965437189e+06
-2.236406450956259869e+04
-2.501693131315037142e+06
1.028263141074669361e+07
-8.546016312075324822e+04
-5.701807346605666680e+05
4.397404753629975021e+06
9.789747327985583070e+01
-4.265973087748922410e+01
1.534842103790491308e+02
-1.417062076076895437e+03
2.752861414366502686e+03
1.387406469558648894e+02
-1.433658507513588120e+03
2.857741895243075760e+03
4.102510946737612585e+01
-4.236807379746389870e+02
8.503594335657172678e+02
-3.281835390728408353e+00
-9.039159638492245463e+00
-1.241644282620449502e+01
5.533922831937910303e+01
-1.061445385917363495e+02
-1.195446470785056015e+01
7.684463553894703125e+01
-1.553832424092250619e+02
-3.411015849445823367e+00
2.559051458707408955e+01
-5.438179516329926599e+01
-2.520542063090212544e-05
1.975459192233372321e-05
-1.836121091259712630e-05
2.188450425307501105e-05
8.249864664343098961e-05
7.155776775623253074e-06
-5.578757677717249749e-05
1.913800571347887356e-04
5.449672353869344298e-06
-3.219464674123084536e-05
7.975597309133314989e-05
4.331514709695348131e+01
6.386332679188080874e+02
-3.285768747216059182e+01
2.415893826937031463e+03
-5.766875169379177350e+03
-6.185459307173840671e+01
2.953967762459948062e+03
-8.986290575914970759e+03
-2.157143577976204440e+01
9.812158224673428322e+02
-3.239566489593028564e+03
-7.016622982317741175e-02
-1.626195576383112906e-01
-1.873633665474683241e-01
1.136809797622447160e+00
-2.835092691710520807e+00
-1.714516606962090128e-01
1.719641986099945896e+00
-4.540412830919654752e+00
-4.995359400660059207e-02
6.067163622713696025e-01
-1.682085333829882901e+00
9.599792585256789579e+00
-3.964848601808364492e+02
1.620100989134373037e+01
-1.577877840970296120e+03
3.597316679884809218e+03
2.709328281191738697e+01
-1.785490626490669001e+03
5.153371263520290086e+03
1.117611167544193229e+01
-5.776414375267580681e+02
1.809152775048318972e+03
-2.989610173037425891e-02
1.401290979801107506e+00
-7.355750968871659079e-02
8.338123796219707451e-01
2.240023733556099350e-01
-5.520341189625416201e-02
5.667045349273356347e-01
7.186917143330572300e-01
-1.550752031943840661e-02
1.575018727469023327e-01
2.107674448490809427e-01
9.983972627965705948e-01
-7.884433510108314683e-03
-5.904751414436294754e-02
1.395782929255577454e+00
-4.516807923727596652e+00
-5.585348775101126040e-02
1.751626580380356124e+00
-5.990390744242263921e+00
-1.794529213286712166e-02
5.965239580402977859e-01
-2.060837725777672436e+00
2.501253501269038934e-02
1.644715285007355629e-02
3.931922676912090992e+03
-1.739551801221651476e+04
3.132385471898820015e+03
3.439623831031501759e+05
-1.216289626327474834e+06
-7.070524060716714303e+04
1.383532097239460098e+06
-3.966955382416560315e+06
-6.001233727369191911e+04
8.037326267841752851e+05
-2.091307848526390968e+06
-4.010479314598575002e+04
1.122558045615634037e+05
2.356182010907453514e+04
-3.476555435960419476e+06
1.137418609962684661e+07
7.541655670934264781e+05
-1.308577730371205695e+07
3.644751427654397488e+07
5.962668709615322296e+05
-7.427607332407191396e+06
1.892905349619365111e+07
8.320914450881879020e+04
-1.912355061745417479e+05
-2.109141859184750938e+05
8.716941315949065611e+06
-2.691876510422339663e+07
-1.989128652208055137e+06
3.089661110073037446e+07
-8.388304979612430930e+07
-1.453574570160033647e+06
1.705810638074172661e+07
-4.275842006961984932e+07
8.150586926918053088e-01
2.574956587655326867e+00
1.160805163269618356e+00
-2.363014750355490357e+00
6.770527365270602616e+00
7.572285752644989376e-01
-2.725178310221811451e+00
7.114939472219612426e+00
1.766794561962219401e-01
-7.979427307643869316e-01
2.116106425331582219e+00
6.926891522263252735e-03
3.020277406543749391e-02
6.308474234690061334e-03
-1.207106748063725976e-01
2.627456320948954316e-01
3.415000062384089714e-03
-1.078257123044817772e-01
2.709479484236566593e-01
7.374305511112894899e-04
-2.749313071577655365e-02
7.331962524497788458e-02
1.010263079035222278e+00
8.993121860321579789e-04
2.839541658058175599e-01
-4.049538050263057798e+00
1.320832892532356162e+01
1.039619779235928521e-01
-7.025805514911393601e+00
2.478288315956397270e+01
3.093212307111200057e-02
-2.692251515369798121e+00
9.609793703360191230e+00
1.308356466101620263e+00
-5.537728948727932594e-03
-6.782970570076209127e-02
-6.689938226507653463e-01
3.403090002952712911e+00
-5.296534754585800059e-02
-9.923492487088703129e-01
4.820835988949506934e+00
-6.134148207466731152e-03
-3.842992140789002198e-01
1.756144519425801631e+00
2.096551999295542828e+03
1.463749316826155336e+03
1.312549328609852182e+03
1.830733001708211668e+04
-4.353414407461069641e+04
-8.332889543511114425e+02
3.204731997183186832e+04
-1.086094503752085875e+05
4.522513639811220401e+02
8.353439546391713520e+03
-4.453132500373219955e+04
-1.009959158274395486e+04
-4.462816771100378537e+04
-6.542478963706561444e+03
-2.667376232862483012e+05
6.863993021126354579e+05
3.405824488202400516e+03
-4.378128085738099762e+05
1.632342599012674764e+06
-7.466193443652015048e+03
-1.145825876612556312e+05
6.747843427018728107e+05
2.297194413788242309e+04
2.310098453312928614e+05
1.495742077822868487e+04
1.195764107372620143e+06
-3.103968643881738652e+06
-3.038058861493157565e+03
1.870968429763839813e+06
-7.299510788531343453e+06
4.267081094821331499e+04
4.673557923049579258e+05
-3.062226814297664445e+06
-1.461571874864547317e+04
-3.777521017552746343e+05
-9.609335072124331418e+03
-1.709877454964199802e+06
4.332796270076283254e+06
-2.236387277284920128e+04
-2.501622599914761726e+06
1.028462461076698266e+07
-8.547401018820246099e+04
-5.701934418660559459e+05
4.397933548055334017e+06
9.789747327985583070e+01
-4.265973087748922410e+01
1.534842103790491308e+02
-1.417062076076895437e+03
2.752861414366502686e+03
1.387406469558648894e+02
-1.433658507513588120e+03
2.857741895243075760e+03
4.102510946737612585e+01
-4.236807379746389870e+02
8.503594335657172678e+02
-3.281883464495661595e+00
-9.036872413816617211e+00
-1.241560935401161458e+01
5.531898007166265785e+01
-1.061560112754142580e+02
-1.195391654260605918e+01
7.684873845316829488e+01
-1.554013994246053016e+02
-3.410830527717598315e+00
2.559307939955646560e+01
-5.437737922338394014e+01
-2.521739682178762414e-05
1.975528263811505365e-05
-1.835968855927720366e-05
2.188420263699178693e-05
8.249845951426518903e-05
7.155663623500914764e-06
-5.578836086601516561e-05
1.913719780482381501e-04
5.449975038913849231e-06
-3.219318923095043666e-05
7.975808704877667928e-05
4.331514709695348131e+01
6.386332679188080874e+02
-3.285768747216059182e+01
2.415893826937031463e+03
-5.766875169379177350e+03
-6.185459307173840671e+01
2.953967762459948062e+03
-8.986290575914970759e+03
-2.157143577976204440e+01
9.812158224673428322e+02
-3.239566489593028564e+03
-7.016008496458529808e-02
-1.626048751723246089e-01
-1.873862231198705763e-01
1.136563412402035178e+00
-2.835309986650719427e+00
-1.714608433382616703e-01
1.719533878069504862e+00
-4.540788929462553192e+00
-4.994847734064743194e-02
6.068174186231491962e-01
-1.681942941127947400e+00
9.599966711582691659e+00
-3.963748101503720136e+02
1.620083397695912808e+01
-1.578361341316695643e+03
3.596894684884148319e+03
2.709340156266286925e+01
-1.785432844046765013e+03
5.153123835995161244e+03
1.117618877496453322e+01
-5.776007827752780486e+02
1.809261650385268922e+03
-2.989631025316773563e-02
1.401115818184107908e+00
-7.355708510418651480e-02
8.338293862201882067e-01
2.240025819375840721e-01
-5.520346388827051393e-02
5.667039562801013952e-01
7.186923858884632921e-01
-1.550753885032682064e-02
1.575014717649970697e-01
2.107672435101077268e-01
9.985786854259884882e-01
-7.884430340338265814e-03
-5.904757004104115720e-02
1.395773607722015974e+00
-4.516821210459103675e+00
-5.585354989804213605e-02
1.751608414992403828e+00
-5.990461407588681730e+00
-1.794527938068961673e-02
5.965277769446799550e-01
-2.060824996794028419e+00
2.501253501269038934e-02
1.596370692395157609e-02
3.931927744137567061e+03
-1.739547292102001666e+04
3.132386409536982228e+03
3.439608055611614254e+05
-1.216295852310173213e+06
-7.070567544185381848e+04
1.383500824419004610e+06
-3.967049588101763278e+06
-6.001247616141032631e+04
8.037486254205246223e+05
-2.091255122519704513e+06
-4.010467300601635361e+04
1.122562971573264658e+05
2.356183924056033720e+04
-3.476608411172859836e+06
1.137395630654309504e+07
7.541508994856871432e+05
-1.308597282772087306e+07
3.644717892185128480e+07
5.962596678293284494e+05
-7.427655288752434775e+06
1.892929054234218225e+07
8.320926527881923539e+04
-1.912351309850126854e+05
-2.109137219857228629e+05
8.716832279852122068e+06
-2.691921996804832295e+07
-1.989154412856973009e+06
3.089711892310819775e+07
-8.388129037995839119e+07
-1.453593016780565493e+06
1.705750907984718308e+07
-4.275918090308646113e+07
8.150661295871828305e-01
2.574982084069997956e+00
1.160783788962000740e+00
-2.363043813826804840e+00
6.770459124669581108e+00
7.572448714012369742e-01
-2.725114288208213775e+00
7.115059836369968416e+00
1.766778358574339347e-01
-7.979521881574400677e-01
2.116088552256592425e+00
6.926792006748609676e-03
3.020239560826893516e-02
6.308562308390968341e-03
-1.207047732398946749e-01
2.627512740024652294e-01
3.414965257473523245e-03
-1.078319586180316453e-01
2.709399824484141628e-01
7.374328987944223481e-04
-2.749253509796092607e-02
7.332049496473493078e-02
1.010246805654373192e+00
8.993121831135286650e-04
2.839552204580354511e-01
-4.049493368640036728e+00
1.320843290543619375e+01
1.039618040810614819e-01
-7.025966620899632531e+00
2.478244787064411625e+01
3.093214468376463341e-02
-2.692218126829599267e+00
9.609887082635118816e+00
1.308393534045980466e+00
-5.537728808231681676e-03
-6.782980533596746908e-02
-6.689957472686633988e-01
3.403079319764046318e+00
-5.296526699930962506e-02
-9.923436591115949446e-01
4.820864427317102852e+00
-6.134149779177602846e-03
-3.843004533992543936e-01
1.756138844191715398e+00
2.096551999295542828e+03
1.463749316826155336e+03
1.312549328609852182e+03
1.830733001708211668e+04
-4.353414407461069641e+04
-8.332889543511114425e+02
3.204731997183186832e+04
-1.086094503752085875e+05
4.522513639811220401e+02
8.353439546391713520e+03
-4.453132500373219955e+04
-1.009730509896223884e+04
-4.462747605846677470e+04
-6.542549075201512096e+03
-2.667069468945849221e+05
6.863879545994068030e+05
3.405813888343129292e+03
-4.378496549578417907e+05
1.632482271262636408e+06
-7.466533142364338346e+03
-1.145802898119888414e+05
6.748850799249914708e+05
2.297799610700042831e+04
2.310207639099679946e+05
1.495714519111652771e+04
1.196006422632096335e+06
-3.104145922862312291e+06
-3.038058078860084152e+03
1.870867414374391083e+06
-7.297533188583160751e+06
4.266385024070210056e+04
4.673515639893416665e+05
-3.061366445214719512e+06
-1.461477092943665593e+04
-3.777396334727009526e+05
-9.609390711358526460e+03
-1.709735740301447921e+06
4.332625748962897807e+06
-2.236376448600639924e+04
-2.501546035923002288e+06
1.028648416693864018e+07
-8.548632988005381776e+04
-5.702077282324783737e+05
4.398470365374162793e+06
9.789747327985583070e+01
-4.265973087748922410e+01
1.534842103790491308e+02
-1.417062076076895437e+03
2.752861414366502686e+03
1.387406469558648894e+02
-1.433658507513588120e+03
2.857741895243075760e+03
4.102510946737612585e+01
-4.236807379746389870e+02
8.503594335657172678e+02
-3.281970824042135249e+00
-9.034742775863458419e+00
-1.241467905100519076e+01
5.530101076331719412e+01
-1.061654094177384877e+02
-1.195311627680780120e+01
7.685276040998085989e+01
-1.554191680884399034e+02
-3.410709149289661291e+00
2.559510549275719526e+01
-5.437363609000098563e+01
-2.522896435958778006e-05
1.975591486911580091e-05
-1.835842803340301892e-05
2.188390997325373157e-05
8.249834017172688236e-05
7.155614347044953940e-06
-5.578879819381107039e-05
1.913648587658356166e-04
5.450211473430823338e-06
-3.219204405038308481e-05
7.975974464182422846e-05
4.331514709695348131e+01
6.386332679188080874e+02
-3.285768747216059182e+01
2.415893826937031463e+03
-5.766875169379177350e+03
-6.185459307173840671e+01
2.953967762459948062e+03
-8.986290575914970759e+03
-2.157143577976204440e+01
9.812158224673428322e+02
-3.239566489593028564e+03
-7.015462540062306074e-02
-1.625913284995439689e-01
-1.874076144089310003e-01
1.136343140518748962e+00
-2.835492145814982656e+00
-1.714680037307567684e-01
1.719427390529241206e+00
-4.541158609676368307e+00
-4.994394601093130048e-02
6.069077397913225091e-01
-1.681819133958461832e+00
9.600123990039659105e+00
-3.962723526203208166e+02
1.620068123870345644e+01
-1.578786881316772224e+03
3.596537526564913151e+03
2.709350568596682152e+01
-1.785400389079890829e+03
5.152843661886489826e+03
1.117625743109963388e+01
-5.775633682063843253e+02
1.809360996754556936e+03
-2.989649587020611066e-02
1.400953504265322058e+00
-7.355673126394834949e-02
8.338441453278135906e-01
2.240027562919433834e-01
-5.520350236773705066e-02
5.667037758071026277e-01
7.186931568239799395e-01
-1.550755585345438801e-02
1.575010954604660618e-01
2.107670572095070305e-01
9.987460479659555634e-01
-7.884427389128234251e-03
-5.904760417741284489e-02
1.395767127837845401e+00
-4.516827721136222884e+00
-5.585362119741538872e-02
1.751588465896221525e+00
-5.990535898832215267e+00
-1.794526656508221851e-02
5.965315479196096060e-01
-2.060812601815660283e+00
2.501253501269038934e-02
1.554539305382496642e-02
3.931932741354288737e+03
-1.739542816835697886e+04
3.132387249441489530e+03
3.439589738393243751e+05
-1.216302788475046866e+06
-7.070601274765169364e+04
1.383477822966711363e+06
-3.967128141130644828e+06
-6.001272003203914937e+04
8.037603717605894199e+05
-2.091209136360155651e+06
-4.010455817044615105e+04
1.122567806446394679e+05
2.356185856341433100e+04
-3.476660419723173603e+06
1.137372952169167250e+07
7.541366067393621197e+05
-1.308614708154251240e+07
3.644687273315915465e+07
5.962522471180428984e+05
-7.427708661272211932e+06
1.892952305781290680e+07
8.320937695152792730e+04
-1.912347660668437311e+05
-2.109132257023487764e+05
8.716735362340882421e+06
-2.691964718045614660e+07
-1.989183294898087624e+06
3.089745048158378527e+07
-8.387985279112432897e+07
-1.453608601500423858e+06
1.705700640170590207e+07
-4.275979392939502001e+07
8.150720261344811535e-01
2.575004552820990167e+00
1.160766774340442398e+00
-2.363069116373143430e+00
6.770397858324408880e+00
7.572584036293641407e-01
-2.725058019176726187e+00
7.115167987723056697e+00
1.766764499825709822e-01
-7.979605816512039818e-01
2.116072439062790522e+00
6.926694006920134337e-03
3.020202320656819803e-02
6.308648824378409320e-03
-1.206989887045426812e-01
2.627567926007721710e-01
3.414931115160645732e-03
-1.078380681748239561e-01
2.709322107245779043e-01
7.374351987132611672e-04
-2.749195353654462076e-02
7.332134188035926980e-02
1.010230616649466118e+00
8.993121802112310137e-04
2.839562746697577023e-01
-4.049448695889597438e+00
1.320853689077327608e+01
1.039616298090137309e-01
-7.026128280699247775e+00
2.478201073189872972e+01
3.093216638060559617e-02
-2.692184564791104684e+00
9.609981040069888181e+00
1.308429918403939851e+00
-5.537728670449069100e-03
-6.782990264910340739e-02
-6.689976222444106169e-01
3.403068934637338838e+00
-5.296518854555599953e-02
-9.923382328953355147e-01
4.820891962892859262e+00
-6.134151306685813043e-03
-3.843016534943263784e-01
1.756133362874044757e+00
2.096551999295542828e+03
1.463749316826155336e+03
1.312549328609852182e+03
1.830733001708211668e+04
-4.353414407461069641e+04
-8.332889543511114425e+02
3.204731997183186832e+04
-1.086094503752085875e+05
4.522513639811220401e+02
8.353439546391713520e+03
-4.453132500373219955e+04
-1.009516158369963887e+04
-4.462689402712942683e+04
-6.542587926140307900e+03
-2.666764650880633853e+05
6.863781086585868616e+05
3.405796087512616850e+03
-4.378808676688998239e+05
1.632617464231881313e+06
-7.466824988851583839e+03
-1.145787794430421782e+05
6.749823453183386009e+05
2.298366928913434822e+04
2.310300543463507784e+05
1.495695731460981369e+04
1.196252969040398486e+06
-3.104300928080933634e+06
-3.038060480868697596e+03
1.870795728336879984e+06
-7.295663386077753268e+06
4.265776189833092940e+04
4.673429045636895462e+05
-3.060523528933349531e+06
-1.461388251618282629e+04
-3.777289490943633718e+05
-9.609431910023964519e+03
-1.709586360071460716e+06
4.332476176918053068e+06
-2.236372705730196321e+04
-2.501463646808624268e+06
1.028822053946552984e+07
-8.549722042876938940e+04
-5.702233851532104891e+05
4.399006917706609704e+06
9.789747327985583070e+01
-4.265973087748922410e+01
1.534842103790491308e+02
-1.417062076076895437e+03
2.752861414366502686e+03
1.387406469558648894e+02
-1.433658507513588120e+03
2.857741895243075760e+03
4.102510946737612585e+01
-4.236807379746389870e+02
8.503594335657172678e+02
-3.282083535815069730e+00
-9.032737818518365103e+00
-1.241368146259170402e+01
5.528490442940960747e+01
-1.061731328151807503e+02
-1.195213543112570242e+01
7.685658152738641036e+01
-1.554366064179542377e+02
-3.410636516633884341e+00
2.559671934043053909e+01
-5.437043419473447159e+01
-2.524011911275908366e-05
1.975650353220875907e-05
-1.835738047665485864e-05
2.188362575730921715e-05
8.249827421126085714e-05
7.155614257635475550e-06
-5.578898097051644873e-05
1.913585006258412716e-04
5.450396285633774951e-06
-3.219113651202802439e-05
7.976104534601540581e-05
4.331514709695348131e+01
6.386332679188080874e+02
-3.285768747216059182e+01
2.415893826937031463e+03
-5.766875169379177350e+03
-6.185459307173840671e+01
2.953967762459948062e+03
-8.986290575914970759e+03
-2.157143577976204440e+01
9.812158224673428322e+02
-3.239566489593028564e+03
-7.014973517289550820e-02
-1.625787271379532106e-01
-1.874276253628912037e-01
1.136144697104461088e+00
-2.835646333446542933e+00
-1.714736087637796502e-01
1.719323586586777752e+00
-4.541515898446348842e+00
-4.993990206457223774e-02
6.069885500923217769e-01
-1.681712584593729076e+00
9.600267568505335802e+00
-3.961761628190359943e+02
1.620054785858978619e+01
-1.579164931444415515e+03
3.596232338660642654e+03
2.709359723776641715e+01
-1.785386812252490699e+03
5.152544161221722788e+03
1.117631879836137010e+01
-5.775291555908281680e+02
1.809450693647213029e+03
-2.989666287888185017e-02
1.400801784316072274e+00
-7.355643579062734472e-02
8.338570787662425987e-01
2.240029034308646805e-01
-5.520352998430985009e-02
5.667038841882831024e-01
7.186939854072496026e-01
-1.550757144793749216e-02
1.575007463235993388e-01
2.107668872035671770e-01
9.989017799657974317e-01
-7.884424620510711509e-03
-5.904762030759513891e-02
1.395763006672066986e+00
-4.516828623019622846e+00
-5.585370010166391258e-02
1.751567066798749739e+00
-5.990613394155013260e+00
-1.794525369367315493e-02
5.965352730916005930e-01
-2.060800516415903783e+00
2.501253501269038934e-02
1.517798092092230433e-02
3.931937640522028232e+03
-1.739538388571093674e+04
3.132388020138452703e+03
3.439569632283704123e+05
-1.216310220931086689e+06
-7.070627568819960288e+04
1.383461173812392168e+06
-3.967194637088744435e+06
-6.001304237702297542e+04
8.037689050527404761e+05
-2.091168264110994060e+06
-4.010444861819966900e+04
1.122572548760337377e+05
2.356187811061524189e+04
-3.476711291112116538e+06
1.137350608075452410e+07
7.541226094176326878e+05
-1.308630389695228636e+07
3.644659120676119626e+07
5.962446880429377779e+05
-7.427765658639891073e+06
1.892975270256953686e+07
8.320948027601107606e+04
-1.912344107294296846e+05
-2.109127030798642372e+05
8.716648354622876272e+06
-2.692005173581139371e+07
-1.989214530971748056e+06
3.089764933047513664e+07
-8.387865798255972564e+07
-1.453621973625228507e+06
1.705657652272635698e+07
-4.276029325583881140e+07
8.150766365602859498e-01
2.575024499888901364e+00
1.160753388930485297e+00
-2.363091285473289727e+00
6.770342406682620329e+00
7.572696396190177204e-01
-2.725008204818177404e+00
7.115265958499929155e+00
1.766752587348451586e-01
-7.979680898429263314e-01
2.116057792316868191e+00
6.926597626814686576e-03
3.020165724122562956e-02
6.308733650532601274e-03
-1.206933309772599827e-01
2.627621776416703137e-01
3.414897696054785062e-03
-1.078440283636107749e-01
2.709246513001961620e-01
7.374374463699495414e-04
-2.749138737313984795e-02
7.332216379452273503e-02
1.010214547737054991e+00
8.993121773314810812e-04
2.839573241501105461e-01
-4.049404228009573004e+00
1.320864039025906855e+01
1.039614560206656158e-01
-7.026289540320219018e+00
2.478157457266742014e+01
3.093218803061383027e-02
-2.692151059844244632e+00
9.610074869423296917e+00
1.308465603339955763e+00
-5.537728535432317849e-03
-6.782999757054745948e-02
-6.689994462241860562e-01
3.403058855248170200e+00
-5.296511225286656271e-02
-9.923329750649113601e-01
4.820918569019100097e+00
-6.134152788517705478e-03
-3.843028131197710473e-01
1.756128081454289447e+00
2.096551999295542828e+03
1.463749316826155336e+03
1.312549328609852182e+03
1.830733001708211668e+04
-4.353414407461069641e+04
-8.332889543511114425e+02
3.204731997183186832e+04
-1.086094503752085875e+05
4.522513639811220401e+02
8.353439546391713520e+03
-4.453132500373219955e+04
-1.009313515286252914e+04
-4.462639759459380730e+04
-6.542602064600958329e+03
-2.666463685783013352e+05
6.863698805392362410e+05
3.405772023672618616e+03
-4.379074110670335358e+05
1.632747413216219284e+06
-7.467070548508545471e+03
-1.145779147645495395e+05
6.750760485419183969e+05
2.298903140638686818e+04
2.310380569709267293e+05
1.495683897946533943e+04
1.196500803025571164e+06
-3.104433615089907777e+06
-3.038065622290473129e+03
1.870748830535427900e+06
-7.293898029418027028e+06
4.265249784037546488e+04
4.673305675147814327e+05
-3.059702185743825976e+06
-1.461304301111242603e+04
-3.777196898517036461e+05
-9.609461630222844178e+03
-1.709432317363187904e+06
4.332346816485907882e+06
-2.236375007332503446e+04
-2.501375817361781374e+06
1.028984380061416142e+07
-8.550678494620653510e+04
-5.702402132188180694e+05
4.399537726680005901e+06
9.789747327985583070e+01
-4.265973087748922410e+01
1.534842103790491308e+02
-1.417062076076895437e+03
2.752861414366502686e+03
1.387406469558648894e+02
-1.433658507513588120e+03
2.857741895243075760e+03
4.102510946737612585e+01
-4.236807379746389870e+02
8.503594335657172678e+02
-3.282210990866269551e+00
-9.030832375526621547e+00
-1.241264226748081789e+01
5.527033429640289341e+01
-1.061794860662498223e+02
-1.195102513073342188e+01
7.686013182659064569e+01
-1.554537603455046622e+02
-3.410601233855351300e+00
2.559801486108646529e+01
-5.436767318678730021e+01
-2.525085880968028256e-05
1.975705998002799465e-05
-1.835650995490419648e-05
2.188334925488237998e-05
8.249825077602259652e-05
7.155652369002881883e-06
-5.578897608781159903e-05
1.913527542501011172e-04
5.450540585428675645e-06
-3.219041122322347090e-05
7.976206373459530561e-05
4.331514709695348131e+01
6.386332679188080874e+02
-3.285768747216059182e+01
2.415893826937031463e+03
-5.766875169379177350e+03
-6.185459307173840671e+01
2.953967762459948062e+03
-8.986290575914970759e+03
-2.157143577976204440e+01
9.812158224673428322e+02
-3.239566489593028564e+03
-7.014532244941544536e-02
-1.625669223188833667e-01
-1.874463234855137383e-01
1.135964796838778934e+00
-2.835777906958934391e+00
-1.714780466770285117e-01
1.719222752966969914e+00
-4.541857360600525695e+00
-4.993626316421866801e-02
6.070609627785723550e-01
-1.681621941762248662e+00
9.600399898928198894e+00
-3.960852141559106485e+02
1.620043086199452631e+01
-1.579503515980195516e+03
3.595969429205177676e+03
2.709367752550801001e+01
-1.785387533096992684e+03
5.152234540008083968e+03
1.117637392841043464e+01
-5.774980161188162811e+02
1.809530921683862744e+03
-2.989681461836266735e-02
1.400658915136917315e+00
-7.355618911779997215e-02
8.338685079204857242e-01
2.240030286108551649e-01
-5.520354858258096770e-02
5.667042038246575819e-01
7.186948429713322373e-01
-1.550758577183402633e-02
1.575004251183410586e-01
2.107667338872623863e-01
9.990477674836139022e-01
-7.884422006594140470e-03
-5.904762136619119001e-02
1.395760869949589367e+00
-4.516824813348256917e+00
-5.585378539155132910e-02
1.751544473153721082e+00
-5.990693281798225023e+00
-1.794524077350813374e-02
5.965389549422457360e-01
-2.060788716621071437e+00
2.501253501269038934e-02
1.485150748594518677e-02
3.931942420997470890e+03
-1.739534017277331077e+04
3.132388743476879881e+03
3.439548324604233494e+05
-1.216317982019017451e+06
-7.070648200172861107e+04
1.383449390348239569e+06
-3.967251866556338966e+06
-6.001342306561338046e+04
8.037750198438944062e+05
-2.091131262996593956e+06
-4.010434430255852203e+04
1.122577197583821253e+05
2.356189790455475304e+04
-3.476760877037303057e+06
1.137328630529606156e+07
7.541088500120908720e+05
-1.308644641477474198e+07
3.644633039718125761e+07
5.962370444675724721e+05
-7.427825015142702498e+06
1.892998058397806808e+07
8.320957586745776644e+04
-1.912340644234389765e+05
-2.109121588315474219e+05
8.716569579424623400e+06
-2.692043739345964417e+07
-1.989247522502363194e+06
3.089774875207075104e+07
-8.387764573989763856e+07
-1.453633643976709107e+06
1.705620249832645059e+07
-4.276070534154158831e+07
8.150801626265918864e-01
2.575042324991600573e+00
1.160743054904508575e+00
-2.363110816076023468e+00
6.770291856423415133e+00
7.572789483395884202e-01
-2.724963822817917602e+00
7.115355347414627829e+00
1.766742307437584314e-01
-7.979748531717362203e-01
2.116044381430708388e+00
6.926502930625503054e-03
3.020129794464901721e-02
6.308816703870900877e-03
-1.206878061993415796e-01
2.627674226879326835e-01
3.414865038285929549e-03
-1.078498312353633748e-01
2.709173155610040129e-01
7.374396389413419989e-04
-2.749083745122176889e-02
7.332295932485589918e-02
1.010198624828182901e+00
8.993121744787774393e-04
2.839583657427520169e-01
-4.049360109192675417e+00
1.320874304255234932e+01
1.039612833879439008e-01
-7.026449697597398902e+00
2.478114147585056770e+01
3.093220953758885755e-02
-2.692117781333902560e+00
9.610168051974355308e+00
1.308500582723419736e+00
-5.537728403198379640e-03
-6.783009006979870414e-02
-6.690012186505006619e-01
3.403049084618736675e+00
-5.296503815170678503e-02
-9.923278877655511421e-01
4.820944234578496079e+00
-6.134154224021509845e-03
-3.843039317436407476e-01
1.756123002433668701e+00
2.096551999295542828e+03
1.463749316826155336e+03
1.312549328609852182e+03
1.830733001708211668e+04
-4.353414407461069641e+04
-8.332889543511114425e+02
3.204731997183186832e+04
-1.086094503752085875e+05
4.522513639811220401e+02
8.353439546391713520e+03
-4.453132500373219955e+04
-1.009120564846153320e+04
-4.462596757756629086e+04
-6.542596614416264856e+03
-2.666167931859763921e+05
6.863632784976215335e+05
3.405742519234312113e+03
-4.379300673992861412e+05
1.632871712086343206e+06
-7.467272193800594323e+03
-1.145775827280695084e+05
6.751661914652084233e+05
2.299413526356628063e+04
2.310450443487209268e+05
1.495677597653472003e+04
1.196747746199740097e+06
-3.104544810748258140e+06
-3.038073121572620039e+03
1.870722884900872828e+06
-7.292232540206403472e+06
4.264800247140256397e+04
4.673151655713964137e+05
-3.058904888334463816e+06
-1.461224421941942455e+04
-3.777115676806355477e+05
-9.609482187524632536e+03
-1.709275872581357369e+06
4.332236449998655356e+06
-2.236382474812027067e+04
-2.501283056438893545e+06
1.029136329790431447e+07
-8.551512988019299519e+04
-5.702580405530990101e+05
4.400059088805790991e+06
9.789747327985583070e+01
-4.265973087748922410e+01
1.534842103790491308e+02
-1.417062076076895437e+03
2.752861414366502686e+03
1.387406469558648894e+02
-1.433658507513588120e+03
2.857741895243075760e+03
4.102510946737612585e+01
-4.236807379746389870e+02
8.503594335657172678e+02
-3.282345373511785347e+00
-9.029007358130208161e+00
-1.241158166655007022e+01
5.525704551564825806e+01
-1.061847012265424866e+02
-1.194982269507745798e+01
7.686337352125052291e+01
-1.554706664734963795e+02
-3.410594681472109091e+00
2.559906198172101810e+01
-5.436527615237540090e+01
-2.526118631705856713e-05
1.975759265109807209e-05
-1.835578889323892166e-05
2.188307974503541135e-05
8.249826182307645251e-05
7.155720328002771485e-06
-5.578883244780601526e-05
1.913475063202143482e-04
5.450652909865292786e-06
-3.218982684240059096e-05
7.976285610827338367e-05
4.331514709695348131e+01
6.386332679188080874e+02
-3.285768747216059182e+01
2.415893826937031463e+03
-5.766875169379177350e+03
-6.185459307173840671e+01
2.953967762459948062e+03
-8.986290575914970759e+03
-2.157143577976204440e+01
9.812158224673428322e+02
-3.239566489593028564e+03
-7.014131474315701831e-02
-1.625557970009936237e-01
-1.874637673414193129e-01
1.135800851741985529e+00
-2.835890966534032387e+00
-1.714816312049511904e-01
1.719124904772452167e+00
-4.542180955254443653e+00
-4.993296137049518107e-02
6.071259360113876458e-01
-1.681545957989047047e+00
9.600522888004345390e+00
-3.959987075748032908e+02
1.620032790493837282e+01
-1.579808873212164826e+03
3.595741392757782251e+03
2.709374748242586861e+01
-1.785399174098360845e+03
5.151921269304376438e+03
1.117642372480353075e+01
-5.774697927306666543e+02
1.809601995390053162e+03
-2.989695368354742047e-02
1.400523541221196933e+00
-7.355598375757761709e-02
8.338786812678941063e-01
2.240031358292257635e-01
-5.520355952172342762e-02
5.667046778896235315e-01
7.186957094163618498e-01
-1.550759895771793018e-02
1.575001317467998596e-01
2.107665971933228022e-01
9.991854746435095969e-01
-7.884419525691346506e-03
-5.904760965498426911e-02
1.395760425674591465e+00
-4.516816987053378973e+00
-5.585387609559240574e-02
1.751520883542619922e+00
-5.990775100351353188e+00
-1.794522781225332125e-02
5.965425957055200401e-01
-2.060777180704599143e+00
2.501253501269038934e-02
1.455872473201382661e-02
3.931947068444412707e+03
-1.739529710130531748e+04
3.132389435983318435e+03
3.439526265966166393e+05
-1.216325942781212507e+06
-7.070664528599915502e+04
1.383441325318331132e+06
-3.967301981981116813e+06
-6.001384670458656910e+04
8.037793249680668814e+05
-2.091097183151321951e+06
-4.010424514122035180e+04
1.122581752766044374e+05
2.356191795718580397e+04
-3.476809068780550268e+06
1.137307044059043191e+07
7.540952862712279893e+05
-1.308657713627202250e+07
3.644608711160087585e+07
5.962293556390479207e+05
-7.427885791165768169e+06
1.893020745974529162e+07
8.320966425499645993e+04
-1.912337266818399075e+05
-2.109115967122778238e+05
8.716497734709080309e+06
-2.692080705047165602e+07
-1.989281804547123844e+06
3.089777422805118188e+07
-8.387676999346487224e+07
-1.453644008667959366e+06
1.705587126794851944e+07
-4.276105062445615977e+07
8.150827652812757673e-01
2.575058345255548442e+00
1.160735313070032415e+00
-2.363128100175839741e+00
6.770245485488879389e+00
7.572866221479230830e-01
-2.724924065031969267e+00
7.115437416793700898e+00
1.766733412034751649e-01
-7.979809824950273578e-01
2.116032024535758449e+00
6.926409951674989372e-03
3.020094543337613693e-02
6.308897938790368302e-03
-1.206824177311362489e-01
2.627725242247067050e-01
3.414833163069401229e-03
-1.078554723645144542e-01
2.709102098483324172e-01
7.374417748556180664e-04
-2.749030424075558920e-02
7.332372770092616954e-02
1.010182866136567714e+00
8.993121716562720806e-04
2.839593971686348861e-01
-4.049316443547504640e+00
1.320884458669643813e+01
1.039611123980208607e-01
-7.026608243288763767e+00
2.478071295248077632e+01
3.093223083182422908e-02
-2.692084851986866312e+00
9.610260211743410608e+00
1.308534858010544477e+00
-5.537728273736382094e-03
-6.783018014608488411e-02
-6.690029395738038565e-01
3.403039622212493676e+00
-5.296496624429519046e-02
-9.923229709993087733e-01
4.820968960112249846e+00
-6.134155613152718345e-03
-3.843050093615649199e-01
1.756118125734476676e+00
2.096551999295542828e+03
1.463749316826155336e+03
1.312549328609852182e+03
1.830733001708211668e+04
-4.353414407461069641e+04
-8.332889543511114425e+02
3.204731997183186832e+04
-1.086094503752085875e+05
4.522513639811220401e+02
8.353439546391713520e+03
-4.453132500373219955e+04
-1.008935723691198473e+04
-4.462558863109449885e+04
-6.542575615557000674e+03
-2.665878313544520643e+05
6.863582457931248937e+05
3.405708298774588911e+03
-4.379494776056192932e+05
1.632990192744457396e+06
-7.467432792901819084e+03
-1.145776933402343420e+05
6.752528320603219327e+05
2.299902240231449832e+04
2.310512353922148759e+05
1.495675710541714579e+04
1.196992216358591337e+06
-3.104635830784245394e+06
-3.038082649163711721e+03
1.870714628800580278e+06
-7.290661735833362676e+06
4.264421628780649189e+04
4.672971931869356195e+05
-3.058133006843734067e+06
-1.461147968478143048e+04
-3.777043504122118466e+05
-9.609495406942818590e+03
-1.709118711847655242e+06
4.332143620581633411e+06
-2.236394359895032539e+04
-2.501185934978006408e+06
1.029278759777133912e+07
-8.552236168781429296e+04
-5.702767231504262891e+05
4.400568529829892330e+06
9.789747327985583070e+01
-4.265973087748922410e+01
1.534842103790491308e+02
-1.417062076076895437e+03
2.752861414366502686e+03
1.387406469558648894e+02
-1.433658507513588120e+03
2.857741895243075760e+03
4.102510946737612585e+01
-4.236807379746389870e+02
8.503594335657172678e+02
-3.282481028574252502e+00
-9.027248303583673916e+00
-1.241051500728314672e+01
5.524483912377881012e+01
-1.061889555336828010e+02
-1.194855561480413364e+01
7.686628951442511948e+01
-1.554873551822847162e+02
-3.410610295472465747e+00
2.559991305693734276e+01
-5.436318356958309295e+01
-2.527110904129669557e-05
1.975810774797960549e-05
-1.835519565799057862e-05
2.188281658659748917e-05
8.249830147308138441e-05
7.155811719771744430e-06
-5.578858600280323674e-05
1.913426698827051320e-04
5.450739876418079777e-06
-3.218935232339158463e-05
7.976346532411570766e-05
4.331514709695348131e+01
6.386332679188080874e+02
-3.285768747216059182e+01
2.415893826937031463e+03
-5.766875169379177350e+03
-6.185459307173840671e+01
2.953967762459948062e+03
-8.986290575914970759e+03
-2.157143577976204440e+01
9.812158224673428322e+02
-3.239566489593028564e+03
-7.013765431255837568e-02
-1.625452581974307364e-01
-1.874800121526324359e-01
1.135650783123254071e+00
-2.835988692797784427e+00
-1.714846117244792079e-01
1.719029962325768546e+00
-4.542485528674982120e+00
-4.992994097051471625e-02
6.071842836222923756e-01
-1.681483506123677696e+00
9.600638026755458299e+00
-3.959160164682596701e+02
1.620023711273719513e+01
-1.580085911355056851e+03
3.595542514986336300e+03
2.709380784571030887e+01
-1.785419195799521049e+03
5.151608907175431341e+03
1.117646894757209886e+01
-5.774443217080688555e+02
1.809664296767333553e+03
-2.989708210373710415e-02
1.400394600192537586e+00
-7.355581376372331837e-02
8.338877932113568647e-01
2.240032281553271942e-01
-5.520356384763394630e-02
5.667052641198140339e-01
7.186965706469166104e-01
-1.550761112536172028e-02
1.574998656262392160e-01
2.107664767758793134e-01
9.993160431970542490e-01
-7.884417160836952598e-03
-5.904758699038358677e-02
1.395761444337410895e+00
-4.516805686516626395e+00
-5.585397143390317953e-02
1.751496453630019934e+00
-5.990858499614249766e+00
-1.794521481772459737e-02
5.965461973755523672e-01
-2.060765889098358450e+00
2.501253501269038934e-02
1.429425693416994277e-02
