3.931897989719669567e+03
-1.739575870681280503e+04
3.132375545898834844e+03
3.439658609236137709e+05
-1.216256581998199690e+06
-7.069800600428853068e+04
1.383907177859704942e+06
-3.966276189097944647e+06
-6.001752423652596190e+04
8.035151181825734675e+05
-2.091710365941657918e+06
-4.010547653771656769e+04
1.122530169706700981e+05
2.356169606583616769e+04
-3.476180699403351173e+06
1.137593670849481970e+07
7.543131127166453516e+05
-1.308476044625267945e+07
3.644458485392813385e+07
5.962266124722879613e+05
-7.427790114356440492e+06
1.892897751404034346e+07
8.320835471266537206e+04
-1.912377264145924128e+05
-2.109162454782992136e+05
8.717975083525680006e+06
-2.691494242066955194e+07
-1.988980652736272197e+06
3.088802996015456319e+07
-8.390870279256162047e+07
-1.453503195344649721e+06
1.706352899082216620e+07
-4.274865973112091422e+07
8.149838730507784623e-01
2.574755351745465770e+00
1.161019803549678597e+00
-2.362777178555153679e+00
6.771038707057573269e+00
7.570782938606833712e-01
-2.725689689043247377e+00
7.114038039714996486e+00
1.766934149293478973e-01
-7.978690983168182926e-01
2.116239150200515340e+00
6.927402739328343377e-03
3.020474290328910988e-02
6.308024337706170936e-03
-1.207413066113113831e-01
2.627159890578132373e-01
3.415177364719879441e-03
-1.077933861118837433e-01
2.709896696689174656e-01
7.374185938559282925e-04
-2.749621038376280982e-02
7.331507891357019746e-02
1.010344404799476958e+00
8.993122007234547691e-04
2.839491168044590008e-01
-4.049752962958004687e+00
1.320782817266536568e+01
1.039627848680542560e-01
-7.025059158961947325e+00
2.478489237013047486e+01
3.093202475605891927e-02
-2.692402389685166320e+00
9.609374464684982797e+00
1.308161560703610560e+00
-5.537729694807678321e-03
-6.782917938621006726e-02
-6.689834970767116751e-01
3.403147966134083102e+00
-5.296577374411866324e-02
-9.923793203111361816e-01
4.820681208409586915e+00
-6.134139870393713091e-03
-3.842925330869636502e-01
1.756175442198598446e+00
2.096551999295542828e+03
1.463749316826155336e+03
1.312549328609852182e+03
1.830733001708211668e+04
-4.353414407461069641e+04
-8.332889543511114425e+02
3.204731997183186832e+04
-1.086094503752085875e+05
4.522513639811220401e+02
8.353439546391713520e+03
-4.453132500373219955e+04
-1.011405647262115599e+04
-4.463101109458185238e+04
-6.541308761668721672e+03
-2.669592341930750408e+05
6.863283229317984078e+05
3.405637218767968534e+03
-4.375077208209015080e+05
1.631817130734469742e+06
-7.462648563007645862e+03
-1.145852517715331924e+05
6.744024689098675735e+05
2.293365827343649653e+04
2.309600081497950596e+05
1.496108397418369532e+04
1.194018134231814183e+06
-3.104223969305276405e+06
-3.038166617199258781e+03
1.872032284909359179e+06
-7.309145012085539289e+06
4.273822871475410648e+04
4.675020186166010099e+05
-3.064853498512499034e+06
-1.462171522218356949e+04
-3.778128579387104255e+05
-9.608682631509725979e+03
-1.710892525721405633e+06
4.332924601416520774e+06
-2.236668326226652789e+04
-2.501971638637746684e+06
1.027449590225954168e+07
-8.536030079034245864e+04
-5.700253441737515386e+05
4.396844346849776804e+06
9.789747327985583070e+01
-4.265973087748922410e+01
1.534842103790491308e+02
-1.417062076076895437e+03
2.752861414366502686e+03
1.387406469558648894e+02
-1.433658507513588120e+03
2.857741895243075760e+03
4.102510946737612585e+01
-4.236807379746389870e+02
8.503594335657172678e+02
-3.282701958759533856e+00
-9.051384468245865733e+00
-1.241544974225804232e+01
5.547164477097869906e+01
-1.060510993896633494e+02
-1.195304455369065799e+01
7.680704618365417957e+01
-1.553317294809839382e+02
-3.412926159239326296e+00
2.557237756995253619e+01
-5.440803670774046452e+01
-2.515642981879956500e-05
1.975025694220132650e-05
-1.837067146929591507e-05
2.188631704131197269e-05
8.250240316860032888e-05
7.157371250566708209e-06
-5.578000011227068460e-05
1.914208288407217846e-04
5.447166261464216858e-06
-3.220610095021981872e-05
7.974016714984341050e-05
4.331514709695348131e+01
6.386332679188080874e+02
-3.285768747216059182e+01
2.415893826937031463e+03
-5.766875169379177350e+03
-6.185459307173840671e+01
2.953967762459948062e+03
-8.986290575914970759e+03
-2.157143577976204440e+01
9.812158224673428322e+02
-3.239566489593028564e+03
-7.020209449091723009e-02
-1.626979845068708408e-01
-1.872514685185499017e-01
1.138313650449944925e+00
-2.833419630443004600e+00
-1.713795568684061688e-01
1.719754933811952657e+00
-4.539717148261272150e+00
-4.998343735754870454e-02
6.062072055948308780e-01
-1.682769616644546051e+00
9.598807238347900395e+00
-3.970543859555743325e+02
1.620212618951781280e+01
-1.574828698671703705e+03
3.600341084383109319e+03
2.709242965907546719e+01
-1.786482357315139097e+03
5.152919378666510966e+03
1.117571013003389524e+01
-5.777999423177481049e+02
1.808730762932043035e+03
-2.989487384493607139e-02
1.402210644858373767e+00
-7.356049468633846233e-02
8.337006542278661003e-01
2.240008282397391026e-01
-5.520287000117722609e-02
5.667186343606578358e-01
7.186931973380502603e-01
-1.550743735432574301e-02
1.575032277927718716e-01
2.107681571517622809e-01
9.974408278363099400e-01
-7.884449714907202852e-03
-5.904690119559103528e-02
1.395871239676408804e+00
-4.516631601676276198e+00
-5.585343136869692221e-02
1.751658003934360330e+00
-5.990208965347804337e+00
-1.794533652216119546e-02
5.965097794825992006e-01
-2.060887936797180409e+00
1.600000000000000000e+01
1.599999999999652545e+01
3.931898291753309422e+03
-1.739574978300688599e+04
3.132376957112606306e+03
3.439657692152669770e+05
-1.216262415535180131e+06
-7.069930666797212325e+04
1.383882705756506417e+06
-3.966240139451698866e+06
-6.001616015804008202e+04
8.035285467335168505e+05
-2.091721765539844520e+06
-4.010545895114600717e+04
1.122531322787932731e+05
2.356171120285374491e+04
-3.476213771815384738e+06
1.137572089843170345e+07
7.542844550352013903e+05
-1.308459131959052011e+07
3.644681984990433604e+07
5.962511126807929249e+05
-7.427897369141481817e+06
1.892807218426052481e+07
8.320838428490480874e+04
-1.912376269907357637e+05
-2.109160411536937463e+05
8.717875967131055892e+06
-2.691536256017767265e+07
-1.989015778285457287e+06
3.088923396492479742e+07
-8.390387549359425902e+07
-1.453480349673541961e+06
1.706288583385192603e+07
-4.275062933669047058e+07
8.149883862430461479e-01
2.574766875638146324e+00
1.161004922062770062e+00
-2.362792838503292359e+00
6.771006293897568362e+00
7.570887717387170257e-01
-2.725655318659720106e+00
7.114096899864432721e+00
1.766924573000799581e-01
-7.978740252614312523e-01
2.116230451728800421e+00
6.927384198560713850e-03
3.020466544779497331e-02
6.308042757636169763e-03
-1.207398435661443115e-01
2.627175736797972561e-01
3.415169599163239006e-03
-1.077950672008175376e-01
2.709872319749390135e-01
7.374191491509191629e-04
-2.749604115305679872e-02
7.331535651038971479e-02
1.010341446707665902e+00
8.993122001872102178e-04
2.839493318399163857e-01
-4.049743099831893289e+00
1.320785246463362483e+01
1.039627480545868010e-01
-7.025096852776452572e+00
2.478478389536821780e+01
3.093202951715824656e-02
-2.692394287567545064e+00
9.609398363517605901e+00
1.308168997503873054e+00
-5.537729664359362577e-03
-6.782920328874039728e-02
-6.689840259764483488e-01
3.403144751493539566e+00
-5.296575262963192088e-02
-9.923776287519237016e-01
4.820690613440683059e+00
-6.134140309832623698e-03
-3.842929291915500589e-01
1.756173485073905915e+00
2.096551999295542828e+03
1.463749316826155336e+03
1.312549328609852182e+03
1.830733001708211668e+04
-4.353414407461069641e+04
-8.332889543511114425e+02
3.204731997183186832e+04
-1.086094503752085875e+05
4.522513639811220401e+02
8.353439546391713520e+03
-4.453132500373219955e+04
-1.011414570269775686e+04
-4.463219063611356978e+04
-6.541352847645323891e+03
-2.669352414970525424e+05
6.863512976990262978e+05
3.405682936060557495e+03
-4.375219789775917889e+05
1.631823306031884160e+06
-7.463068215628520193e+03
-1.145863910414590209e+05
6.743933523576342268e+05
2.293348954295040312e+04
2.309450049898247817e+05
1.496093297084034748e+04
1.194226934338538442e+06
-3.104018571679825429e+06
-3.038146359282963203e+03
1.872015334205557825e+06
-7.308822365208915435e+06
4.273075624791055452e+04
4.674817521430763882e+05
-3.065022071519259363e+06
-1.462173259795351441e+04
-3.778272153598750010e+05
-9.608711023323010522e+03
-1.710753335799758323e+06
4.333055304219064303e+06
-2.236623295386989776e+04
-2.501913917925660964e+06
1.027491050662009232e+07
-8.537229426608244830e+04
-5.700421246412876062e+05
4.396661839954239316e+06
9.789747327985583070e+01
-4.265973087748922410e+01
1.534842103790491308e+02
-1.417062076076895437e+03
2.752861414366502686e+03
1.387406469558648894e+02
-1.433658507513588120e+03
2.857741895243075760e+03
4.102510946737612585e+01
-4.236807379746389870e+02
8.503594335657172678e+02
-3.282461828472539533e+00
-9.050851754243055325e+00
-1.241684887940381898e+01
5.546101225873091778e+01
-1.060597581263224214e+02
-1.195294854074115065e+01
7.681934607726630304e+01
-1.553206452633644687e+02
-3.412840219815994391e+00
2.557150589156885090e+01
-5.440896739011365213e+01
-2.515548692372739469e-05
1.975056838077622048e-05
-1.837045205488509062e-05
2.188612202003037145e-05
8.250171074684380036e-05
7.157214155874023283e-06
-5.577961088611915833e-05
1.914226097448705455e-04
5.447345492918053043e-06
-3.220599959052341898e-05
7.974004699561569728e-05
4.331514709695348131e+01
6.386332679188080874e+02
-3.285768747216059182e+01
2.415893826937031463e+03
-5.766875169379177350e+03
-6.185459307173840671e+01
2.953967762459948062e+03
-8.986290575914970759e+03
-2.157143577976204440e+01
9.812158224673428322e+02
-3.239566489593028564e+03
-7.020053923290194009e-02
-1.626944512559089784e-01
-1.872521223287452463e-01
1.138197780254061264e+00
-2.833626456372103419e+00
-1.713858744827384539e-01
1.719989216787888742e+00
-4.539169060590073634e+00
-4.998234740972033047e-02
6.061721739770017381e-01
-1.682869414612624404e+00
9.598855502972359233e+00
-3.970314029385341996e+02
1.620206052453401924e+01
-1.575046893866705432e+03
3.600063377452129771e+03
2.709251862057878313e+01
-1.786249848797233653e+03
5.153416788452122091e+03
1.117570448882963596e+01
-5.778265522877395597e+02
1.808659605435937920e+03
-2.989493782507489719e-02
1.402172446035574449e+00
-7.356029786906079226e-02
8.337088440740855200e-01
2.240009701649339491e-01
-5.520293427064211500e-02
5.667154729321889350e-01
7.186919267242073417e-01
-1.550743411141554742e-02
1.575034958929256435e-01
2.107682830248229500e-01
9.974758474592340107e-01
-7.884449199853356058e-03
-5.904695423846043068e-02
1.395864579742486455e+00
-4.516646434794311382e+00
-5.585340818192000012e-02
1.751662579216164861e+00
-5.990200169394143792e+00
-1.794533749326134367e-02
5.965096473624069695e-01
-2.060887690652178250e+00
1.600000000000000000e+01
1.283122658823726248e+01
3.931899014420430376e+03
-1.739574170811020667e+04
3.132377967489938328e+03
3.439660803954214789e+05
-1.216264826163607650e+06
-7.070034239601262379e+04
1.383846517919657985e+06
-3.966261024944103789e+06
-6.001501860575869068e+04
8.035498349937464809e+05
-2.091706753765616566e+06
-4.010543114451000292e+04
1.122532364992864605e+05
2.356172104186750948e+04
-3.476233396725944709e+06
1.137558961013028771e+07
7.542626899997103028e+05
-1.308475556456367858e+07
3.644769677523506433e+07
5.962708394136612769e+05
-7.427798446635217406e+06
1.892777645673537254e+07
8.320842408826349129e+04
-1.912375371037716395e+05
-2.109159356559122971e+05
8.717802522047067061e+06
-2.691565232355324551e+07
-1.989040008089700481e+06
3.088988313749499246e+07
-8.390103286534939706e+07
-1.453463586723925779e+06
1.706256030507869273e+07
-4.275174340615566820e+07
8.149926684083352857e-01
2.574777832205411343e+00
1.160990795711986268e+00
-2.362807726316356050e+00
6.770975418931369560e+00
7.570987286704873309e-01
-2.725622618976767608e+00
7.114152989395431170e+00
1.766915462794066971e-01
-7.978787168510338423e-01
2.116222157330386100e+00
6.927365313371128958e-03
3.020458851290300228e-02
6.308061627055641142e-03
-1.207383880603479648e-01
2.627191239856236926e-01
3.415161656056045318e-03
-1.077967375021695179e-01
2.709848497541502144e-01
7.374197147107986903e-04
-2.749587344258817845e-02
7.331562738978934790e-02
1.010338491583320453e+00
8.993121996582113895e-04
2.839495487498374104e-01
-4.049733332748044035e+00
1.320787625528910070e+01
1.039627107720472732e-01
-7.025134267356410334e+00
2.478467752827936010e+01
3.093203433758204626e-02
-2.692386243370931798e+00
9.609421810218574223e+00
1.308176410420440305e+00
-5.537729634497021679e-03
-6.782922715523841128e-02
-6.689845440970837442e-01
3.403141635702530365e+00
-5.296573158256510233e-02
-9.923759740249558092e-01
4.820699717805006834e+00
-6.134140746504935723e-03
-3.842933159827958689e-01
1.756171592421209127e+00
2.096551999295542828e+03
1.463749316826155336e+03
1.312549328609852182e+03
1.830733001708211668e+04
-4.353414407461069641e+04
-8.332889543511114425e+02
3.204731997183186832e+04
-1.086094503752085875e+05
4.522513639811220401e+02
8.353439546391713520e+03
-4.453132500373219955e+04
-1.011414665755919486e+04
-4.463283749921862909e+04
-6.541398466770333471e+03
-2.669219577386725578e+05
6.863542235241971212e+05
3.405715250526276122e+03
-4.375422972016792046e+05
1.631845238319941564e+06
-7.463311418390717336e+03
-1.145826076859468303e+05
6.744150838386238320e+05
2.293355766373854567e+04
2.309372862732229696e+05
1.496077142504468429e+04
1.194322340249733767e+06
-3.104026505329020787e+06
-3.038130996368417073e+03
1.871969158785160165e+06
-7.308261776599832810e+06
4.272603425083776528e+04
4.674996016575910617e+05
-3.064897383739737328e+06
-1.462171241861344788e+04
-3.778341100748094032e+05
-9.608741984565189341e+03
-1.710706087525049457e+06
4.333024258488845080e+06
-2.236587400039259228e+04
-2.501859366222198587e+06
1.027555727413160726e+07
-8.538036671291493985e+04
-5.700391153934579343e+05
4.396687632257982157e+06
9.789747327985583070e+01
-4.265973087748922410e+01
1.534842103790491308e+02
-1.417062076076895437e+03
2.752861414366502686e+03
1.387406469558648894e+02
-1.433658507513588120e+03
2.857741895243075760e+03
4.102510946737612585e+01
-4.236807379746389870e+02
8.503594335657172678e+02
-3.282327374359720995e+00
-9.050503431468639448e+00
-1.241692211527292677e+01
5.545670665525279475e+01
-1.060629916157050161e+02
-1.195412101945636074e+01
7.681855544690760951e+01
-1.553222722422174797e+02
-3.412637909195056274e+00
2.557233518790195603e+01
-5.440805248884760204e+01
-2.515579949665125786e-05
1.975069911133356444e-05
-1.836964143779609040e-05
2.188613707263596694e-05
8.250172367127370503e-05
7.156968525384233950e-06
-5.578067762534214783e-05
1.914202591106493661e-04
5.447576949575358429e-06
-3.220535895322907294e-05
7.974073725075432075e-05
4.331514709695348131e+01
6.386332679188080874e+02
-3.285768747216059182e+01
2.415893826937031463e+03
-5.766875169379177350e+03
-6.185459307173840671e+01
2.953967762459948062e+03
-8.986290575914970759e+03
-2.157143577976204440e+01
9.812158224673428322e+02
-3.239566489593028564e+03
-7.019985287218755143e-02
-1.626920497763045814e-01
-1.872461877629078286e-01
1.138144642639062898e+00
-2.833739608834842993e+00
-1.713989297068095052e-01
1.720040303883466404e+00
-4.538933560911204701e+00
-4.998050229600993488e-02
6.061680955208497146e-01
-1.682910185486206744e+00
9.598890421875642787e+00
-3.970137442769870404e+02
1.620203271580772508e+01
-1.575178433116307133e+03
3.599893041527172954e+03
2.709248209963991627e+01
-1.786154005220281761e+03
5.153641482373929648e+03
1.117572673329327237e+01
-5.778340541654624758e+02
1.808633738078569195e+03
-2.989498508727348250e-02
1.402142777759213921e+00
-7.356020220476884586e-02
8.337139125517825100e-01
2.240010587853611124e-01
-5.520293054975705660e-02
5.667140862616610875e-01
7.186913388336151343e-01
-1.550743793301445454e-02
1.575035796553803935e-01
2.107683293042715844e-01
9.975039010998845157e-01
-7.884448786730986411e-03
-5.904698561006847812e-02
1.395860775879093962e+00
-4.516654147820032605e+00
-5.585340640451864902e-02
1.751662149038801575e+00
-5.990205342222125751e+00
-1.794533570539276479e-02
5.965102445422475475e-01
-2.060885363297448869e+00
1.600000000000000000e+01
1.240349868384835830e+01
3.931900118145378656e+03
-1.739573361995628875e+04
3.132378579943591376e+03
3.439662210481960792e+05
-1.216266376298084389e+06
-7.070107980063189461e+04
1.383815185073857894e+06
-3.966293168437121436e+06
-6.001418156976295722e+04
8.035688924109406071e+05
-2.091687048733046511e+06
-4.010539411367055436e+04
1.122533390286643116e+05
2.356172560349485502e+04
-3.476254810466422699e+06
1.137548467962854728e+07
7.542488218826546799e+05
-1.308486901092584431e+07
3.644821444428732246e+07
5.962836874939200934e+05
-7.427716612863481976e+06
1.892763013310106844e+07
8.320847310459526489e+04
-1.912374496573513898e+05
-2.109159291198890132e+05
8.717729946155719459e+06
-2.691589571342744306e+07
-1.989051491993652424e+06
3.089052990659448877e+07
-8.389881111204504967e+07
-1.453456157172870357e+06
1.706224883135486767e+07
-4.275260598489382863e+07
8.149967063217340435e-01
2.574788206022074366e+00
1.160977475190108743e+00
-2.362821812271700406e+00
6.770946130337773816e+00
7.571081273646428356e-01
-2.725591664719190010e+00
7.114206204881731388e+00
1.766906852136168327e-01
-7.978831619548741871e-01
2.116214283244682193e+00
6.927346082549514991e-03
3.020451131020017443e-02
6.308080996223775980e-03
-1.207369180427515232e-01
2.627206749938596486e-01
3.415153487463970430e-03
-1.077984284895414646e-01
2.709824599803373757e-01
7.374202959352827054e-04
-2.749570358155075528e-02
7.331589944793026614e-02
1.010335514188845041e+00
8.993121991290946001e-04
2.839497709578834295e-01
-4.049723420789100636e+00
1.320790026703989994e+01
1.039626721999823006e-01
-7.025172617254226815e+00
2.478456909311515588e+01
3.093203934763052651e-02
-2.692377953230601584e+00
9.609445855515193813e+00
1.308183848787621617e+00
-5.537729604825102243e-03
-6.782925123294171466e-02
-6.689850609967753492e-01
3.403138546732855652e+00
-5.296571031808135210e-02
-9.923743201884998033e-01
4.820708762149904736e+00
-6.134141187542282124e-03
-3.842937027722544974e-01
1.756169710275726548e+00
2.096551999295542828e+03
1.463749316826155336e+03
1.312549328609852182e+03
1.830733001708211668e+04
-4.353414407461069641e+04
-8.332889543511114425e+02
3.204731997183186832e+04
-1.086094503752085875e+05
4.522513639811220401e+02
8.353439546391713520e+03
-4.453132500373219955e+04
-1.011412447830670317e+04
-4.463335405905738298e+04
-6.541443830755681120e+03
-2.669111658021033509e+05
6.863532824948813068e+05
3.405744409368749984e+03
-4.375620564571575960e+05
1.631872875359256286e+06
-7.463518822876696504e+03
-1.145782561722886167e+05
6.744399953415748896e+05
2.293368240040877936e+04
2.309312700127400458e+05
1.496061233743746925e+04
1.194394663181804121e+06
-3.104071893801199272e+06
-3.038116993617327353e+03
1.871921380313165952e+06
-7.307662089860749431e+06
4.272192858057249396e+04
4.675227927136960207e+05
-3.064735058229889255e+06
-1.462168399901232442e+04
-3.778393331084960373e+05
-9.608772308739196887e+03
-1.710675322102901293e+06
4.332967231193113141e+06
-2.236554469453552883e+04
-2.501810068224761635e+06
1.027622056633751653e+07
-8.538747538666783657e+04
-5.700328068944567349e+05
4.396745957383580506e+06
9.789747327985583070e+01
-4.265973087748922410e+01
1.534842103790491308e+02
-1.417062076076895437e+03
2.752861414366502686e+03
1.387406469558648894e+02
-1.433658507513588120e+03
2.857741895243075760e+03
4.102510946737612585e+01
-4.236807379746389870e+02
8.503594335657172678e+02
-3.282209895969093516e+00
-9.050189389080303570e+00
-1.241695238908981480e+01
5.545292289431704091e+01
-1.060657160129024703e+02
-1.195518630390835746e+01
7.681777799084802894e+01
-1.553241192208389521e+02
-3.412457887230599507e+00
2.557304536179597321e+01
-5.440721987932389681e+01
-2.515622120481646529e-05
1.975080559552193062e-05
-1.836887284175032429e-05
2.188615771406584359e-05
8.250177174225538921e-05
7.156744433585482885e-06
-5.578164180270418288e-05
1.914180425341200276e-04
5.447784573354423580e-06
-3.220481077309936583e-05
7.974133400182802046e-05
4.331514709695348131e+01
6.386332679188080874e+02
-3.285768747216059182e+01
2.415893826937031463e+03
-5.766875169379177350e+03
-6.185459307173840671e+01
2.953967762459948062e+03
-8.986290575914970759e+03
-2.157143577976204440e+01
9.812158224673428322e+02
-3.239566489593028564e+03
-7.019918245721773475e-02
-1.626897943050251150e-01
-1.872409060327814845e-01
1.138095518867392242e+00
-2.833841812822412098e+00
-1.714108169381038660e-01
1.720085859284476992e+00
-4.538726910549922167e+00
-4.997881889359501173e-02
6.061644831271352230e-01
-1.682946100594838068e+00
9.598923352920763818e+00
-3.969971531746741675e+02
1.620200667074597689e+01
-1.575299001981455831e+03
3.599739203443112274e+03
2.709244771543469810e+01
-1.786069966519000218e+03
5.153833531356663116e+03
1.117574759379660065e+01
-5.778402465458116239e+02
1.808612648770001442e+03
-2.989502954594465065e-02
1.402114935375185834e+00
-7.356011394149659932e-02
8.337185313018450339e-01
2.240011384291203111e-01
-5.520292567145823615e-02
5.667128905424492213e-01
7.186908447003356182e-01
-1.550744168997502705e-02
1.575036462450952746e-01
2.107683655629629671e-01
9.975302493048420205e-01
-7.884448398633715077e-03
-5.904701386179500577e-02
1.395857386479361750e+00
-4.516660849673003852e+00
-5.585340613247656572e-02
1.751661353051620296e+00
-5.990211481376190861e+00
-1.794533385550879656e-02
5.965108613917368130e-01
-2.060882988881302058e+00
1.600000000000000000e+01
1.204837461552326339e+01
3.931901426466079556e+03
-1.739572566291794283e+04
3.132378951928480092e+03
3.439662687707616133e+05
-1.216267365891603986e+06
-7.070162703295894607e+04
1.383787470019683009e+06
-3.966330892538584769e+06
-6.001354727376290975e+04
8.035858993108158465e+05
-2.091665613624566700e+06
-4.010535251810616319e+04
1.122534384600775375e+05
2.356172714697813717e+04
-3.476276170688859187e+06
1.137539881319865771e+07
7.542397368221889483e+05
-1.308495573012771085e+07
3.644850490624371171e+07
5.962921856894134544e+05
-7.427650203562465496e+06
1.892756696548900753e+07
8.320852627210100763e+04
-1.912373656004072400e+05
-2.109159758860883885e+05
8.717660914486330003e+06
-2.691610387008330226e+07
-1.989055676880942658e+06
3.089114563547465578e+07
-8.389702061874262989e+07
-1.453454296132028336e+06
1.706195085338997096e+07
-4.275330793297833204e+07
8.150005053501973018e-01
2.574798020416309896e+00
1.160964939688964082e+00
-2.362835130077988399e+00
6.770918352521311689e+00
7.571169838798688101e-01
-2.725562380519139793e+00
7.114256684870161607e+00
1.766898725260045988e-01
-7.978873714666456785e-01
2.116206809045798387e+00
6.927326645648628455e-03
3.020443397337595204e-02
6.308100701188703099e-03
-1.207354366239368898e-01
2.627222293132852049e-01
3.415145158636443898e-03
-1.078001373456727724e-01
2.709800575976205050e-01
7.374208888081318271e-04
-2.749553172313927429e-02
7.331617340629870139e-02
1.010332519158463560e+00
8.993121985991189057e-04
2.839499978073013464e-01
-4.049713351818367002e+00
1.320792459115458151e+01
1.039626324562327037e-01
-7.025211960877340012e+00
2.478445811329354953e+01
3.093204453525294842e-02
-2.692369399731187940e+00
9.609470618354851723e+00
1.308191290576907750e+00
-5.537729575322161354e-03
-6.782927543714653562e-02
-6.689855770841031113e-01
3.403135474506013392e+00
-5.296568890119686401e-02
-9.923726652507623980e-01
4.820717779485188537e+00
-6.134141631961720874e-03
-3.842940902395551861e-01
1.756167831043880634e+00
2.096551999295542828e+03
1.463749316826155336e+03
1.312549328609852182e+03
1.830733001708211668e+04
-4.353414407461069641e+04
-8.332889543511114425e+02
3.204731997183186832e+04
-1.086094503752085875e+05
4.522513639811220401e+02
8.353439546391713520e+03
-4.453132500373219955e+04
-1.011408843498336137e+04
-4.463380572247914824e+04
-6.541489181212001313e+03
-2.669014272180894623e+05
6.863513523105180357e+05
3.405772202830938113e+03
-4.375809019012655481e+05
1.631901474362683948e+06
-7.463713562470321449e+03
-1.145739402946064656e+05
6.744646279028740246e+05
2.293383960202228263e+04
2.309260794583696988e+05
1.496045532271397860e+04
1.194458371304326225e+06
-3.104125303145780228e+06
-3.038103658054112202e+03
1.871874606711176923e+06
-7.307072064749747515e+06
4.271806704757764965e+04
4.675464007642216748e+05
-3.064570081877025310e+06
-1.462165106875688980e+04
-3.778437661837904598e+05
-9.608802021410729139e+03
-1.710649833757548593e+06
4.332905749059408903e+06
-2.236523128972507766e+04
-2.501764655526541173e+06
1.027686343976958096e+07
-8.539416801936038246e+04
-5.700258972402027575e+05
4.396810290689601563e+06
9.789747327985583070e+01
-4.265973087748922410e+01
1.534842103790491308e+02
-1.417062076076895437e+03
2.752861414366502686e+03
1.387406469558648894e+02
-1.433658507513588120e+03
2.857741895243075760e+03
4.102510946737612585e+01
-4.236807379746389870e+02
8.503594335657172678e+02
-3.282103056513807626e+00
-9.049897610716074681e+00
-1.241699083480122567e+01
5.544935293022905398e+01
-1.060682103287537643e+02
-1.195613460144001117e+01
7.681733535975791938e+01
-1.553258240687340219e+02
-3.412296198415921467e+00
2.557365009596643546e+01
-5.440646405915299511e+01
-2.515668403216218875e-05
1.975089944806061683e-05
-1.836816030729107341e-05
2.188617481796802759e-05
8.250182043564326627e-05
7.156539792618366594e-06
-5.578248592577753691e-05
1.914160439205320858e-04
5.447973603028188661e-06
-3.220433576624823197e-05
7.974185630502793754e-05
4.331514709695348131e+01
6.386332679188080874e+02
-3.285768747216059182e+01
2.415893826937031463e+03
-5.766875169379177350e+03
-6.185459307173840671e+01
2.953967762459948062e+03
-8.986290575914970759e+03
-2.157143577976204440e+01
9.812158224673428322e+02
-3.239566489593028564e+03
-7.019851307003684149e-02
-1.626876427561758653e-01
-1.872361875272428866e-01
1.138049308055142372e+00
-2.833935611412661704e+00
-1.714218320435374476e-01
1.720125431276441796e+00
-4.538546200029005107e+00
-4.997724170093737622e-02
6.061620576805035743e-01
-1.682976574482618171e+00
9.598954853007191090e+00
-3.969813607274059564e+02
1.620198165125564671e+01
-1.575411547367046296e+03
3.599597719594279624e+03
2.709241502057614426e+01
-1.785995514393751364e+03
5.153998942066542440e+03
1.117576780030733197e+01
-5.778450889291580097e+02
1.808596136024574207e+03
-2.989507193396007817e-02
1.402088479188021708e+00
-7.356003072391553710e-02
8.337228125690172575e-01
2.240012112267605882e-01
-5.520291978607117650e-02
5.667118514929774253e-01
7.186904277026305854e-01
-1.550744551028131364e-02
1.575036961011773429e-01
2.107683924389887054e-01
9.975553243411547921e-01
-7.884448029241455241e-03
-5.904704006896675100e-02
1.395854269359210864e+00
-4.516666890578402871e+00
-5.585340666821991124e-02
1.751660356065106949e+00
-5.990218139722733426e+00
-1.794533197877891742e-02
5.965114883116139355e-01
-2.060880591983353938e+00
1.600000000000000000e+01
1.174103254590971446e+01
3.931902839903994845e+03
-1.739571788509079124e+04
3.132379177102308859e+03
3.439662631369276787e+05
-1.216268001703145448e+06
-7.070205051531307981e+04
1.383762592351631960e+06
-3.966370787321777549e+06
-6.001305122548704821e+04
8.036010642852640012e+05
-2.091644090017649345e+06
-4.010530894982953760e+04
1.122535344213368517e+05
2.356172699889185969e+04
-3.476296642663824372e+06
1.137532680738211982e+07
7.542335495799444616e+05
-1.308502906437921338e+07
3.644865115732140839e+07
5.962979099607511889e+05
-7.427597050258536823e+06
1.892754845294294506e+07
8.320858080880487978e+04
-1.912372851140018320e+05
-2.109160494521659566e+05
8.717596476902630180e+06
-2.691628493612933904e+07
-1.989055818755045068e+06
3.089171710238005593e+07
-8.389553826376631856e+07
-1.453455691869081231e+06
1.706166643016244471e+07
-4.275390393096676469e+07
8.150040750841895942e-01
2.574807304365310578e+00
1.160953153841928653e+00
-2.362847722417715790e+00
6.770891995605206048e+00
7.571253243208591055e-01
-2.725534670372542490e+00
7.114304596115430535e+00
1.766891057673869170e-01
-7.978913592392332665e-01
2.116199710014454283e+00
6.927307085887198131e-03
3.020435657578977862e-02
6.308120636284947000e-03
-1.207339462092414661e-01
2.627237879289438527e-01
3.415136714010420706e-03
-1.078018612284379896e-01
2.709776412827246683e-01
7.374214904300881819e-04
-2.749535811285396328e-02
7.331644943795027902e-02
1.010329508571130575e+00
8.993121980677503367e-04
2.839502287944331571e-01
-4.049703124133103849e+00
1.320794926753879039e+01
1.039625916541105921e-01
-7.025252285367116656e+00
2.478434445016139875e+01
3.093204988550051979e-02
-2.692360586783948850e+00
9.609496125021140145e+00
1.308198723858428503e+00
-5.537729545968737149e-03
-6.782929971202518449e-02
-6.689860925080638454e-01
3.403132413541375190e+00
-5.296566738088868964e-02
-9.923710087970136762e-01
4.820726785237479106e+00
-6.134142078886218284e-03
-3.842944785329600599e-01
1.756165951473160680e+00
2.096551999295542828e+03
1.463749316826155336e+03
1.312549328609852182e+03
1.830733001708211668e+04
-4.353414407461069641e+04
-8.332889543511114425e+02
3.204731997183186832e+04
-1.086094503752085875e+05
4.522513639811220401e+02
8.353439546391713520e+03
-4.453132500373219955e+04
-1.011404134220012020e+04
-4.463421014493278926e+04
-6.541534457045559066e+03
-2.668923562273524585e+05
6.863491330053645652e+05
3.405799033899469123e+03
-4.375988938388924580e+05
1.631929752812143415e+06
-7.463900898747627252e+03
-1.145697809563487681e+05
6.744882814203492599e+05
2.293402228216252843e+04
2.309214827080221148e+05
1.496030039268667133e+04
1.194517143404588336e+06
-3.104179808559521101e+06
-3.038090821231648079e+03
1.871828891264418606e+06
-7.306502744609923102e+06
4.271436128844707855e+04
4.675693696983300033e+05
-3.064410107784451917e+06
-1.462161465867797233e+04
-3.778476380945112323e+05
-9.608831142224060386e+03
-1.710626916369592305e+06
4.332844716034891084e+06
-2.236493020341998999e+04
-2.501722710550248157e+06
1.027747897532142699e+07
-8.540057989592479134e+04
-5.700190022024072241e+05
4.396874408618291840e+06
9.789747327985583070e+01
-4.265973087748922410e+01
1.534842103790491308e+02
-1.417062076076895437e+03
2.752861414366502686e+03
1.387406469558648894e+02
-1.433658507513588120e+03
2.857741895243075760e+03
4.102510946737612585e+01
-4.236807379746389870e+02
8.503594335657172678e+02
-3.282005551176420344e+00
-9.049625301442745240e+00
-1.241703818780453794e+01
5.544595921018422047e+01
-1.060705146173871185e+02
-1.195698199227580538e+01
7.681717651680413894e+01
-1.553274093637134854e+02
-3.412149607467682255e+00
2.557417470460723052e+01
-5.440576269209925897e+01
-2.515717974415986020e-05
1.975098280044272183e-05
-1.836749830191171195e-05
2.188618817687128189e-05
8.250186708524479278e-05
7.156351951632569795e-06
-5.578322701138570033e-05
1.914142326656556700e-04
5.448147154317792505e-06
-3.220391860321265094e-05
7.974232216455666585e-05
4.331514709695348131e+01
6.386332679188080874e+02
-3.285768747216059182e+01
2.415893826937031463e+03
-5.766875169379177350e+03
-6.185459307173840671e+01
2.953967762459948062e+03
-8.986290575914970759e+03
-2.157143577976204440e+01
9.812158224673428322e+02
-3.239566489593028564e+03
-7.019784586232850898e-02
-1.626855846190357613e-01
-1.872319489824766647e-01
1.138005825012245786e+00
-2.834021760695299985e+00
-1.714321200389178346e-01
1.720158669280645203e+00
-4.538390154762826256e+00
-4.997574920760461392e-02
6.061610053548049937e-01
-1.683001636641826781e+00
9.598985064353628971e+00
-3.969662838508315303e+02
1.620195758304249978e+01
-1.575516901752076365e+03
3.599467274102775264e+03
2.709238340530756162e+01
-1.785929966663397408e+03
5.154139951407386434e+03
1.117578763242342887e+01
-5.778486063974994522e+02
1.808583980804491830e+03
-2.989511246179303236e-02
1.402063264108069696e+00
-7.355995205891072142e-02
8.337267925856358675e-01
2.240012779235679430e-01
-5.520291282782417014e-02
5.667109556532894388e-01
7.186900807173866035e-01
-1.550744943063660404e-02
1.575037300536361873e-01
2.107684105369277694e-01
9.975792525289339796e-01
-7.884447676686062376e-03
-5.904706445814986854e-02
1.395851393636927229e+00
-4.516672346575758112e+00
-5.585340794265324788e-02
1.751659176941486429e+00
-5.990225267472279569e+00
-1.794533006612245365e-02
5.965121272096074456e-01
-2.060878166537893907e+00
1.600000000000000000e+01
1.147163426116127027e+01
3.931904304590266747e+03
-1.739571028437721907e+04
3.132379310362042361e+03
3.439662221409253543e+05
-1.216268427175143734e+06
-7.070239090127743839e+04
1.383740054709963500e+06
-3.966410837440091651e+06
-6.001265237601625267e+04
8.036145935439118184e+05
-2.091623339065879816e+06
-4.010526477988552506e+04
1.122536270723444904e+05
2.356172592160153363e+04
-3.476315951110095717e+06
1.137526491324069165e+07
7.542291292386308778e+05
-1.308509602090506814e+07
3.644870543166448176e+07
5.963018418661652831e+05
-7.427554939348943532e+06
1.892755274503468722e+07
8.320863527535415778e+04
-1.912372079891565081e+05
-2.109161348628058913e+05
8.717536797919506207e+06
-2.691644492810397595e+07
-1.989053834955880186e+06
3.089223982151584327e+07
-8.389428329008315504e+07
-1.453458933361560339e+06
1.706139583202801272e+07
-4.275442666062986106e+07
8.150074273047070994e-01
2.574816089018764131e+00
1.160942075758494507e+00
-2.362859634710357426e+00
6.770866966945307652e+00
7.571331788759936288e-01
-2.725508432736152731e+00
7.114350110250341253e+00
1.766883821613457750e-01
-7.978951398491479496e-01
2.116192960735873818e+00
6.927287453268183258e-03
3.020427915847945580e-02
6.308140732143571738e-03
-1.207324486931421886e-01
2.627253509431962120e-01
3.415128184425797898e-03
-1.078035975127615148e-01
2.709752116112647546e-01
7.374220986788357747e-04
-2.749518301902556527e-02
7.331672744147849086e-02
1.010326483398298336e+00
8.993121975346123499e-04
2.839504635077605976e-01
-4.049692742009172619e+00
1.320797430640361192e+01
1.039625498989245472e-01
-7.025293542026301630e+00
2.478422814502460625e+01
3.093205538288052586e-02
-2.692351528682586537e+00
9.609522354069603978e+00
1.308206142381082460e+00
-5.537729516748568330e-03
-6.782932402015572071e-02
-6.689866072793348994e-01
3.403129361021442811e+00
-5.296564579415808521e-02
-9.923693511845730342e-01
4.820735785241685001e+00
-6.134142527570997719e-03
-3.842948675416941740e-01
1.756164070619591566e+00
2.096551999295542828e+03
1.463749316826155336e+03
1.312549328609852182e+03
1.830733001708211668e+04
-4.353414407461069641e+04
-8.332889543511114425e+02
3.204731997183186832e+04
-1.086094503752085875e+05
4.522513639811220401e+02
8.353439546391713520e+03
-4.453132500373219955e+04
-1.011398450107088502e+04
-4.463457411013486126e+04
-6.541579595631209486e+03
-2.668838198439382832e+05
6.863468248449021485e+05
3.405825025333376288e+03
-4.376161062434752239e+05
1.631957339687419124e+06
-7.464082318524637230e+03
-1.145657994366307394e+05
6.745108356011398137e+05
2.293422736854000323e+04
2.309173929132697522e+05
1.496014753953165928e+04
1.194572140954014380e+06
-3.104233559023891110e+06
-3.038078424034110412e+03
1.871784181550954003e+06
-7.305956138606697321e+06
4.271078396020964283e+04
4.675914639565636171e+05
-3.064256842598819174e+06
-1.462157519931959359e+04
-3.778510324071924551e+05
-9.608859696978528518e+03
-1.710605795244534966e+06
4.332785351792115718e+06
-2.236464003913567649e+04
-2.501683878910241649e+06
1.027806686770887673e+07
-8.540675608042397653e+04
-5.700122836355437757e+05
4.396936657222931273e+06
9.789747327985583070e+01
-4.265973087748922410e+01
1.534842103790491308e+02
-1.417062076076895437e+03
2.752861414366502686e+03
1.387406469558648894e+02
-1.433658507513588120e+03
2.857741895243075760e+03
4.102510946737612585e+01
-4.236807379746389870e+02
8.503594335657172678e+02
-3.281916787963929938e+00
-9.049371080040931048e+00
-1.241709135482885173e+01
5.544273385095718965e+01
-1.060726411682402528e+02
-1.195774053208968013e+01
7.681725222263759179e+01
-1.553289037242350616e+02
-3.412016244525053921e+00
2.557463266235311394e+01
-5.440510482402623182e+01
-2.515770761675288546e-05
1.975105637236857645e-05
-1.836688108429333075e-05
2.188619840617318788e-05
8.250191243933822558e-05
7.156179053495440919e-06
-5.578387853752721622e-05
1.914125824067082992e-04
5.448307060506522933e-06
-3.220355064320003284e-05
7.974274124829157102e-05
4.331514709695348131e+01
6.386332679188080874e+02
-3.285768747216059182e+01
2.415893826937031463e+03
-5.766875169379177350e+03
-6.185459307173840671e+01
2.953967762459948062e+03
-8.986290575914970759e+03
-2.157143577976204440e+01
9.812158224673428322e+02
-3.239566489593028564e+03
-7.019718058448520814e-02
-1.626836116549997824e-01
-1.872281574977088248e-01
1.137964763217082620e+00
-2.834101040587054143e+00
-1.714417323607015653e-01
1.720186354245015758e+00
-4.538256223612601836e+00
-4.997433516592300617e-02
6.061611803075001026e-01
-1.683021807399317948e+00
9.599014090500759266e+00
-3.969518631279670444e+02
1.620193434057356541e+01
-1.575615789676049644e+03
3.599346766301341177e+03
2.709235302121836853e+01
-1.785872304202898931e+03
5.154259203085947775e+03
1.117580706583550665e+01
-5.778509473299545789e+02
1.808575722423167917e+03
-2.989515128574449926e-02
1.402039184180769560e+00
-7.355987738270280962e-02
8.337305027217232212e-01
2.240013391469989068e-01
-5.520290507264860591e-02
5.667101861359775672e-01
7.186897958712539225e-01
-1.550745342136955821e-02
1.575037499700975840e-01
2.107684208343465204e-01
9.976021137665930238e-01
-7.884447339773609578e-03
-5.904708715832608645e-02
1.395848741194367637e+00
-4.516677263057708558e+00
-5.585340991111199804e-02
1.751657828952782214e+00
-5.990232826979791092e+00
-1.794532811674567213e-02
5.965127777804447584e-01
-2.060875713526072683e+00
1.600000000000000000e+01
1.123355441009688072e+01
3.931905792550386195e+03
-1.739570283680782813e+04
3.132379383710717775e+03
3.439661526097440510e+05
-1.216268741514359834e+06
-7.070267323904225486e+04
1.383719526577590732e+06
-3.966449882121073082e+06
-6.001232424001552135e+04
8.036266778497275664e+05
-2.091603772493327502e+06
-4.010522068927506189e+04
1.122537167982152314e+05
2.356172434581045309e+04
-3.476334101573428139e+06
1.137521041587187164e+07
7.542257991480558412e+05
-1.308516005383465253e+07
3.644870078453275561e+07
5.963045962427232880e+05
-7.427521845297984779e+06
1.892756773046049476e+07
8.320868898808630183e+04
-1.912371338564254984e+05
-2.109162239222500357e+05
8.717481610206337646e+06
-2.691658833041600510e+07
-1.989050840499268845e+06
3.089271397828334942e+07
-8.389320172283108532e+07
-1.453463162056051427e+06
1.706113927174459398e+07
-4.275489577212850749e+07
8.150105747530276279e-01
2.574824405924184045e+00
1.160931661244121837e+00
-2.362870912345001795e+00
6.770843175649695844e+00
7.571405789223695226e-01
-2.725483566806507163e+00
7.114393394997989617e+00
1.766876988554588745e-01
-7.978987277005841205e-01
2.116186536428756426e+00
6.927267778943990012e-03
3.020420174839996696e-02
6.308160941298057017e-03
-1.207309456616775245e-01
2.627269179294442480e-01
3.415119592144790980e-03
-1.078053437942059489e-01
2.709727701616031492e-01
7.374227119474505935e-04
-2.749500670808157493e-02
7.331700717760598895e-02
1.010323444307096752e+00
8.993121969994827920e-04
2.839507015840990189e-01
-4.049682213548269516e+00
1.320799969968749643e+01
1.039625072890338481e-01
-7.025335663466417913e+00
2.478410933783982628e+01
3.093206101218606494e-02
-2.692342244731830814e+00
9.609549259380436581e+00
1.308213542781887728e+00
-5.537729487649674896e-03
-6.782934833496588600e-02
-6.689871213188323118e-01
3.403126315770780508e+00
-5.296562417003473910e-02
-9.923676931740506024e-01
4.820744779918638478e+00
-6.134142977381312582e-03
-3.842952570273344692e-01
1.756162188783014111e+00
2.096551999295542828e+03
1.463749316826155336e+03
1.312549328609852182e+03
1.830733001708211668e+04
-4.353414407461069641e+04
-8.332889543511114425e+02
3.204731997183186832e+04
-1.086094503752085875e+05
4.522513639811220401e+02
8.353439546391713520e+03
-4.453132500373219955e+04
-1.011391883993304691e+04
-4.463490164431321318e+04
-6.541624531080907218e+03
-2.668757503282493562e+05
6.863445022201170214e+05
3.405850229597100679e+03
-4.376326058298608987e+05
1.631984107301460113e+06
-7.464258372174083888e+03
-1.145619935839586833e+05
6.745323082446281333e+05
2.293445272682511859e+04
2.309137595986131637e+05
1.495999677428218456e+04
1.194623892323165899e+06
-3.104285960425778758e+06
-3.038066435763162644e+03
1.871740433963201474e+06
-7.305432023507668637e+06
4.270732314977444912e+04
4.676126468327532057e+05
-3.064110527056266088e+06
-1.462153298105276008e+04
-3.778539966650317074e+05
-9.608887707000058072e+03
-1.710586169409181923e+06
4.332727977805081755e+06
-2.236435998765877594e+04
-2.501647837438317947e+06
1.027862831992252171e+07
-8.541271841196515015e+04
-5.700057903032895410e+05
4.396996545202449895e+06
9.789747327985583070e+01
-4.265973087748922410e+01
1.534842103790491308e+02
-1.417062076076895437e+03
2.752861414366502686e+03
1.387406469558648894e+02
-1.433658507513588120e+03
2.857741895243075760e+03
4.102510946737612585e+01
-4.236807379746389870e+02
8.503594335657172678e+02
-3.281836298447239564e+00
-9.049133850104352561e+00
-1.241714729334218070e+01
5.543967305781222876e+01
-1.060745978777995902e+02
-1.195842001478655625e+01
7.681752228943379635e+01
-1.553303298508602097e+02
-3.411894722198188123e+00
2.557503316241193758e+01
-5.440448362108324432e+01
-2.515826777574836447e-05
1.975112063196314980e-05
-1.836630360014252362e-05
2.188620615759809333e-05
8.250195760726082323e-05
7.156019595846115403e-06
-5.578445154629190736e-05
1.914110716233039140e-04
5.448454705546973142e-06
-3.220322566353341548e-05
7.974312018093917371e-05
4.331514709695348131e+01
6.386332679188080874e+02
-3.285768747216059182e+01
2.415893826937031463e+03
-5.766875169379177350e+03
-6.185459307173840671e+01
2.953967762459948062e+03
-8.986290575914970759e+03
-2.157143577976204440e+01
9.812158224673428322e+02
-3.239566489593028564e+03
-7.019651663888756832e-02
-1.626817165806952459e-01
-1.872247916879675178e-01
1.137925820700513402e+00
-2.834174171907104967e+00
-1.714506997548019829e-01
1.720209404701721789e+00
-4.538141826024710390e+00
-4.997299661709653229e-02
6.061623862061346069e-01
-1.683037660634311372e+00
9.599042022923647721e+00
-3.969380469807087479e+02
1.620191179941461357e+01
-1.575708857842673297e+03
3.599235221076377456e+03
2.709232413344976464e+01
-1.785821537601850423e+03
5.154359192777010321e+03
1.117582602501442857e+01
-5.778522701236878447e+02
1.808570892553584599e+03
-2.989518854319802785e-02
1.402016147367881826e+00
-7.355980617073416827e-02
8.337339707833416602e-01
2.240013954509982030e-01
-5.520289682417995475e-02
5.667095270299470355e-01
7.186895658582438395e-01
-1.550745744436757625e-02
1.575037577355787310e-01
2.107684242922671092e-01
9.976239770242476546e-01
-7.884447017471854849e-03
-5.904710827775310616e-02
1.395846296735288483e+00
-4.516681678624867580e+00
-5.585341253081858859e-02
1.751656324720484825e+00
-5.990240781652836688e+00
-1.794532613245637676e-02
5.965134390639501571e-01
-2.060873235965500427e+00
1.600000000000000000e+01
1.102176739609255485e+01
3.931907290037207986e+03
-1.739569551189028789e+04
3.132379415833906478e+03
3.439660561340990243e+05
-1.216269012759996811e+06
-7.070291318776263506e+04
1.383700774372807704e+06
-3.966487282077421434e+06
-6.001204938228501123e+04
8.036374877182292985e+05
-2.091585549728270387e+06
-4.010517698270987603e+04
1.122538040436248266e+05
2.356172251063596559e+04
-3.476351223028727807e+06
1.137516134173416719e+07
7.542231539192917990e+05
-1.308522270190308616e+07
3.644865830807653815e+07
5.963065620028446428e+05
-7.427496023215433583e+06
1.892758689005840197e+07
8.320874167259738897e+04
-1.912370623093472095e+05
-2.109163123153265333e+05
8.717430468992967159e+06
-2.691671851423884183e+07
-1.989047474443576066e+06
3.089314207727633044e+07
-8.389225658268709481e+07
-1.453467857212030794e+06
1.706089678544678167e+07
-4.275532329761765897e+07
8.150135303671263154e-01
2.574832285992075143e+00
1.160921866220260945e+00
-2.362881599236075658e+00
6.770820534746333941e+00
7.571475554402399277e-01
-2.725459975626967957e+00
7.114434610153725913e+00
1.766870530543926954e-01
-7.979021365962408741e-01
2.116180413538350180e+00
6.927248083553765035e-03
3.020412436793997943e-02
6.308181229519838409e-03
-1.207294385129431408e-01
2.627284881461635080e-01
3.415110953969901619e-03
-1.078070978697527604e-01
2.709703190087070501e-01
7.374233289750374955e-04
-2.749482943348779962e-02
7.331728834473937029e-02
1.010320392025592096e+00
8.993121964622860943e-04
2.839509426867183328e-01
-4.049671549239480584e+00
1.320802542819289371e+01
1.039624639165219189e-01
-7.025378573558308304e+00
2.478398821991254053e+01
3.093206675890563737e-02
-2.692332756248625447e+00
9.609576783198642502e+00
1.308220923034125738e+00
-5.537729458664400646e-03
-6.782937263620957002e-02
-6.689876344882689230e-01
3.403123277632238430e+00
-5.296560253221524461e-02
-9.923660357241999019e-01
4.820753766695579756e+00
-6.134143427770543701e-03
-3.842956466954509098e-01
1.756160306903896906e+00
2.096551999295542828e+03
1.463749316826155336e+03
1.312549328609852182e+03
1.830733001708211668e+04
-4.353414407461069641e+04
-8.332889543511114425e+02
3.204731997183186832e+04
-1.086094503752085875e+05
4.522513639811220401e+02
8.353439546391713520e+03
-4.453132500373219955e+04
-1.011384517851233613e+04
-4.463519594470864831e+04
-6.541669194182759384e+03
-2.668680996832601959e+05
6.863422037671849830e+05
3.405874678547790154e+03
-4.376484507696979563e+05
1.632010004079445498e+06
-7.464429348222991393e+03
-1.145583557252370956e+05
6.745527505832323804e+05
2.293469647672513747e+04
2.309105429337769747e+05
1.495984813171279166e+04
1.194672746066448279e+06
-3.104336760866801254e+06
-3.038054834787323671e+03
1.871697621296884958e+06
-7.304929600633202121e+06
4.270397147843353014e+04
4.676329330441534985e+05
-3.063971009395001456e+06
-1.462148825906170350e+04
-3.778565681426682277e+05
-9.608915187760632762e+03
-1.710567863758094842e+06
4.332672681361397728e+06
-2.236408944077544220e+04
-2.501614290845648386e+06
1.027916483063113876e+07
-8.541848160113887570e+04
-5.699995393986722920e+05
4.397053918952148408e+06
9.789747327985583070e+01
-4.265973087748922410e+01
1.534842103790491308e+02
-1.417062076076895437e+03
2.752861414366502686e+03
1.387406469558648894e+02
-1.433658507513588120e+03
2.857741895243075760e+03
4.102510946737612585e+01
-4.236807379746389870e+02
8.503594335657172678e+02
-3.281763624452716410e+00
-9.048912573024788131e+00
-1.241720355950858590e+01
5.543677254014387756e+01
-1.060763925602955453e+02
-1.195902882525868272e+01
7.681795367192052026e+01
-1.553317051113154150e+02
-3.411783874955953255e+00
2.557538350540786354e+01
-5.440389401596574004e+01
-2.515885997953211752e-05
1.975117602875199390e-05
-1.836576147803034475e-05
2.188621199040119574e-05
8.250200351662181214e-05
7.155872282530142251e-06
-5.578495542437778308e-05
1.914096824052057173e-04
5.448591260015720798e-06
-3.220293858049421684e-05
7.974346417350102606e-05
4.331514709695348131e+01
6.386332679188080874e+02
-3.285768747216059182e+01
2.415893826937031463e+03
-5.766875169379177350e+03
-6.185459307173840671e+01
2.953967762459948062e+03
-8.986290575914970759e+03
-2.157143577976204440e+01
9.812158224673428322e+02
-3.239566489593028564e+03
-7.019585346842582840e-02
-1.626798928639194008e-01
-1.872218315585047199e-01
1.137888733882412406e+00
-2.834241792715168629e+00
-1.714590504140897365e-01
1.720228632436301863e+00
-4.538044656257999243e+00
-4.997173096082136584e-02
6.061644442294367163e-01
-1.683049718805634365e+00
9.599068945566216371e+00
-3.969247884541706526e+02
1.620188985210025834e+01
-1.575796677675298042e+03
3.599131772210387680e+03
2.709229695904056001e+01
-1.785776797482754318e+03
5.154442132301995116e+03
1.117584444446859315e+01
-5.778527161404094841e+02
1.808569070831057843e+03
-2.989522435917876808e-02
1.401994070246878055e+00
-7.355973796929050901e-02
8.337372212490293810e-01
2.240014473257441741e-01
-5.520288833808017354e-02
5.667089644215466127e-01
7.186893842383329511e-01
-1.550746146676753624e-02
1.575037550169401945e-01
2.107684217659866743e-01
9.976449073740685236e-01
-7.884446708808678234e-03
-5.904712791805846045e-02
1.395844045960442203e+00
-4.516685629398303092e+00
-5.585341575986285667e-02
1.751654676396666943e+00
-5.990249096139213414e+00
-1.794532411568328448e-02
5.965141099789538215e-01
-2.060870737241340844e+00
1.600000000000000000e+01
1.083228065493540448e+01
3.931908790843719999e+03
-1.739568828015183681e+04
3.132379417751464189e+03
3.439659322447784944e+05
-1.216269286899243481e+06
-7.070312075789713708e+04
1.383683620947477408e+06
-3.966522715201113373e+06
-6.001181603145114786e+04
8.036471728218354983e+05
-2.091568692960016429e+06
-4.010513376811824128e+04
1.122538892319537554e+05
2.356172054610693885e+04
-3.476367484354102053e+06
1.137511625213671289e+07
7.542209495863246266e+05
-1.308528451918815263e+07
3.644859159204602987e+07
5.963079883306340780e+05
-7.427476023674543016e+06
1.892760686184529588e+07
8.320879326587538526e+04
-1.912369929643234937e+05
-2.109163979149301013e+05
8.717382885946620256e+06
-2.691683803584858775e+07
-1.989044095358401071e+06
3.089352762770435214e+07
-8.389142179613701999e+07
-1.453472704838681966e+06
1.706066820542532578e+07
-4.275571684606769681e+07
8.150163068244582476e-01
2.574839758895171915e+00
1.160912648081677601e+00
-2.362891737072535303e+00
6.770798962230554885e+00
7.571541381571333940e-01
-2.725437567614876322e+00
7.114473905765149375e+00
1.766864420896764876e-01
-7.979053795340164124e-01
2.116174569995731947e+00
6.927228381924850804e-03
3.020404703924989970e-02
6.308201570714220066e-03
-1.207279285207767949e-01
2.627300606746977296e-01
3.415102283140776605e-03
-1.078088577203132614e-01
2.709678604304140426e-01
7.374239487396738084e-04
-2.749465143091021913e-02
7.331757062109910128e-02
1.010317327472415538e+00
8.993121959230655164e-04
2.839511864960312382e-01
-4.049660760939354454e+00
1.320805146623048998e+01
1.039624198674867911e-01
-7.025422193399643689e+00
2.478386500573932594e+01
3.093207260942458514e-02
-2.692323084867969563e+00
9.609604863583804502e+00
1.308228281641798496e+00
-5.537729429788888422e-03
-6.782939690739563099e-02
-6.689881466120702891e-01
3.403120247071022231e+00
-5.296558090069624497e-02
-9.923643798724931520e-01
4.820762741435086873e+00
-6.134143878263526896e-03
-3.842960362351464099e-01
1.756158426219304625e+00
2.096551999295542828e+03
1.463749316826155336e+03
1.312549328609852182e+03
1.830733001708211668e+04
-4.353414407461069641e+04
-8.332889543511114425e+02
3.204731997183186832e+04
-1.086094503752085875e+05
4.522513639811220401e+02
8.353439546391713520e+03
-4.453132500373219955e+04
-1.011376428538462642e+04
-4.463545984820339072e+04
-6.541713514437205959e+03
-2.668608281725817360e+05
6.863399550648792647e+05
3.405898396204929213e+03
-4.376636916115295608e+05
1.632035010138468118e+06
-7.464595443692791378e+03
-1.145548770413056482e+05
6.745722213128114818e+05
2.293495684574646293e+04
2.309077075329919171e+05
1.495970166459518987e+04
1.194718983423768077e+06
-3.104385822853786405e+06
-3.038043603469747268e+03
1.871655730070072459e+06
-7.304447915237735026e+06
4.270072332196562638e+04
4.676523520840890124e+05
-3.063838017320940737e+06
-1.462144127542951537e+04
-3.778587800048774225e+05
-9.608942149843203879e+03
-1.710550744080522796e+06
4.332619479161999188e+06
-2.236382788810355487e+04
-2.501582969697452616e+06
1.027967790190971084e+07
-8.542405737757332099e+04
-5.699935371393935056e+05
4.397108749452633783e+06
9.789747327985583070e+01
-4.265973087748922410e+01
1.534842103790491308e+02
-1.417062076076895437e+03
2.752861414366502686e+03
1.387406469558648894e+02
-1.433658507513588120e+03
2.857741895243075760e+03
4.102510946737612585e+01
-4.236807379746389870e+02
8.503594335657172678e+02
-3.281698302317032745e+00
-9.048706230057753430e+00
-1.241725830600909219e+01
5.543402688176259829e+01
-1.060780336017102314e+02
-1.195957428036040149e+01
7.681851903851855923e+01
-1.553330425745004959e+02
-3.411682681525875172e+00
2.557568982329549812e+01
-5.440333198504198720e+01
-2.515948349099143543e-05
1.975122303209907702e-05
-1.836525093940272877e-05
2.188621636126860276e-05
8.250205084590687521e-05
7.155735970619407861e-06
-5.578539826652119784e-05
1.914083997048498739e-04
5.448717752417919327e-06
-3.220268505211219926e-05
7.974377753862636482e-05
4.331514709695348131e+01
6.386332679188080874e+02
-3.285768747216059182e+01
2.415893826937031463e+03
-5.766875169379177350e+03
-6.185459307173840671e+01
2.953967762459948062e+03
-8.986290575914970759e+03
-2.157143577976204440e+01
9.812158224673428322e+02
-3.239566489593028564e+03
-7.019519063075733978e-02
-1.626781346201937040e-01
-1.872192566189646856e-01
1.137853279237867943e+00
-2.834304462773725941e+00
-1.714668134275309785e-01
1.720244710218354456e+00
-4.537962710855141246e+00
-4.997053538714806009e-02
6.061672038906990023e-01
-1.683058438144050761e+00
9.599094936052736671e+00
-3.969120443144872183e+02
1.620186840905054737e+01
-1.575879753666640681e+03
3.599035648461203436e+03
2.709227164459929327e+01
-1.785737337354327565e+03
5.154509954825413843e+03
1.117586227855808900e+01
-5.778524065520819022e+02
1.808569890349363277e+03
-2.989525884837750461e-02
1.401972876396374357e+00
-7.355967239290341075e-02
8.337402756724000552e-01
2.240014952060395137e-01
-5.520287981480337391e-02
5.667084863485208901e-01
7.186892453969623284e-01
-1.550746546276836335e-02
1.575037432440957730e-01
2.107684139998140527e-01
9.976649671784845186e-01
-7.884446412854630507e-03
-5.904714617670364651e-02
1.395841975237569033e+00
-4.516689149784878232e+00
-5.585341955748000797e-02
1.751652895607147764e+00
-5.990257736661423138e+00
-1.794532206895250309e-02
5.965147894612916613e-01
-2.060868220674967777e+00
1.600000000000000000e+01
1.066184379088090850e+01
3.931910292565947657e+03
-1.739568111633328590e+04
3.132379396107257890e+03
3.439657800044933683e+05
-1.216269594285324682e+06
-7.070330254539537418e+04
1.383667922649356071e+06
-3.966556051389337052e+06
-6.001161600386489590e+04
8.036558633683898952e+05
-2.091553153216080042e+06
-4.010509105667943368e+04
1.122539727315438213e+05
2.356171852105708240e+04
-3.476383053111060522e+06
1.137507409634998441e+07
7.542190381920407526e+05
-1.308534558887234516e+07
3.644850948087172955e+07
5.963090373382108519e+05
-7.427460670030632056e+06
1.892762603221589327e+07
8.320884380632369721e+04
-1.912369254852248996e+05
-2.109164798017672438e+05
8.717338394274305552e+06
-2.691694885058230162e+07
-1.989040897436435334e+06
3.089387443469698355e+07
-8.389067840379863977e+07
-1.453477517872045515e+06
1.706045317883377150e+07
-4.275608146333769709e+07
8.150189162798323617e-01
2.574846852737500580e+00
1.160903966415740340e+00
-2.362901364962858075e+00
6.770778381501640020e+00
7.571603551163713641e-01
-2.725416257219809069e+00
7.114511421469345009e+00
1.766858634534565486e-01
-7.979084686251929348e-01
2.116168985304291539e+00
6.927208685660561117e-03
3.020396978578399061e-02
6.308221943941259499e-03
-1.207264168658203907e-01
2.627316345096191164e-01
3.415093590485544263e-03
-1.078106214967973348e-01
2.709653967373252814e-01
7.374245703906146020e-04
-2.749447291654478348e-02
7.331785368776472245e-02
1.010314251770823235e+00
8.993121953819340321e-04
2.839514327065581489e-01
-4.049649861147168295e+00
1.320807778467703208e+01
1.039623752221805475e-01
-7.025466444880643202e+00
2.478373991626335382e+01
3.093207855111035701e-02
-2.692313251606585744e+00
9.609633438607652067e+00
1.308235617254738470e+00
-5.537729401022369741e-03
-6.782942113437287479e-02
-6.689886574934579277e-01
3.403117224919409711e+00
-5.296555929277158709e-02
-9.923627266651049439e-01
4.820771699280309797e+00
-6.134144328443832256e-03
-3.842964253404995700e-01
1.756156548068787071e+00
2.096551999295542828e+03
1.463749316826155336e+03
1.312549328609852182e+03
1.830733001708211668e+04
-4.353414407461069641e+04
-8.332889543511114425e+02
3.204731997183186832e+04
-1.086094503752085875e+05
4.522513639811220401e+02
8.353439546391713520e+03
-4.453132500373219955e+04
-1.011367688786691724e+04
-4.463569595126951754e+04
-6.541757422120973388e+03
-2.668539010916177067e+05
6.863377749574871268e+05
3.405921402529309944e+03
-4.376783724441474769e+05
1.632059123290614923e+06
-7.464756812080604504e+03
-1.145515486806983827e+05
6.745907797032770468e+05
2.293523214629869835e+04
2.309052209081491455e+05
1.495955743691407770e+04
1.194762848509037634e+06
-3.104433061797287315e+06
-3.038032726590425227e+03
1.871614756760301068e+06
-7.303985973400437273e+06
4.269757400493640307e+04
4.676709383890788304e+05
-3.063711234573210590e+06
-1.462139226226598657e+04
-3.778606628044847748e+05
-9.608968600196218176e+03
-1.710534695325996727e+06
4.332568360115040094e+06
-2.236357488354700035e+04
-2.501553628556773067e+06
1.028016896905608661e+07
-8.542945572373455798e+04
-5.699877845555525273e+05
4.397161069119893014e+06
9.789747327985583070e+01
-4.265973087748922410e+01
1.534842103790491308e+02
-1.417062076076895437e+03
2.752861414366502686e+03
1.387406469558648894e+02
-1.433658507513588120e+03
2.857741895243075760e+03
4.102510946737612585e+01
-4.236807379746389870e+02
8.503594335657172678e+02
-3.281639867323447923e+00
-9.048513824771127645e+00
-1.241731018103761208e+01
5.543142973099090653e+01
-1.060795298443611898e+02
-1.196006281663325055e+01
7.681919570271054454e+01
-1.553343519163324800e+02
-3.411590234438078628e+00
2.557595736693993871e+01
-5.440279425733760377e+01
-2.516013716952069946e-05
1.975126212772326581e-05
-1.836476870734579273e-05
2.188621963774098502e-05
8.250210005556552135e-05
7.155609643824546848e-06
-5.578578710014210482e-05
1.914072108101643474e-04
5.448835098115295880e-06
-3.220246131208428386e-05
7.974406391046422909e-05
4.331514709695348131e+01
6.386332679188080874e+02
-3.285768747216059182e+01
2.415893826937031463e+03
-5.766875169379177350e+03
-6.185459307173840671e+01
2.953967762459948062e+03
-8.986290575914970759e+03
-2.157143577976204440e+01
9.812158224673428322e+02
-3.239566489593028564e+03
-7.019452779661970732e-02
-1.626764365361159648e-01
-1.872170458801250548e-01
1.137819268178001053e+00
-2.834362673399363874e+00
-1.714740188762075845e-01
1.720258186198441841e+00
-4.537894256478463006e+00
-4.996940684975800101e-02
6.061705410278557249e-01
-1.683064213916838359e+00
9.599120066190652167e+00
-3.968997746769206287e+02
1.620184739627654480e+01
-1.575958532194062400e+03
3.598946161416902669e+03
2.709224827464579732e+01
-1.785702518328345604e+03
5.154564348454235187e+03
1.117587949981264295e+01
-5.778514443952522015e+02
1.808573032311375528e+03
-2.989529211614560741e-02
1.401952495649475106e+00
-7.355960911497698429e-02
8.337431530793678602e-01
2.240015394786035730e-01
-5.520287140694550565e-02
5.667080825433299385e-01
7.186891444399662321e-01
-1.550746941284870777e-02
1.575037236371415739e-01
2.107684016394376358e-01
9.976842160563703654e-01
-7.884446128723073682e-03
-5.904716314701628083e-02
1.395840071585295883e+00
-4.516692272503930461e+00
-5.585342388440346639e-02
1.751650993390420963e+00
-5.990266671233801965e+00
-1.794531999474002076e-02
5.965154765000545423e-01
-2.060865689409874690e+00
1.600000000000000000e+01
1.050782093502927417e+01
