3.931897989719669567e+03
-1.739575870681280503e+04
3.132375545898834844e+03
3.439658609236137709e+05
-1.216256581998199690e+06
-7.069800600428853068e+04
1.383907177859704942e+06
-3.966276189097944647e+06
-6.001752423652596190e+04
8.035151181825734675e+05
-2.091710365941657918e+06
-4.010547653771656769e+04
1.122530169706700981e+05
2.356169606583616769e+04
-3.476180699403351173e+06
1.137593670849481970e+07
7.543131127166453516e+05
-1.308476044625267945e+07
3.644458485392813385e+07
5.962266124722879613e+05
-7.427790114356440492e+06
1.892897751404034346e+07
8.320835471266537206e+04
-1.912377264145924128e+05
-2.109162454782992136e+05
8.717975083525680006e+06
-2.691494242066955194e+07
-1.988980652736272197e+06
3.088802996015456319e+07
-8.390870279256162047e+07
-1.453503195344649721e+06
1.706352899082216620e+07
-4.274865973112091422e+07
8.149838730507784623e-01
2.574755351745465770e+00
1.161019803549678597e+00
-2.362777178555153679e+00
6.771038707057573269e+00
7.570782938606833712e-01
-2.725689689043247377e+00
7.114038039714996486e+00
1.766934149293478973e-01
-7.978690983168182926e-01
2.116239150200515340e+00
6.927402739328343377e-03
3.020474290328910988e-02
6.308024337706170936e-03
-1.207413066113113831e-01
2.627159890578132373e-01
3.415177364719879441e-03
-1.077933861118837433e-01
2.709896696689174656e-01
7.374185938559282925e-04
-2.749621038376280982e-02
7.331507891357019746e-02
1.010344404799476958e+00
8.993122007234547691e-04
2.839491168044590008e-01
-4.049752962958004687e+00
1.320782817266536568e+01
1.039627848680542560e-01
-7.025059158961947325e+00
2.478489237013047486e+01
3.093202475605891927e-02
-2.692402389685166320e+00
9.609374464684982797e+00
1.308161560703610560e+00
-5.537729694807678321e-03
-6.782917938621006726e-02
-6.689834970767116751e-01
3.403147966134083102e+00
-5.296577374411866324e-02
-9.923793203111361816e-01
4.820681208409586915e+00
-6.134139870393713091e-03
-3.842925330869636502e-01
1.756175442198598446e+00
2.096551999295542828e+03
1.463749316826155336e+03
1.312549328609852182e+03
1.830733001708211668e+04
-4.353414407461069641e+04
-8.332889543511114425e+02
3.204731997183186832e+04
-1.086094503752085875e+05
4.522513639811220401e+02
8.353439546391713520e+03
-4.453132500373219955e+04
-1.011405647262115599e+04
-4.463101109458185238e+04
-6.541308761668721672e+03
-2.669592341930750408e+05
6.863283229317984078e+05
3.405637218767968534e+03
-4.375077208209015080e+05
1.631817130734469742e+06
-7.462648563007645862e+03
-1.145852517715331924e+05
6.744024689098675735e+05
2.293365827343649653e+04
2.309600081497950596e+05
1.496108397418369532e+04
1.194018134231814183e+06
-3.104223969305276405e+06
-3.038166617199258781e+03
1.872032284909359179e+06
-7.309145012085539289e+06
4.273822871475410648e+04
4.675020186166010099e+05
-3.064853498512499034e+06
-1.462171522218356949e+04
-3.778128579387104255e+05
-9.608682631509725979e+03
-1.710892525721405633e+06
4.332924601416520774e+06
-2.236668326226652789e+04
-2.501971638637746684e+06
1.027449590225954168e+07
-8.536030079034245864e+04
-5.700253441737515386e+05
4.396844346849776804e+06
9.789747327985583070e+01
-4.265973087748922410e+01
1.534842103790491308e+02
-1.417062076076895437e+03
2.752861414366502686e+03
1.387406469558648894e+02
-1.433658507513588120e+03
2.857741895243075760e+03
4.102510946737612585e+01
-4.236807379746389870e+02
8.503594335657172678e+02
-3.282701958759533856e+00
-9.051384468245865733e+00
-1.241544974225804232e+01
5.547164477097869906e+01
-1.060510993896633494e+02
-1.195304455369065799e+01
7.680704618365417957e+01
-1.553317294809839382e+02
-3.412926159239326296e+00
2.557237756995253619e+01
-5.440803670774046452e+01
-2.515642981879956500e-05
1.975025694220132650e-05
-1.837067146929591507e-05
2.188631704131197269e-05
8.250240316860032888e-05
7.157371250566708209e-06
-5.578000011227068460e-05
1.914208288407217846e-04
5.447166261464216858e-06
-3.220610095021981872e-05
7.974016714984341050e-05
4.331514709695348131e+01
6.386332679188080874e+02
-3.285768747216059182e+01
2.415893826937031463e+03
-5.766875169379177350e+03
-6.185459307173840671e+01
2.953967762459948062e+03
-8.986290575914970759e+03
-2.157143577976204440e+01
9.812158224673428322e+02
-3.239566489593028564e+03
-7.020209449091723009e-02
-1.626979845068708408e-01
-1.872514685185499017e-01
1.138313650449944925e+00
-2.833419630443004600e+00
-1.713795568684061688e-01
1.719754933811952657e+00
-4.539717148261272150e+00
-4.998343735754870454e-02
6.062072055948308780e-01
-1.682769616644546051e+00
9.598807238347900395e+00
-3.970543859555743325e+02
1.620212618951781280e+01
-1.574828698671703705e+03
3.600341084383109319e+03
2.709242965907546719e+01
-1.786482357315139097e+03
5.152919378666510966e+03
1.117571013003389524e+01
-5.777999423177481049e+02
1.808730762932043035e+03
-2.989487384493607139e-02
1.402210644858373767e+00
-7.356049468633846233e-02
8.337006542278661003e-01
2.240008282397391026e-01
-5.520287000117722609e-02
5.667186343606578358e-01
7.186931973380502603e-01
-1.550743735432574301e-02
1.575032277927718716e-01
2.107681571517622809e-01
9.974408278363099400e-01
-7.884449714907202852e-03
-5.904690119559103528e-02
1.395871239676408804e+00
-4.516631601676276198e+00
-5.585343136869692221e-02
1.751658003934360330e+00
-5.990208965347804337e+00
-1.794533652216119546e-02
5.965097794825992006e-01
-2.060887936797180409e+00
1.100000000000000000e+01
1.099999999999532641e+01
3.931896743273171978e+03
-1.739575655583693879e+04
3.132377244743080155e+03
3.439665701741113444e+05
-1.216260046150353272e+06
-7.069932985972556344e+04
1.383879826997154625e+06
-3.966248029134843498e+06
-6.001616469799380138e+04
8.035289162271239329e+05
-2.091719956064744852e+06
-4.010549886220481858e+04
1.122530623898898630e+05
2.356171470672509167e+04
-3.476196013227971736e+06
1.137576649695082754e+07
7.542847207739793230e+05
-1.308459471236043237e+07
3.644675525739213079e+07
5.962501757055734051e+05
-7.427917396932323463e+06
1.892807030470028892e+07
8.320834139562258497e+04
-1.912376776409384329e+05
-2.109159780450940598e+05
8.717901248468376696e+06
-2.691530412494258210e+07
-1.989014301288701361e+06
3.088928257051860914e+07
-8.390387713245615363e+07
-1.453482484015631722e+06
1.706283724855719134e+07
-4.275066116158942878e+07
8.149884867171197644e-01
2.574767096619869466e+00
1.161005104023163037e+00
-2.362792669267677947e+00
6.771006614329925455e+00
7.570885317917791513e-01
-2.725656011753595731e+00
7.114095833876270980e+00
1.766924830790207457e-01
-7.978739083983891200e-01
2.116230636372584684e+00
6.927390810987529152e-03
3.020469338412357790e-02
6.308037104622934294e-03
-1.207403041746616112e-01
2.627170882415740261e-01
3.415171873233381269e-03
-1.077945629605547018e-01
2.709879420188596177e-01
7.374189889406235036e-04
-2.749609076678356454e-02
7.331527786268653146e-02
1.010342898846366966e+00
8.993122004428624880e-04
2.839492384049219220e-01
-4.049747327187362522e+00
1.320784245854878058e+01
1.039627634908990711e-01
-7.025081160639791378e+00
2.478482740769191750e+01
3.093202752161062705e-02
-2.692397656228005864e+00
9.609388796371904462e+00
1.308166429187514579e+00
-5.537729674592060947e-03
-6.782919623748706606e-02
-6.689838733340174315e-01
3.403145631235926949e+00
-5.296575851654401063e-02
-9.923780890342022154e-01
4.820688192199680699e+00
-6.134140190437954200e-03
-3.842928247496198435e-01
1.756173971648993470e+00
2.096551999295542828e+03
1.463749316826155336e+03
1.312549328609852182e+03
1.830733001708211668e+04
-4.353414407461069641e+04
-8.332889543511114425e+02
3.204731997183186832e+04
-1.086094503752085875e+05
4.522513639811220401e+02
8.353439546391713520e+03
-4.453132500373219955e+04
-1.011419432075957775e+04
-4.463183287543510960e+04
-6.541294460795991654e+03
-2.669391031425801339e+05
6.863397406960895751e+05
3.405659130532955714e+03
-4.375233878732950543e+05
1.631836534774689935e+06
-7.462925500498687143e+03
-1.145861894746784383e+05
6.743987379487233702e+05
2.293337436129201524e+04
2.309498774470821663e+05
1.496108225817242419e+04
1.194188405563551001e+06
-3.104133939963829238e+06
-3.038155722380196949e+03
1.871995374880401418e+06
-7.308731836342602037e+06
4.273308845818972623e+04
4.674845732735562488e+05
-3.064951766232479829e+06
-1.462174878250842812e+04
-3.778222403978600632e+05
-9.608688388974649570e+03
-1.710782978688164847e+06
4.332972790114480071e+06
-2.236642148822336094e+04
-2.501931724832737353e+06
1.027494881464571320e+07
-8.536881093920550484e+04
-5.700399549223601352e+05
4.396726667171422392e+06
9.789747327985583070e+01
-4.265973087748922410e+01
1.534842103790491308e+02
-1.417062076076895437e+03
2.752861414366502686e+03
1.387406469558648894e+02
-1.433658507513588120e+03
2.857741895243075760e+03
4.102510946737612585e+01
-4.236807379746389870e+02
8.503594335657172678e+02
-3.282613124195603138e+00
-9.051130073789078523e+00
-1.241603709712305381e+01
5.546556654798836661e+01
-1.060564485494748652e+02
-1.195310277439020119e+01
7.681604659392809253e+01
-1.553219499859963548e+02
-3.412859429421465585e+00
2.557144386476747755e+01
-5.440943826920243964e+01
-2.515648039629772792e-05
1.975038623343734192e-05
-1.837034904051277270e-05
2.188622176084910133e-05
8.250200537815677261e-05
7.157236797929875548e-06
-5.577981384621731522e-05
1.914224740971071786e-04
5.447315245909449594e-06
-3.220604815814385758e-05
7.973981254066867690e-05
4.331514709695348131e+01
6.386332679188080874e+02
-3.285768747216059182e+01
2.415893826937031463e+03
-5.766875169379177350e+03
-6.185459307173840671e+01
2.953967762459948062e+03
-8.986290575914970759e+03
-2.157143577976204440e+01
9.812158224673428322e+02
-3.239566489593028564e+03
-7.020148634530290477e-02
-1.626960207504489220e-01
-1.872498535859182800e-01
1.138243925294857295e+00
-2.833556660013790474e+00
-1.713863538783275409e-01
1.719898363846785294e+00
-4.539320656879663574e+00
-4.998232375224184038e-02
6.061854409019532541e-01
-1.682847304045567594e+00
9.598830544959525923e+00
-3.970418502790465709e+02
1.620209176531309225e+01
-1.574962822927210482e+03
3.600159398603905174e+03
2.709247101233816224e+01
-1.786324233763648181e+03
5.153292050458000631e+03
1.117571087614837211e+01
-5.778193946303875919e+02
1.808671177123038433e+03
-2.989490517565875083e-02
1.402189766150930605e+00
-7.356038586197924389e-02
8.337057505976471772e-01
2.240009217541465425e-01
-5.520290658332598077e-02
5.667164365891713684e-01
7.186922342541806064e-01
-1.550743585289869782e-02
1.575034291744691339e-01
2.107682639329261087e-01
9.974602521058943960e-01
-7.884449409173906534e-03
-5.904693915640757407e-02
1.395866126925711992e+00
-4.516644014758791847e+00
-5.585340376936705903e-02
1.751664380817694600e+00
-5.990192301783241469e+00
-1.794533950574677544e-02
5.965089886324242974e-01
-2.060890046021772726e+00
1.100000000000000000e+01
9.481526540300395212e+00
3.931895961987991996e+03
-1.739575497425393769e+04
3.132378549232854766e+03
3.439676546221517492e+05
-1.216260300202517770e+06
-7.070040957926014380e+04
1.383840085248206975e+06
-3.966275870905806310e+06
-6.001499608755690133e+04
8.035512502856098581e+05
-2.091703064893140458e+06
-4.010550955090244679e+04
1.122531001019393152e+05
2.356172804560500299e+04
-3.476199072784813587e+06
1.137567494611265510e+07
7.542627540263428818e+05
-1.308476867318543792e+07
3.644760308818671107e+07
5.962696375257065520e+05
-7.427827970881924964e+06
1.892776820582503825e+07
8.320834008493297733e+04
-1.912376356420603697e+05
-2.109158112703716906e+05
8.717850513002680615e+06
-2.691554518556162715e+07
-1.989037667754189111e+06
3.088998269962003455e+07
-8.390097006759892404e+07
-1.453467004411536502e+06
1.706247228880752623e+07
-4.275181966903758794e+07
8.149929276633793851e-01
2.574778399561257203e+00
1.160990975283093807e+00
-2.362807552691236879e+00
6.770975771588415348e+00
7.570983696897506388e-01
-2.725623666834390058e+00
7.114151348769609307e+00
1.766915876424782761e-01
-7.978785279457032420e-01
2.116222459446874371e+00
6.927378479182066083e-03
3.020464406021929407e-02
6.308050338395865091e-03
-1.207393061774858639e-01
2.627181585367889260e-01
3.415166205366984998e-03
-1.077957308313394896e-01
2.709862638007709545e-01
7.374193939682120117e-04
-2.749597255298147358e-02
7.331547068681243395e-02
1.010341382118231435e+00
8.993122001664726828e-04
2.839493620579617850e-01
-4.049741762373574971e+00
1.320785634975237244e+01
1.039627417082270577e-01
-7.025102893007740157e+00
2.478476428482748162e+01
3.093203033292899612e-02
-2.692392986491648266e+00
9.609402715546810470e+00
1.308171308063963867e+00
-5.537729654795066174e-03
-6.782921311809125831e-02
-6.689842408407030705e-01
3.403143379340353381e+00
-5.296574331904723570e-02
-9.923768896180859000e-01
4.820694914031024680e+00
-6.134140508323103827e-03
-3.842931081202021204e-01
1.756172558179401211e+00
2.096551999295542828e+03
1.463749316826155336e+03
1.312549328609852182e+03
1.830733001708211668e+04
-4.353414407461069641e+04
-8.332889543511114425e+02
3.204731997183186832e+04
-1.086094503752085875e+05
4.522513639811220401e+02
8.353439546391713520e+03
-4.453132500373219955e+04
-1.011426132196337858e+04
-4.463232680975137919e+04
-6.541291356823241586e+03
-2.669261055575549835e+05
6.863401000539279776e+05
3.405676475062018653e+03
-4.375408035528220935e+05
1.631856187517534941e+06
-7.463116398666454188e+03
-1.145842093913703720e+05
6.744167685361403273e+05
2.293327630388748366e+04
2.309442063675807149e+05
1.496104845363674576e+04
1.194284093668729998e+06
-3.104162007536862511e+06
-3.038146438789282911e+03
1.871956988890650682e+06
-7.308265804986202158e+06
4.272928714048018446e+04
4.674897529230223154e+05
-3.064841654220238794e+06
-1.462175344626935112e+04
-3.778270756407408626e+05
-9.608699519887186398e+03
-1.710733269925061846e+06
4.332931142354289070e+06
-2.236618859963151772e+04
-2.501883662854158785e+06
1.027547611156022362e+07
-8.537541601376792823e+04
-5.700428040400660830e+05
4.396758148847673088e+06
9.789747327985583070e+01
-4.265973087748922410e+01
1.534842103790491308e+02
-1.417062076076895437e+03
2.752861414366502686e+03
1.387406469558648894e+02
-1.433658507513588120e+03
2.857741895243075760e+03
4.102510946737612585e+01
-4.236807379746389870e+02
8.503594335657172678e+02
-3.282581939806925586e+00
-9.050975561923053192e+00
-1.241584126776729491e+01
5.546320466662053406e+01
-1.060585672248687672e+02
-1.195394625116117204e+01
7.681697624759715382e+01
-1.553201490804042635e+02
-3.412718191858261640e+00
2.557159686315905134e+01
-5.440963289566209937e+01
-2.515724700866667395e-05
1.975041471636370351e-05
-1.836966677861816893e-05
2.188625119773470186e-05
8.250202890550010842e-05
7.157046143351857095e-06
-5.578052544651987665e-05
1.914215447640089636e-04
5.447498700029607069e-06
-3.220565187246881975e-05
7.973998266540884569e-05
4.331514709695348131e+01
6.386332679188080874e+02
-3.285768747216059182e+01
2.415893826937031463e+03
-5.766875169379177350e+03
-6.185459307173840671e+01
2.953967762459948062e+03
-8.986290575914970759e+03
-2.157143577976204440e+01
9.812158224673428322e+02
-3.239566489593028564e+03
-7.020136290725638439e-02
-1.626946861204563444e-01
-1.872444162261577838e-01
1.138210663529697575e+00
-2.833638317200594336e+00
-1.713971324999678525e-01
1.719932663032839093e+00
-4.539114395451198547e+00
-4.998075748289005499e-02
6.061824864418039471e-01
-1.682888193494532780e+00
9.598846678824438428e+00
-3.970321869947051709e+02
1.620207899271194663e+01
-1.575046960634131892e+03
3.600040878399860958e+03
2.709243840349127908e+01
-1.786247767712585755e+03
5.153497899852625778e+03
1.117572837395790586e+01
-5.778271539643671986e+02
1.808640069185511720e+03
-2.989492754262010332e-02
1.402173483085047856e+00
-7.356033487123464498e-02
8.337090449725012009e-01
2.240009838715689150e-01
-5.520290306255161428e-02
5.667153011383455619e-01
7.186916896304866853e-01
-1.550743859988289348e-02
1.575035175300339152e-01
2.107683205703458906e-01
9.974757990669023133e-01
-7.884449161123085331e-03
-5.904696347198282874e-02
1.395862842378318369e+00
-4.516651776546282804e+00
-5.585339072956525125e-02
1.751667293437415340e+00
-5.990185515840810382e+00
-1.794534051521265439e-02
5.965087296773513570e-01
-2.060890601676931499e+00
1.100000000000000000e+01
9.210765232040687422e+00
3.931895612430766960e+03
-1.739575312731495433e+04
3.132379448899035651e+03
3.439685345460612443e+05
-1.216259868957481580e+06
-7.070119906684379384e+04
1.383804906800950179e+06
-3.966314207886731252e+06
-6.001411534305132955e+04
8.035717856799447909e+05
-2.091681407986051403e+06
-4.010550947079221078e+04
1.122531391476135323e+05
2.356173591730027692e+04
-3.476205237304243259e+06
1.137560483413721435e+07
7.542485819944159593e+05
-1.308488979190707207e+07
3.644812275277142972e+07
5.962825164076192304e+05
-7.427750359566400759e+06
1.892761120899895206e+07
8.320834986879525241e+04
-1.912375936277224391e+05
-2.109157489237232949e+05
8.717797942549694330e+06
-2.691574812477011234e+07
-1.989048264990147436e+06
3.089069403660040721e+07
-8.389862478734897077e+07
-1.453460573497287231e+06
1.706212362165554613e+07
-4.275273882234453410e+07
8.149971764388318496e-01
2.574789231947861357e+00
1.160977479908115617e+00
-2.362821788794334577e+00
6.770946243329188263e+00
7.571077651654484209e-01
-2.725592742850323269e+00
7.114204463363137165e+00
1.766907322675666248e-01
-7.978829445169620671e-01
2.116214637353598160e+00
6.927365738071923455e-03
3.020459417150979028e-02
6.308064096808928441e-03
-1.207382910207130400e-01
2.627192336791673855e-01
3.415160310212895720e-03
-1.077969206388430246e-01
2.709845740167045047e-01
7.374198144981453703e-04
-2.749585213783724280e-02
7.331566504207767676e-02
1.010339830451533416e+00
8.993121998872627594e-04
2.839494911170101776e-01
-4.049736036922792159e+00
1.320787053379270581e+01
1.039627187133124742e-01
-7.025125530815762076e+00
2.478469899935339527e+01
3.093203331807464415e-02
-2.692388085917535090e+00
9.609417232534752884e+00
1.308176244942802713e+00
-5.537729635041514949e-03
-6.782923027216763989e-02
-6.689846088152623382e-01
3.403141141643904355e+00
-5.296572786968214291e-02
-9.923756872135591767e-01
4.820701605105829124e+00
-6.134140831095840317e-03
-3.842933922439600858e-01
1.756171149802882026e+00
2.096551999295542828e+03
1.463749316826155336e+03
1.312549328609852182e+03
1.830733001708211668e+04
-4.353414407461069641e+04
-8.332889543511114425e+02
3.204731997183186832e+04
-1.086094503752085875e+05
4.522513639811220401e+02
8.353439546391713520e+03
-4.453132500373219955e+04
-1.011431016477667617e+04
-4.463272974976128899e+04
-6.541289314038477642e+03
-2.669150313522290671e+05
6.863375717376235407e+05
3.405691754077425230e+03
-4.375579206600344623e+05
1.631879655638344120e+06
-7.463280043094860957e+03
-1.145816888533274323e+05
6.744379563826414524e+05
2.293322217486637601e+04
2.309397201631833450e+05
1.496101340189035182e+04
1.194361752432998270e+06
-3.104218621802052949e+06
-3.038138058619217645e+03
1.871917507463433081e+06
-7.307768452694890089e+06
4.272595354503799172e+04
4.674997298799171695e+05
-3.064697512190201320e+06
-1.462175179163039138e+04
-3.778307511893754709e+05
-9.608710626289794163e+03
-1.710696604905256303e+06
4.332869272560101002e+06
-2.236597561961170868e+04
-2.501838691076497547e+06
1.027602193824497983e+07
-8.538129195205219730e+04
-5.700428223543274216e+05
4.396816929757366888e+06
9.789747327985583070e+01
-4.265973087748922410e+01
1.534842103790491308e+02
-1.417062076076895437e+03
2.752861414366502686e+03
1.387406469558648894e+02
-1.433658507513588120e+03
2.857741895243075760e+03
4.102510946737612585e+01
-4.236807379746389870e+02
8.503594335657172678e+02
-3.282557895371193357e+00
-9.050838398595969281e+00
-1.241562483277839135e+01
5.546125306360609386e+01
-1.060602414785262226e+02
-1.195473847544365675e+01
7.681743267664884911e+01
-1.553191230310232527e+02
-3.412588095956597289e+00
2.557176770367297536e+01
-5.440974771191140036e+01
-2.515804934291197411e-05
1.975042980720601626e-05
-1.836901593666106179e-05
2.188628789483484702e-05
8.250209623053343341e-05
7.156869049120979909e-06
-5.578122634899472325e-05
1.914204743798953172e-04
5.447667348414906475e-06
-3.220528474077273621e-05
7.974015635014652611e-05
4.331514709695348131e+01
6.386332679188080874e+02
-3.285768747216059182e+01
2.415893826937031463e+03
-5.766875169379177350e+03
-6.185459307173840671e+01
2.953967762459948062e+03
-8.986290575914970759e+03
-2.157143577976204440e+01
9.812158224673428322e+02
-3.239566489593028564e+03
-7.020120023518226782e-02
-1.626934197728174547e-01
-1.872397212271619260e-01
1.138179783858389804e+00
-2.833711366828958411e+00
-1.714068484982085305e-01
1.719962047088139157e+00
-4.538936021629816686e+00
-4.997932815229755993e-02
6.061802946382013335e-01
-1.682923650137563953e+00
9.598862202907266550e+00
-3.970230431662122328e+02
1.620206628291532880e+01
-1.575124191238391859e+03
3.599934246005359000e+03
2.709240934383233679e+01
-1.786180870969735679e+03
5.153674464804441413e+03
1.117574468497257634e+01
-5.778336058985372574e+02
1.808613929721905834e+03
-2.989494894184242454e-02
1.402158096172828161e+00
-7.356028590566639214e-02
8.337120575834304770e-01
2.240010396519393210e-01
-5.520289984434410130e-02
5.667143132097042235e-01
7.186912251378407834e-01
-1.550744124591865031e-02
1.575035904772344453e-01
2.107683675616225105e-01
9.974904631667235178e-01
-7.884448926519177850e-03
-5.904698533124553422e-02
1.395859900896093464e+00
-4.516658661791183249e+00
-5.585337985388204307e-02
1.751669655585978758e+00
-5.990180312812925401e+00
-1.794534126654217729e-02
5.965085469053601486e-01
-2.060890931591631059e+00
1.100000000000000000e+01
8.985619972287921087e+00
3.931895518447518043e+03
-1.739575118750925321e+04
3.132380094871699384e+03
3.439692872249695938e+05
-1.216259006381003885e+06
-7.070179999539421988e+04
1.383773192518971395e+06
-3.966357880424316041e+06
-6.001342818797211658e+04
8.035906245371896075e+05
-2.091657724907614291e+06
-4.010550330584335461e+04
1.122531777598146582e+05
2.356174050428890405e+04
-3.476212595958689228e+06
1.137555009551520273e+07
7.542392572048974689e+05
-1.308498059233972058e+07
3.644843207606713474e+07
5.962911733752121218e+05
-7.427683797922752798e+06
1.892753903913415223e+07
8.320836562682168733e+04
-1.912375528528741852e+05
-2.109157466470006329e+05
8.717746429821562022e+06
-2.691592208276840672e+07
-1.989051279790446395e+06
3.089138814300236478e+07
-8.389667447062535584e+07
-1.453459651699836599e+06
1.706179042984097824e+07
-4.275350026352450252e+07
8.150012318168441405e-01
2.574799602979418900e+00
1.160964618878145505e+00
-2.362835391655481843e+00
6.770917989333196552e+00
7.571167195150019236e-01
-2.725563206397610294e+00
7.114255252931271478e+00
1.766899166585033376e-01
-7.978871632418871318e-01
2.116207158696163937e+00
6.927352721396886140e-03
3.020454385108993153e-02
6.308078230454216423e-03
-1.207372611773375043e-01
2.627203163654387441e-01
3.415154245391757801e-03
-1.077981305922107030e-01
2.709828671144992596e-01
7.374202470825085573e-04
-2.749572956654302430e-02
7.331586171132933871e-02
1.010338249095918295e+00
8.993121996047992537e-04
2.839496250398411137e-01
-4.049730137743964953e+00
1.320788509330245830e+01
1.039626945870997937e-01
-7.025149151266844250e+00
2.478463107881420058e+01
3.093203647064273962e-02
-2.692382931821849734e+00
9.609432468134983196e+00
1.308181217612780944e+00
-5.537729615319317983e-03
-6.782924762376216221e-02
-6.689849776775043111e-01
3.403138909091427688e+00
-5.296571222240223364e-02
-9.923744795617154280e-01
4.820708296510422208e+00
-6.134141158014270144e-03
-3.842936778699607703e-01
1.756169739301276955e+00
2.096551999295542828e+03
1.463749316826155336e+03
1.312549328609852182e+03
1.830733001708211668e+04
-4.353414407461069641e+04
-8.332889543511114425e+02
3.204731997183186832e+04
-1.086094503752085875e+05
4.522513639811220401e+02
8.353439546391713520e+03
-4.453132500373219955e+04
-1.011434749233893308e+04
-4.463308720883590286e+04
-6.541288452810552371e+03
-2.669048753895902773e+05
6.863342053656887729e+05
3.405706264580132483e+03
-4.375743136888131266e+05
1.631903849609419471e+06
-7.463433483365903157e+03
-1.145790946066309407e+05
6.744596061230192427e+05
2.293319457708045229e+04
2.309358058520564227e+05
1.496097704796894868e+04
1.194431640155564761e+06
-3.104282562923072837e+06
-3.038130085942503229e+03
1.871879735273998464e+06
-7.307274051394762471e+06
4.272281539490485738e+04
4.675107591382436804e+05
-3.064545922477217391e+06
-1.462174651808755698e+04
-3.778338862471854081e+05
-9.608721680041475338e+03
-1.710664930691549089e+06
4.332802876865574159e+06
-2.236577283171370800e+04
-2.501795601843850687e+06
1.027655861284480430e+07
-8.538683651008372544e+04
-5.700420283504006220e+05
4.396883365194402635e+06
9.789747327985583070e+01
-4.265973087748922410e+01
1.534842103790491308e+02
-1.417062076076895437e+03
2.752861414366502686e+03
1.387406469558648894e+02
-1.433658507513588120e+03
2.857741895243075760e+03
4.102510946737612585e+01
-4.236807379746389870e+02
8.503594335657172678e+02
-3.282536184803875656e+00
-9.050709340478993781e+00
-1.241543972564554821e+01
5.545941197810237355e+01
-1.060617488491391640e+02
-1.195544701589821557e+01
7.681791430315729485e+01
-1.553183258379039273e+02
-3.412469670754702644e+00
2.557191804471342422e+01
-5.440983522282036233e+01
-2.515883225394595411e-05
1.975044085690304873e-05
-1.836841513092502161e-05
2.188632226942842184e-05
8.250217118289337158e-05
7.156706225689070246e-06
-5.578187034272098907e-05
1.914194261594659972e-04
5.447822900126731606e-06
-3.220495099100837268e-05
7.974031868059462767e-05
4.331514709695348131e+01
6.386332679188080874e+02
-3.285768747216059182e+01
2.415893826937031463e+03
-5.766875169379177350e+03
-6.185459307173840671e+01
2.953967762459948062e+03
-8.986290575914970759e+03
-2.157143577976204440e+01
9.812158224673428322e+02
-3.239566489593028564e+03
-7.020098307140064386e-02
-1.626921845730774363e-01
-1.872357782386085689e-01
1.138149762344719651e+00
-2.833778853328898339e+00
-1.714156066285122126e-01
1.719989081825684218e+00
-4.538778126391568080e+00
-4.997801117780671654e-02
6.061787862251836190e-01
-1.682954459360710864e+00
9.598877540804650721e+00
-3.970142103402213820e+02
1.620205278965835660e+01
-1.575197454924699741e+03
3.599835340076292141e+03
2.709238516319260981e+01
-1.786120023694745669e+03
5.153830338475948338e+03
1.117575986053187087e+01
-5.778390578002928351e+02
1.808591744170238599e+03
-2.989496991965013423e-02
1.402143269761085387e+00
-7.356023650809290215e-02
8.337148965665955869e-01
2.240010911774670543e-01
-5.520289785768634633e-02
5.667134247641419931e-01
7.186908187319552832e-01
-1.550744377336775275e-02
1.575036513593114085e-01
2.107684068014722967e-01
9.975045838164868783e-01
-7.884448700268548507e-03
-5.904700582933354591e-02
1.395857153549278751e+00
-4.516665050264526471e+00
-5.585337014126467298e-02
1.751671710529712156e+00
-5.990175997619354931e+00
-1.794534186733426351e-02
5.965084104624830408e-01
-2.060891123058933960e+00
1.100000000000000000e+01
8.788912308228976400e+00
3.931895574062614742e+03
-1.739574924095566530e+04
3.132380580613753864e+03
3.439699569653762737e+05
-1.216257884806323098e+06
-7.070227644883624453e+04
1.383744227944210870e+06
-3.966403702427194919e+06
-6.001287399153316073e+04
8.036078955546732759e+05
-2.091633625091344584e+06
-4.010549385141066887e+04
1.122532151058442832e+05
2.356174314458334993e+04
-3.476220117979280651e+06
1.137550648100192100e+07
7.542329407242523739e+05
-1.308505444408401288e+07
3.644860638676216453e+07
5.962971080718477024e+05
-7.427627091371692717e+06
1.892751506556209922e+07
8.320838432494700828e+04
-1.912375138749280304e+05
-2.109157774523870030e+05
8.717697439383219928e+06
-2.691607361400167644e+07
-1.989049919459841913e+06
3.089204987417834997e+07
-8.389500965783356130e+07
-1.453462015204583062e+06
1.706147235930541158e+07
-4.275415490095323324e+07
8.150050973872743354e-01
2.574809528602030273e+00
1.160952377491516252e+00
-2.362848385120005279e+00
6.770890954221879809e+00
7.571252445623056770e-01
-2.725535002493031822e+00
7.114303821518923598e+00
1.766891396204234022e-01
-7.978911922753314512e-01
2.116200007791287252e+00
6.927339512965832377e-03
3.020449318275535838e-02
6.308092641196557174e-03
-1.207362186097205164e-01
2.627214077906409595e-01
3.415148050309969961e-03
-1.077993587551660110e-01
2.709811409047925834e-01
7.374206892492137172e-04
-2.749560497451845192e-02
7.331606099483549410e-02
1.010336641151284409e+00
8.993121993188011405e-04
2.839497634044839680e-01
-4.049724061325307822e+00
1.320790006694110730e+01
1.039626694094429871e-01
-7.025173767510903389e+00
2.478456033963912830e+01
3.093203978137951463e-02
-2.692377520299960469e+00
9.609448464650629518e+00
1.308186212603223764e+00
-5.537729595618855367e-03
-6.782926512132324282e-02
-6.689853475963455365e-01
3.403136676621894452e+00
-5.296569641799633160e-02
-9.923732658486269509e-01
4.820715004178835805e+00
-6.134141488415421027e-03
-3.842939652762330516e-01
1.756168323147997645e+00
2.096551999295542828e+03
1.463749316826155336e+03
1.312549328609852182e+03
1.830733001708211668e+04
-4.353414407461069641e+04
-8.332889543511114425e+02
3.204731997183186832e+04
-1.086094503752085875e+05
4.522513639811220401e+02
8.353439546391713520e+03
-4.453132500373219955e+04
-1.011437552509157831e+04
-4.463341325836011674e+04
-6.541288641216451651e+03
-2.668953041447451687e+05
6.863306159679866396e+05
3.405720321567847350e+03
-4.375900146875065984e+05
1.631927700970493490e+06
-7.463581258460084427e+03
-1.145765466415111296e+05
6.744809856521489564e+05
2.293318804240751342e+04
2.309322783028731064e+05
1.496093961162490268e+04
1.194496986192076467e+06
-3.104347635776064824e+06
-3.038122389388689953e+03
1.871843660020760028e+06
-7.306792853734634817e+06
4.271979697034475976e+04
4.675218272239064681e+05
-3.064394463969921693e+06
-1.462173842621054973e+04
-3.778366637666700990e+05
-9.608732665133991759e+03
-1.710635834321179660e+06
4.332736421718395315e+06
-2.236557744862292748e+04
-2.501754227484429721e+06
1.027707885429923236e+07
-8.539216489092595293e+04
-5.700409955007045064e+05
4.396951583617347293e+06
9.789747327985583070e+01
-4.265973087748922410e+01
1.534842103790491308e+02
-1.417062076076895437e+03
2.752861414366502686e+03
1.387406469558648894e+02
-1.433658507513588120e+03
2.857741895243075760e+03
4.102510946737612585e+01
-4.236807379746389870e+02
8.503594335657172678e+02
-3.282516197675767966e+00
-9.050586627846923804e+00
-1.241528643348229899e+01
5.545763915948901257e+01
-1.060631386196429276e+02
-1.195608125264599586e+01
7.681844534437642835e+01
-1.553176939604584845e+02
-3.412360867856774060e+00
2.557205628357529292e+01
-5.440989340768290106e+01
-2.515959281993389697e-05
1.975044941972715031e-05
-1.836786030824544172e-05
2.188635347826293280e-05
8.250224826945689021e-05
7.156555846687381147e-06
-5.578246211752304251e-05
1.914184082146637076e-04
5.447967556379185119e-06
-3.220464292732057944e-05
7.974047557427389624e-05
4.331514709695348131e+01
6.386332679188080874e+02
-3.285768747216059182e+01
2.415893826937031463e+03
-5.766875169379177350e+03
-6.185459307173840671e+01
2.953967762459948062e+03
-8.986290575914970759e+03
-2.157143577976204440e+01
9.812158224673428322e+02
-3.239566489593028564e+03
-7.020071988858379852e-02
-1.626909774068366066e-01
-1.872324660732004598e-01
1.138120653146994954e+00
-2.833841281923016542e+00
-1.714235809490972373e-01
1.720012964731044258e+00
-4.538639854378575755e+00
-4.997678234559415483e-02
6.061782038505174608e-01
-1.682980608611043705e+00
9.598892704014085453e+00
-3.970056504911796083e+02
1.620203867901496864e+01
-1.575267166037757534e+03
3.599743256294605089e+03
2.709236469083201371e+01
-1.786064947429356380e+03
5.153967234002574514e+03
1.117577428025101405e+01
-5.778434943508063952e+02
1.808573342034577536e+03
-2.989499051103602922e-02
1.402128937186722935e+00
-7.356018692289695293e-02
8.337175801783862639e-01
2.240011389388042728e-01
-5.520289665194604012e-02
5.667126296037273692e-01
7.186904653794684572e-01
-1.550744625432025521e-02
1.575037003705129779e-01
2.107684387030384077e-01
9.975182366988468718e-01
-7.884448481188754271e-03
-5.904702518822918522e-02
1.395854568256110095e+00
-4.516671025200891698e+00
-5.585336141745273625e-02
1.751673504862837349e+00
-5.990172433816401742e+00
-1.794534233149677749e-02
5.965083157476313014e-01
-2.060891190072851042e+00
1.100000000000000000e+01
8.614283323128805847e+00
3.931895717065100598e+03
-1.739574732307877275e+04
3.132380963170362975e+03
3.439705678871588898e+05
-1.216256622058285167e+06
-7.070266856488512713e+04
1.383717547688254388e+06
-3.966449734945045318e+06
-6.001241377573658247e+04
8.036237322193982545e+05
-2.091610019728416810e+06
-4.010548272817523684e+04
1.122532508964376757e+05
2.356174464469994200e+04
-3.476227303005693015e+06
1.137547097717224434e+07
7.542284966858299449e+05
-1.308511900228176266e+07
3.644869377152483165e+07
5.963012690959186293e+05
-7.427578925225187093e+06
1.892751743959648162e+07
8.320840422380609380e+04
-1.912374768488443515e+05
-2.109158252538304660e+05
8.717651586360475048e+06
-2.691620748614190891e+07
-1.989046140465030214e+06
3.089267213965107501e+07
-8.389355809883329272e+07
-1.453466277809658786e+06
1.706116927010731027e+07
-4.275473424041209370e+07
8.150087794706095679e-01
2.574819028095858719e+00
1.160940732675574516e+00
-2.362860797458262496e+00
6.770865076844997610e+00
7.571333574882206374e-01
-2.725508066937108342e+00
7.114350283554925269e+00
1.766883995196582569e-01
-7.978950410053590181e-01
2.116193167465830083e+00
6.927326165402831332e-03
3.020444221996480133e-02
6.308107263944762177e-03
-1.207351648810686962e-01
2.627225083031988762e-01
3.415141752257621222e-03
-1.078006032671674497e-01
2.709793950433637133e-01
7.374211392045860493e-04
-2.749547853142498069e-02
7.331626292973238146e-02
1.010335008560365955e+00
8.993121990290997179e-04
2.839499058662694475e-01
-4.049717809712260141e+00
1.320791546742188771e+01
1.039626432562461150e-01
-7.025199357677533563e+00
2.478448676140139284e+01
3.093204323997668717e-02
-2.692371857553249814e+00
9.609465220882048797e+00
1.308191221855542929e+00
-5.537729575932568912e-03
-6.782928272964963701e-02
-6.689857186056816785e-01
3.403134441539042321e+00
-5.296568048727175182e-02
-9.923720460266038934e-01
4.820721735349806636e+00
-6.134141821733368055e-03
-3.842942544893797052e-01
1.756166899906227874e+00
2.096551999295542828e+03
1.463749316826155336e+03
1.312549328609852182e+03
1.830733001708211668e+04
-4.353414407461069641e+04
-8.332889543511114425e+02
3.204731997183186832e+04
-1.086094503752085875e+05
4.522513639811220401e+02
8.353439546391713520e+03
-4.453132500373219955e+04
-1.011439517146104117e+04
-4.463371310381839430e+04
-6.541289777160794984e+03
-2.668861908676336752e+05
6.863270068231677869e+05
3.405734014163137090e+03
-4.376050850275258417e+05
1.631950862720986130e+06
-7.463724776385536643e+03
-1.145740788692832575e+05
6.745018652872707462e+05
2.293320049810082128e+04
2.309290709966357972e+05
1.496090120939926783e+04
1.194558943889287533e+06
-3.104411858154085930e+06
-3.038114925159926315e+03
1.871809089745478472e+06
-7.306327660571783781e+06
4.271687297467128519e+04
4.675326222089549410e+05
-3.064245650558007881e+06
-1.462172779543198703e+04
-3.778391476365700946e+05
-9.608743584979943989e+03
-1.710608508047734853e+06
4.332671291560349986e+06
-2.236538842300374745e+04
-2.501714468068641145e+06
1.027758105088392273e+07
-8.539731802336635883e+04
-5.700399131875693565e+05
4.397019541051887907e+06
9.789747327985583070e+01
-4.265973087748922410e+01
1.534842103790491308e+02
-1.417062076076895437e+03
2.752861414366502686e+03
1.387406469558648894e+02
-1.433658507513588120e+03
2.857741895243075760e+03
4.102510946737612585e+01
-4.236807379746389870e+02
8.503594335657172678e+02
-3.282497961607468540e+00
-9.050469778391461162e+00
-1.241516051573875146e+01
5.545592635624966960e+01
-1.060644275802189895e+02
-1.195664995513298656e+01
7.681902149792729517e+01
-1.553172017637837143e+02
-3.412260420323939947e+00
2.557218623465949747e+01
-5.440992342035645635e+01
-2.516033522080014350e-05
1.975045573785940290e-05
-1.836734627474837249e-05
2.188638171987109849e-05
8.250232622200675506e-05
7.156416505187333879e-06
-5.578300726278624953e-05
1.914174200915104472e-04
5.448102672175627132e-06
-3.220435638508142444e-05
7.974062930372096932e-05
4.331514709695348131e+01
6.386332679188080874e+02
-3.285768747216059182e+01
2.415893826937031463e+03
-5.766875169379177350e+03
-6.185459307173840671e+01
2.953967762459948062e+03
-8.986290575914970759e+03
-2.157143577976204440e+01
9.812158224673428322e+02
-3.239566489593028564e+03
-7.020041799712199715e-02
-1.626897974141650327e-01
-1.872297034807530458e-01
1.138092453893128519e+00
-2.833899087438887410e+00
-1.714308711990439327e-01
1.720033656318787463e+00
-4.538519673673573784e+00
-4.997562957848442067e-02
6.061785507116744798e-01
-1.683002408958638396e+00
9.598907673104363880e+00
-3.969973459823305006e+02
1.620202408599120503e+01
-1.575333596279430367e+03
3.599657359809647915e+03
2.709234731793783268e+01
-1.786015208118267537e+03
5.154086887885308897e+03
1.117578809235575577e+01
-5.778469814352918092e+02
1.808558413157155655e+03
-2.989501070900686328e-02
1.402115064649126053e+00
-7.356013735414690391e-02
8.337201211189401162e-01
2.240011832906977640e-01
-5.520289603303823317e-02
5.667119200123604816e-01
7.186901600971682402e-01
-1.550744870962695969e-02
1.575037383992201334e-01
2.107684638984246572e-01
9.975314539526320967e-01
-7.884448268745606128e-03
-5.904704351058509548e-02
1.395852129062640445e+00
-4.516676629201340276e+00
-5.585335358330361516e-02
1.751675066867147468e+00
-5.990169536079040569e+00
-1.794534267119951565e-02
5.965082587181927964e-01
-2.060891145208970432e+00
1.100000000000000000e+01
8.457838545734656321e+00
3.931895911733438879e+03
-1.739574544187435094e+04
3.132381277129590217e+03
3.439711324538668268e+05
-1.216255298857577844e+06
-7.070300152141564467e+04
1.383692840227409499e+06
-3.966494822821544018e+06
-6.001202228158034995e+04
8.036382632466385840e+05
-2.091587396518463735e+06
-4.010547084760606231e+04
1.122532851331598504e+05
2.356174548433814198e+04
-3.476233952304952312e+06
1.137544142329194210e+07
7.542252269218791043e+05
-1.308517849688894860e+07
3.644872500061943382e+07
5.963042574592413148e+05
-7.427538025426805951e+06
1.892753336566036940e+07
8.320842436398101563e+04
-1.912374417163906037e+05
-2.109158806523838721e+05
8.717609009427713230e+06
-2.691632722051825002e+07
-1.989041122845189646e+06
3.089325254786786810e+07
-8.389227141751578450e+07
-1.453471579696624773e+06
1.706088106235478073e+07
-4.275525780853556097e+07
8.150122858903251499e-01
2.574828122292425636e+00
1.160929657030203455e+00
-2.362872658745091670e+00
6.770840294458225550e+00
7.571410781050973426e-01
-2.725482332124964380e+00
7.114394755902590184e+00
1.766876945175543390e-01
-7.978987192354084490e-01
2.116186620244541849e+00
6.927312712502423954e-03
3.020439099981431924e-02
6.308122054194266470e-03
-1.207341013005862884e-01
2.627236177343996171e-01
3.415135370774138087e-03
-1.078018623698997758e-01
2.709776302436314732e-01
7.374215956033162728e-04
-2.749535041896562088e-02
7.331646740617105140e-02
1.010333352730330869e+00
8.993121987356170318e-04
2.839500521241781761e-01
-4.049711388485479624e+00
1.320793129129048360e+01
1.039626161999467197e-01
-7.025225879854336775e+00
2.478441041890130592e+01
3.093204683579110423e-02
-2.692365955343668293e+00
9.609482711049341930e+00
1.308196240433735280e+00
-5.537729556255244039e-03
-6.782930042368141843e-02
-6.689860906544281560e-01
3.403132202622900948e+00
-5.296566445433088105e-02
-9.923708204828384227e-01
4.820728492100039730e+00
-6.134142157480974855e-03
-3.842945453971590708e-01
1.756165469347733321e+00
2.096551999295542828e+03
1.463749316826155336e+03
1.312549328609852182e+03
1.830733001708211668e+04
-4.353414407461069641e+04
-8.332889543511114425e+02
3.204731997183186832e+04
-1.086094503752085875e+05
4.522513639811220401e+02
8.353439546391713520e+03
-4.453132500373219955e+04
-1.011440694467319918e+04
-4.463398919972674048e+04
-6.541291775985519962e+03
-2.668774759428524412e+05
6.863234509323962266e+05
3.405747366445585158e+03
-4.376195825059807976e+05
1.631973228065558244e+06
-7.463864507376911206e+03
-1.145716993544263823e+05
6.745221715155100683e+05
2.293323086574481204e+04
2.309261538508358644e+05
1.496086192148385089e+04
1.194618006312104873e+06
-3.104474567453662865e+06
-3.038107675624984950e+03
1.871775845076741651e+06
-7.305878902270341292e+06
4.271403348701848881e+04
4.675430469491332769e+05
-3.064100394650544040e+06
-1.462171475655092036e+04
-3.778413655132916174e+05
-9.608754447249208170e+03
-1.710582644895508653e+06
4.332607914566376247e+06
-2.236520524571092756e+04
-2.501676228463332169e+06
1.027806532021525502e+07
-8.540231380293982511e+04
-5.700388510200969176e+05
4.397086423722361214e+06
9.789747327985583070e+01
-4.265973087748922410e+01
1.534842103790491308e+02
-1.417062076076895437e+03
2.752861414366502686e+03
1.387406469558648894e+02
-1.433658507513588120e+03
2.857741895243075760e+03
4.102510946737612585e+01
-4.236807379746389870e+02
8.503594335657172678e+02
-3.282481614740131004e+00
-9.050358602793945551e+00
-1.241505729229165134e+01
5.545427217897188399e+01
-1.060656248357044973e+02
-1.195716024132075184e+01
7.681963801651835411e+01
-1.553168294106255303e+02
-3.412167464754516821e+00
2.557230901904312859e+01
-5.440992840974789146e+01
-2.516106449343347018e-05
1.975045976332392137e-05
-1.836686830393134679e-05
2.188640735949205871e-05
8.250240471121575664e-05
7.156287086357589726e-06
-5.578351032774087889e-05
1.914164612804471601e-04
5.448229209145745742e-06
-3.220408892447685728e-05
7.974078034635528824e-05
4.331514709695348131e+01
6.386332679188080874e+02
-3.285768747216059182e+01
2.415893826937031463e+03
-5.766875169379177350e+03
-6.185459307173840671e+01
2.953967762459948062e+03
-8.986290575914970759e+03
-2.157143577976204440e+01
9.812158224673428322e+02
-3.239566489593028564e+03
-7.020008324417700840e-02
-1.626886438227147513e-01
-1.872274309684606175e-01
1.138065113424486352e+00
-2.833952697676590748e+00
-1.714375440087380631e-01
1.720051436084410579e+00
-4.538415815572611756e+00
-4.997454569559594412e-02
6.061797434745330726e-01
-1.683020273372846987e+00
9.598922429615141638e+00
-3.969892833761695101e+02
1.620200910466441968e+01
-1.575397000105671168e+03
3.599577088146329515e+03
2.709233271264823983e+01
-1.785970291634123669e+03
5.154191045127433426e+03
1.117580135157863808e+01
-5.778496132503765921e+02
1.808546607299190782e+03
-2.989503050533416639e-02
1.402101625616260616e+00
-7.356008792235088634e-02
8.337225310936768885e-01
2.240012245478863184e-01
-5.520289593144019763e-02
5.667112875614495060e-01
7.186898979686464628e-01
-1.550745114002967384e-02
1.575037665585921065e-01
2.107684830745492621e-01
9.975442571755256393e-01
-7.884448062567927032e-03
-5.904706086964500028e-02
1.395849824213306833e+00
-4.516681894100621264e+00
-5.585334655654822233e-02
1.751676420253713840e+00
-5.990167232228975180e+00
-1.794534289884899825e-02
5.965082353594074460e-01
-2.060891000957808750e+00
1.100000000000000000e+01
8.316754787997203024e+00
3.931896138041161066e+03
-1.739574359186879883e+04
3.132381543422099185e+03
3.439716567162012798e+05
-1.216253970409153961e+06
-7.070329123519700079e+04
1.383669887505123625e+06
-3.966538300621613860e+06
-6.001168290200540650e+04
8.036516082108818227e+05
-2.091565991070815362e+06
-4.010545870243870013e+04
1.122533179573582747e+05
2.356174594518015147e+04
-3.476240029089014977e+06
1.137541625327785313e+07
7.542227030637250282e+05
-1.308523515962952003e+07
3.644871987448127568e+07
5.963064561180527089e+05
-7.427503237055635080e+06
1.892755550651283562e+07
8.320844424509209057e+04
-1.912374083189684898e+05
-2.109159382876472373e+05
8.717569597274817526e+06
-2.691643545956712216e+07
-1.989035569820042467e+06
3.089379134332076460e+07
-8.389111653220698237e+07
-1.453477389789115870e+06
1.706060758226367459e+07
-4.275573783337122202e+07
8.150156251938243113e-01
2.574836832500352113e+00
1.160919121293788825e+00
-2.362883999363849075e+00
6.770816544959506800e+00
7.571484272408565142e-01
-2.725457730257964339e+00
7.114437353723164215e+00
1.766870227060538534e-01
-7.979022367422264894e-01
2.116180348957517943e+00
6.927299176838356935e-03
3.020433955128125694e-02
6.308136980209736941e-03
-1.207330290176177878e-01
2.627247355994538069e-01
3.415128920438273256e-03
-1.078031344084379312e-01
2.709758478095802836e-01
7.374220573977190120e-04
-2.749522081941489782e-02
7.331667423558031749e-02
1.010331674864132889e+00
8.993121984383802957e-04
2.839502019024618407e-01
-4.049704805450322631e+00
1.320794752505538838e+01
1.039625883097490544e-01
-7.025253281166699004e+00
2.478433144109355624e+01
3.093205055825809513e-02
-2.692359828294798696e+00
9.609500896064281150e+00
1.308201265130382929e+00
-5.537729536583958605e-03
-6.782931818455226192e-02
-6.689864636367383044e-01
3.403129959580455388e+00
-5.296564833880049866e-02
-9.923695898461313281e-01
4.820735273474333837e+00
-6.134142495232829985e-03
-3.842948378138539844e-01
1.756164031927363256e+00
2.096551999295542828e+03
1.463749316826155336e+03
1.312549328609852182e+03
1.830733001708211668e+04
-4.353414407461069641e+04
-8.332889543511114425e+02
3.204731997183186832e+04
-1.086094503752085875e+05
4.522513639811220401e+02
8.353439546391713520e+03
-4.453132500373219955e+04
-1.011441124464051791e+04
-4.463424311923704227e+04
-6.541294559987641151e+03
-2.668691227743632626e+05
6.863199780878303573e+05
3.405760383132129391e+03
-4.376335585536107537e+05
1.631994771383120446e+06
-7.464000628600678283e+03
-1.145694080064925947e+05
6.745418838116686093e+05
2.293327833333937815e+04
2.309235082471995847e+05
1.496082182339717656e+04
1.194674447384987259e+06
-3.104535532851192635e+06
-3.038100631555241307e+03
1.871743773292777827e+06
-7.305446251214947551e+06
4.271127355930754129e+04
4.675530742096863687e+05
-3.063959055019711144e+06
-1.462169940322739421e+04
-3.778433338495253120e+05
-9.608765258394972989e+03
-1.710558098856023047e+06
4.332546410029821098e+06
-2.236502759174305902e+04
-2.501639415413444862e+06
1.027853230298374221e+07
-8.540716244567469403e+04
-5.700378385239994386e+05
4.397151850444526412e+06
9.789747327985583070e+01
-4.265973087748922410e+01
1.534842103790491308e+02
-1.417062076076895437e+03
2.752861414366502686e+03
1.387406469558648894e+02
-1.433658507513588120e+03
2.857741895243075760e+03
4.102510946737612585e+01
-4.236807379746389870e+02
8.503594335657172678e+02
-3.282467286722858812e+00
-9.050252966719092740e+00
-1.241497256827009643e+01
5.545267657947409390e+01
-1.060667371340910705e+02
-1.195761815646493886e+01
7.682029087738149542e+01
-1.553165598682677455e+02
-3.412081317443866890e+00
2.557242489016752529e+01
-5.440991186988134132e+01
-2.516178521255705243e-05
1.975046140407140256e-05
-1.836642223639765721e-05
2.188643076411016637e-05
8.250248365471063200e-05
7.156166645175081930e-06
-5.578397518720367814e-05
1.914155313539050854e-04
5.448347946040793173e-06
-3.220383878637825503e-05
7.974092862036115457e-05
4.331514709695348131e+01
6.386332679188080874e+02
-3.285768747216059182e+01
2.415893826937031463e+03
-5.766875169379177350e+03
-6.185459307173840671e+01
2.953967762459948062e+03
-8.986290575914970759e+03
-2.157143577976204440e+01
9.812158224673428322e+02
-3.239566489593028564e+03
-7.019972049966932692e-02
-1.626875158088276208e-01
-1.872255997306341846e-01
1.138038568974397480e+00
-2.834002508969115208e+00
-1.714436521451519757e-01
1.720066649217820265e+00
-4.538326578764526609e+00
-4.997352535271653434e-02
6.061816815916963863e-01
-1.683034612093667892e+00
9.598936959486891851e+00
-3.969814504864700666e+02
1.620199380772518438e+01
-1.575457613646820619e+03
3.599501935068205057e+03
2.709232064439972376e+01
-1.785929699488112419e+03
5.154281323593087109e+03
1.117581408374179830e+01
-5.778514845180943666e+02
1.808537589697430121e+03
-2.989504989546714481e-02
1.402088596095580897e+00
-7.356003870802453604e-02
8.337248208481025102e-01
2.240012629932938981e-01
-5.520289631708821115e-02
5.667107242527688049e-01
7.186896744636157575e-01
-1.550745354093101963e-02
1.575037859373348004e-01
2.107684968810381032e-01
9.975566651915362959e-01
-7.884447862332976883e-03
-5.904707732775256457e-02
1.395847643682656791e+00
-4.516686847099386171e+00
-5.585334026486384051e-02
1.751677585828750772e+00
-5.990165458861643977e+00
-1.794534302600703235e-02
5.965082419673111147e-01
-2.060890768830153874e+00
1.100000000000000000e+01
8.188827491374862433e+00
3.931896385076866864e+03
-1.739574176206991615e+04
3.132381774754025628e+03
3.439721434040657477e+05
-1.216252674198663794e+06
-7.070354791197774466e+04
1.383648527922185836e+06
-3.966579807688775472e+06
-6.001138449360870436e+04
8.036638759556229925e+05
-2.091545891948486911e+06
-4.010544654356097453e+04
1.122533495643922652e+05
2.356174619030956455e+04
-3.476245576561444439e+06
1.137539432074265555e+07
7.542206621113272849e+05
-1.308529008804020658e+07
3.644869123502489179e+07
5.963081113069024868e+05
-7.427473553936677985e+06
1.892757977174855769e+07
8.320846363056563132e+04
-1.912373764614920947e+05
-2.109159952063863166e+05
8.717533120883231983e+06
-2.691653421756320074e+07
-1.989029893896991853e+06
3.089429016976250708e+07
-8.389007021035817266e+07
-1.453483381861863192e+06
1.706034858342408389e+07
-4.275618213309638202e+07
8.150188061655572191e-01
2.574845179849852617e+00
1.160909095836959892e+00
-2.362894849137895825e+00
6.770793768131015078e+00
7.571554257799997245e-01
-2.725434195156300810e+00
7.114478188249292678e+00
1.766863821868491224e-01
-7.979056030313248504e-01
2.116174337061103916e+00
6.927285574344604034e-03
3.020428789973035599e-02
6.308152018222574521e-03
-1.207319490766621956e-01
2.627258612255022330e-01
3.415122412611252926e-03
-1.078044178280944676e-01
2.709740493530173877e-01
7.374225237415162493e-04
-2.749508990949464660e-02
7.331688319117665720e-02
1.010329976122464224e+00
8.993121981374670301e-04
2.839503549414280625e-01
-4.049698069748887796e+00
1.320796414914708983e+01
1.039625596516413480e-01
-7.025281503406800354e+00
2.478424998582148930e+01
3.093205439713505797e-02
-2.692353492271166715e+00
9.609519730310859487e+00
1.308206293654703201e+00
-5.537729516917936322e-03
-6.782933599719238871e-02
-6.689868374120281347e-01
3.403127712696794926e+00
-5.296563215725773321e-02
-9.923683548702926238e-01
4.820742076787564834e+00
-6.134142834612603401e-03
-3.842951315187696504e-01
1.756162588467711450e+00
2.096551999295542828e+03
1.463749316826155336e+03
1.312549328609852182e+03
1.830733001708211668e+04
-4.353414407461069641e+04
-8.332889543511114425e+02
3.204731997183186832e+04
-1.086094503752085875e+05
4.522513639811220401e+02
8.353439546391713520e+03
-4.453132500373219955e+04
-1.011440844278048098e+04
-4.463447614002753835e+04
-6.541298054972881800e+03
-2.668611035819552490e+05
6.863166027652701596e+05
3.405773063650738550e+03
-4.376470584517832031e+05
1.632015496221150039e+06
-7.464133225850721828e+03
-1.145672021526919561e+05
6.745610014748118119e+05
2.293334213889111197e+04
2.309211192402218003e+05
1.496078099477710202e+04
1.194728462711390108e+06
-3.104594672008055728e+06
-3.038093786564372294e+03
1.871712746790378354e+06
-7.305029140602014028e+06
4.270858993698460108e+04
4.675627006836500368e+05
-3.063821775643735193e+06
-1.462168182476093716e+04
-3.778450656712270575e+05
-9.608776022336440292e+03
-1.710534777283314615e+06
4.332486794168389402e+06
-2.236485520774504039e+04
-2.501603938088637777e+06
1.027898278068268672e+07
-8.541187136254222423e+04
-5.700368906177161261e+05
4.397215613200034946e+06
9.789747327985583070e+01
-4.265973087748922410e+01
1.534842103790491308e+02
-1.417062076076895437e+03
2.752861414366502686e+03
1.387406469558648894e+02
-1.433658507513588120e+03
2.857741895243075760e+03
4.102510946737612585e+01
-4.236807379746389870e+02
8.503594335657172678e+02
-3.282455070910984762e+00
-9.050152727134930686e+00
-1.241490274238826430e+01
5.545113942059458623e+01
-1.060677703658203939e+02
-1.195802897558144906e+01
7.682097658173286447e+01
-1.553163782834565723e+02
-3.412001391440089293e+00
2.557253388728915766e+01
-5.440987707303019505e+01
-2.516250121785600105e-05
1.975046058958091904e-05
-1.836600443477079807e-05
2.188645226355551105e-05
8.250256302623539266e-05
7.156054353897394866e-06
-5.578440525540776337e-05
1.914146298475121930e-04
5.448459556044142113e-06
-3.220360451733182564e-05
7.974107391552290726e-05
4.331514709695348131e+01
6.386332679188080874e+02
-3.285768747216059182e+01
2.415893826937031463e+03
-5.766875169379177350e+03
-6.185459307173840671e+01
2.953967762459948062e+03
-8.986290575914970759e+03
-2.157143577976204440e+01
9.812158224673428322e+02
-3.239566489593028564e+03
-7.019933390820211339e-02
-1.626864125018390728e-01
-1.872241674313803173e-01
1.138012759472136759e+00
-2.834048879138898247e+00
-1.714492412786288722e-01
1.720079624566355658e+00
-4.538250418563903210e+00
-4.997256400596343517e-02
6.061842691902548097e-01
-1.683045801530419050e+00
9.598951253117704141e+00
-3.969738356454096788e+02
1.620197825501171707e+01
-1.575515653215227530e+03
3.599431444711793119e+03
2.709231092241952510e+01
-1.785892978386473033e+03
5.154359178431282089e+03
1.117582630713174296e+01
-5.778526820630522707e+02
1.808531056788559908e+03
-2.989506887894169754e-02
1.402075953409392284e+00
-7.355998977053927745e-02
8.337270001619142556e-01
2.240012988813568917e-01
-5.520289717024863541e-02
5.667102228534913744e-01
7.186894855149876804e-01
-1.550745590718585754e-02
1.575037975264341472e-01
2.107685059050793674e-01
9.975686961506426975e-01
-7.884447667734833728e-03
-5.904709294161265831e-02
1.395845578447996171e+00
-4.516691512594850799e+00
-5.585333464387850361e-02
1.751678582022537567e+00
-5.990164159900320584e+00
-1.794534306305320057e-02
5.965082752299468716e-01
-2.060890459106778483e+00
1.100000000000000000e+01
8.072268296523297693e+00
3.931896647103960731e+03
-1.739573994025297725e+04
3.132381978917467222e+03
3.439725936860936345e+05
-1.216251435289268615e+06
-7.070377823653561063e+04
1.383628634118480142e+06
-3.966619172378568910e+06
-6.001111938364971866e+04
8.036751644786677789e+05
-2.091527104175999528e+06
-4.010543448580805125e+04
1.122533801576060941e+05
2.356174631254380802e+04
-3.476250671561355703e+06
1.137537477930779569e+07
7.542189421097302111e+05
-1.308534375780693628e+07
3.644864748869591951e+07
5.963093832812391920e+05
-7.427448121164051816e+06
1.892760397569340095e+07
8.320848243100002583e+04
-1.912373459465281630e+05
-2.109160498708592204e+05
8.717499307928087190e+06
-2.691662505312320217e+07
-1.989024331351808505e+06
3.089475134478631988e+07
-8.388911562954466045e+07
-1.453489357372815255e+06
1.706010372037849948e+07
-4.275659587477351725e+07
8.150218375292139772e-01
2.574853184897891278e+00
1.160899551547460273e+00
-2.362905236836589928e+00
6.770771906315494526e+00
7.571620941070552613e-01
-2.725411663257531369e+00
7.114517365620216083e+00
1.766857711165620570e-01
-7.979088272053251885e-01
2.116168568801480188e+00
6.927271917030700978e-03
3.020423606919059312e-02
6.308167149510029298e-03
-1.207308624478084375e-01
2.627269938344336531e-01
3.415115856518196030e-03
-1.078057111707124704e-01
2.709722366222783729e-01
7.374229939286946122e-04
-2.749495785722560343e-02
7.331709403180936002e-02
1.010328257692268750e+00
8.993121978330175306e-04
2.839505109932130567e-01
-4.049691191251969968e+00
1.320798114050341709e+01
1.039625302883468716e-01
-7.025310486521790132e+00
2.478416622426207994e+01
3.093205834263906134e-02
-2.692346963414167682e+00
9.609539165697599472e+00
1.308211324177085855e+00
-5.537729497258231902e-03
-6.782935384890377561e-02
-6.689872118187252248e-01
3.403125462611155783e+00
-5.296561592412119684e-02
-9.923671163632217240e-01
4.820748898421371109e+00
-6.134143175283717983e-03
-3.842954262787721675e-01
1.756161139970995100e+00
2.096551999295542828e+03
1.463749316826155336e+03
1.312549328609852182e+03
1.830733001708211668e+04
-4.353414407461069641e+04
-8.332889543511114425e+02
3.204731997183186832e+04
-1.086094503752085875e+05
4.522513639811220401e+02
8.353439546391713520e+03
-4.453132500373219955e+04
-1.011439890514522995e+04
-4.463468942667247757e+04
-6.541302189423982782e+03
-2.668533947183795972e+05
6.863133332845863188e+05
3.405785406504911407e+03
-4.376601219836802338e+05
1.632035417871692684e+06
-7.464262357502480882e+03
-1.145650783362404909e+05
6.745795324160214514e+05
2.293342151334981827e+04
2.309189731549240532e+05
1.496073952039729193e+04
1.194780215237815399e+06
-3.104651958640000317e+06
-3.038087135322391532e+03
1.871682659782369388e+06
-7.304626934146383777e+06
4.270598000238927489e+04
4.675719319464722066e+05
-3.063688601179315709e+06
-1.462166211445575027e+04
-3.778465729537996231e+05
-9.608786740470464792e+03
-1.710512606548129115e+06
4.332429046857465990e+06
-2.236468787471466567e+04
-2.501569708594191354e+06
1.027941755338121764e+07
-8.541644675341997936e+04
-5.700360160549017601e+05
4.397277588077642024e+06
9.789747327985583070e+01
-4.265973087748922410e+01
1.534842103790491308e+02
-1.417062076076895437e+03
2.752861414366502686e+03
1.387406469558648894e+02
-1.433658507513588120e+03
2.857741895243075760e+03
4.102510946737612585e+01
-4.236807379746389870e+02
8.503594335657172678e+02
-3.282445021942320906e+00
-9.050057718724509925e+00
-1.241484477280022780e+01
5.544966014110750763e+01
-1.060687300095739261e+02
-1.195839735652620739e+01
7.682169201473440978e+01
-1.553162716627602151e+02
-3.411927165335070011e+00
2.557263603827500731e+01
-5.440982692621954442e+01
-2.516321562393561347e-05
1.975045728462574611e-05
-1.836561172203093781e-05
2.188647214411147310e-05
8.250264280151505013e-05
7.155949477459760351e-06
-5.578480358693589181e-05
1.914137562222632003e-04
5.448564637075978179e-06
-3.220338483835917428e-05
7.974121602662097015e-05
4.331514709695348131e+01
6.386332679188080874e+02
-3.285768747216059182e+01
2.415893826937031463e+03
-5.766875169379177350e+03
-6.185459307173840671e+01
2.953967762459948062e+03
-8.986290575914970759e+03
-2.157143577976204440e+01
9.812158224673428322e+02
-3.239566489593028564e+03
-7.019892702658779571e-02
-1.626853329983974916e-01
-1.872230965128378610e-01
1.137987629140216672e+00
-2.834092128564055901e+00
-1.714543523909719258e-01
1.720090653678892911e+00
-4.538185958563975220e+00
-4.997165756616181453e-02
6.061874206711762580e-01
-1.683054178439518545e+00
9.598965304811912347e+00
-3.969664275298384268e+02
1.620196249708400416e+01
-1.575571316158279615e+03
3.599365206283728639e+03
2.709230337575608871e+01
-1.785859724618566133e+03
5.154425905554368910e+03
1.117583803888732241e+01
-5.778532831650760500e+02
1.808526737972197225e+03
-2.989508745890975469e-02
1.402063675861882075e+00
-7.355994115547692669e-02
8.337290779142579877e-01
2.240013324410619067e-01
-5.520289847279366557e-02
5.667097769244845429e-01
7.186893275020082017e-01
-1.550745823443378663e-02
1.575038022073271815e-01
2.107685106696863819e-01
9.975803680183061850e-01
-7.884447478476337701e-03
-5.904710776398632704e-02
1.395843620232811277e+00
-4.516695912851846906e+00
-5.585332963604021372e-02
1.751679425216803754e+00
-5.990163285629474643e+00
-1.794534301918557229e-02
5.965083322181139458e-01
-2.060890080869243857e+00
1.100000000000000000e+01
7.965629292090770086e+00
